﻿date,value,增减
2025-05-06,16272,0.0
2025-05-07,26008,9736.0
2025-05-08,27388,1380.0
2025-05-09,29734,2346.0
2025-05-12,31366,1632.0
2025-05-13,30498,-868.0
2025-05-14,30398,-100.0
2025-05-15,30098,-300.0
2025-05-16,29758,-340.0
2025-05-19,29583,-175.0
2025-05-20,30236,653.0
2025-05-21,30736,500.0
2025-05-22,30136,-600.0
2025-05-23,30529,393.0
2025-05-26,29983,-546.0
2025-05-27,29794,-189.0
2025-05-28,29218,-576.0
2025-05-29,28233,-985.0
2025-05-30,27143,-1090.0
2025-06-03,26667,-476.0
2025-06-04,25660,-1007.0
2025-06-05,25288,-372.0
2025-06-06,24487,-801.0
2025-06-09,23518,-969.0
2025-06-10,22281,-1237.0
2025-06-11,22057,-224.0
2025-06-12,21733,-324.0
2025-06-13,21350,-383.0
2025-06-16,20657,-693.0
2025-06-17,20407,-250.0
2025-06-18,20357,-50.0
2025-06-19,20127,-230.0
2025-06-20,19811,-316.0
2025-06-23,20124,313.0
2025-06-24,19937,-187.0
2025-06-25,19849,-88.0
2025-06-26,19702,-147.0
2025-06-27,17673,-2029.0
2025-06-30,17512,-161.0
2025-07-01,17500,-12.0
2025-07-02,17291,-209.0
2025-07-03,16434,-857.0
2025-07-04,16355,-79.0
2025-07-07,16265,-90.0
2025-07-08,16303,38.0
2025-07-09,16024,-279.0
2025-07-10,15774,-250.0
2025-07-11,16147,373.0
2025-07-14,15937,-210.0
2025-07-15,15857,-80.0
2025-07-16,15357,-500.0
2025-07-17,15287,-70.0
2025-07-18,15274,-13.0
2025-07-21,14784,-490.0
2025-07-22,14684,-100.0
2025-07-23,14522,-162.0
2025-07-24,14302,-220.0
2025-07-25,14302,0.0
2025-07-28,14282,-20.0
2025-07-29,13561,-721.0
2025-07-30,13561,0.0
2025-07-31,13557,-4.0
2025-08-01,13402,-155.0
2025-08-04,13688,286.0
2025-08-05,13678,-10.0
2025-08-06,13621,-57.0
2025-08-07,13573,-48.0
2025-08-08,13573,0.0
2025-08-11,13123,-450.0
2025-08-12,12865,-258.0
2025-08-13,12865,0.0
2025-08-14,12802,-63.0
2025-08-15,12792,-10.0
2025-08-18,12632,-160.0
2025-08-19,12497,-135.0
2025-08-20,12397,-100.0
2025-08-21,12197,-200.0
2025-08-22,12197,0.0
2025-08-25,12082,-115.0
2025-08-26,11716,-366.0
2025-08-27,11705,-11.0
2025-08-28,11545,-160.0
2025-08-29,8990,-2555.0
2025-09-01,8825,-165.0
2025-09-02,8559,-266.0
2025-09-03,8574,15.0
2025-09-04,8510,-64.0
2025-09-05,8460,-50.0
2025-09-08,7996,-464.0
2025-09-09,7817,-179.0
2025-09-10,7807,-10.0
2025-09-11,7967,160.0
2025-09-12,7952,-15.0
2025-09-15,7952,0.0
2025-09-16,7952,0.0
2025-09-17,7922,-30.0
2025-09-18,7878,-44.0
2025-09-19,7628,-250.0
