时间,涨跌,涨跌幅,成交额,MA5,MA10,MA20,MA60,EMA20,ATR14,RSI14,MACD,MACD_SIGNAL,MACD_HIST,BOLL_UP,BOLL_LOW,BOLL_MID,BOLL_WIDTH,WILLIAMS_R14,KDJ_K,KDJ_D,KDJ_J,CCI20,PLUS_DI14,MINUS_DI14,ADX14,STOCH_RSI,PSAR,HHV20,LLV20,BREAKOUT_LONG20,BREAKOUT_SHORT20,VOL_MA20,OBV,VWAP20,BUY_PRESSURE,SELL_PRESSURE,PRICE_EFFICIENCY,LIQUIDITY_RATIO,DRAWDOWN_20,MAX_DRAWDOWN_20,SHARPE_RATIO_20,VAR_95_1D,RSI_UPPER_DYNAMIC,RSI_LOWER_DYNAMIC,PANIC_INDEX,MARKET_BREADTH,OI_MA20,OI_CHANGE,OI_CHANGE_PCT,OI_CONCENTRATION,ROLLOVER_PRESSURE,MONEY_FLOW_DIRECTION,PRICE_OI_DIVERGENCE
2012-12-05,,,,1311.0,1311.0,1311.0,1311.0,1311.0,30.0,0.0,0.0,0.0,0.0,1311.0,1311.0,1311.0,0.0,-50.0,50.0,50.0,50.0,0.0,0.0,0.0,0.0,0.0,1311.0,1311.0,1311.0,0,0,686543.0,0,1311.0,0.5,0.5,0.0,22884766.666666668,0.0,0.0,,0.0,0.0,0.0,0.0,0.0,0.0,0.0,0.0,,6865430000000000.0,0.0,0.0
2012-12-06,,,,1321.0,1321.0,1321.0,1321.0,1312.904761904762,32.0,99.999999999,1.5954415954415708,0.3190883190883142,1.2763532763532566,1349.284271247462,1292.715728752538,1321.0,56.568542494923804,-28.571428571428573,57.14285714285714,52.38095238095238,66.66666666666666,35.35533905932738,29.6875,0.0,50.0,100.0,1296.0,1331.0,1311.0,1,0,724906.5,763270,1320.4762979777393,0.5882352941176471,0.4117647058823529,0.5882352941176471,22449117.647058826,0.0,0.0,11.224972160321823,0.07627765064835978,79.9999999992,19.9999999998,0.0,0.5,0.0,0.0,0.0,0.0,7249065000000000.0,0.0,0.0
2012-12-07,,,,1322.3333333333333,1322.3333333333333,1322.3333333333333,1322.3333333333333,1314.0566893424036,27.333333333333332,76.92307692307693,2.348617300184287,0.7249941153075088,1.6236231848767784,1342.859739091121,1301.8069275755456,1322.3333333333333,41.052811515575286,-40.816326530612244,57.82312925170068,54.19501133786848,65.07936507936509,25.480170271686205,23.17073170731707,0.0,66.66666666666667,76.92307692384617,1345.0,1331.0,1311.0,0,0,650805.6666666666,260666,1322.3272898839405,0.2777777777777778,0.7222222222222222,0.3333333333333333,27922444.444444444,-0.4507888805409421,-0.4507888805409421,5.490913587692388,-0.4057099924868479,90.76923076863078,30.769230769230774,0.0,0.6666666666666666,0.0,0.0,0.0,0.0,6508056666666667.0,0.0,0.0
2012-12-10,,,,1324.5,1324.5,1324.5,1324.5,1315.6703379764606,25.75,81.25,3.390579834667051,1.2581112591794175,2.1324685754876334,1343.3679622641132,1305.6320377358868,1324.5,37.735924528226406,-28.571428571428573,62.35827664399093,56.91609977324263,73.24263038548754,31.034486868877547,20.388349514563107,0.970873786407767,72.72727272727273,81.2500000008125,1296.0,1331.0,1311.0,0,0,601064.75,712508,1323.7692529520878,0.5714285714285714,0.42857142857142855,0.2857142857142857,21516285.714285713,0.0,-0.4507888805409421,7.157617180608901,-0.3831705484598008,88.7499999996,46.15384615384617,0.0,0.75,0.0,0.0,0.0,0.0,6010647500000000.0,0.0,0.0
2012-12-11,,,,1326.8,1326.8,1326.8,1326.8,1317.6064962644166,23.2,83.78378378378379,4.567153560148654,1.9199197193732647,2.6472338407753893,1346.1080294178355,1307.4919705821644,1326.8,38.61605883567108,-18.367346938775512,68.78306878306879,60.87175610985135,84.60569412950366,52.37501737143683,21.551724137931036,0.8620689655172414,76.64335664335665,83.78378378462162,1296.0,1336.0,1311.0,1,0,543996.6,1028232,1325.3050215142277,0.38461538461538464,0.6153846153846154,0.38461538461538464,24286461.53846154,0.0,-0.4507888805409421,8.237830923942402,-0.3606311044327537,87.02702702682703,61.53846153846155,0.0,0.8,0.0,0.0,0.0,0.0,5439966000000000.0,0.0,0.0
2012-12-12,,,,1323.2,1321.1666666666667,1321.1666666666667,1321.1666666666667,1315.2630204297102,27.833333333333332,38.75,2.0067238173194255,1.937280538962497,0.06944327835692854,1353.722260144081,1288.6110731892525,1321.1666666666667,65.11118695482855,-88.13559322033899,49.81018144859953,57.184564556100746,35.06141523359709,-73.0851692856992,14.970059880239523,27.544910179640723,68.7990413342526,38.7500000003875,1345.0,1336.0,1293.0,0,1,588696.0,216039,1320.7127063694825,0.13725490196078433,0.8627450980392157,0.8431372549019608,15925352.94117647,-3.218562874251496,-3.218562874251496,-2.1625667434757765,-2.5266193758238575,83.78378378378379,38.75,1.0,0.6666666666666666,0.0,0.0,0.0,0.0,5691266000000000.0,0.0,0.0
2012-12-13,,,,1316.8,1318.0,1318.0,1318.0,1313.7141613411663,27.142857142857142,43.02325581395349,0.45645294966334404,1.6411150211026664,-1.1846620714393223,1352.1174442184638,1283.8825557815362,1318.0,68.23488843692758,-74.19354838709677,41.8089381700341,52.05935576074519,21.308102988611907,-76.7262871302062,13.157894736842106,25.789473684210527,63.60381149113544,43.023255814383724,1283.0,1336.0,1293.0,0,0,629965.2857142857,1093620,1315.7946572415062,0.6956521739130435,0.30434782608695654,0.2608695652173913,38155695.652173914,-2.7694610778443263,-3.218562874251496,-1.294329466925566,-2.3882306761383294,83.27702702702703,39.6046511627907,1.0,0.5714285714285714,0.0,0.0,0.0,0.0,5919888000000000.0,0.0,0.0
2012-12-14,,,,1309.6,1314.375,1314.375,1314.375,1311.3604316896267,27.5,38.54166666666667,-1.5610692737102454,1.0006781621400842,-2.5617474358503296,1352.0341859406742,1276.7158140593258,1314.375,75.31837188134841,-88.88888888888889,31.576329150393104,45.23168022396116,4.265627003256981,-65.78695139749469,14.090909090909092,22.727272727272727,58.58543382017561,38.54166666705209,1345.0,1336.0,1289.0,0,1,675398.125,100192,1311.8487845594775,0.23333333333333334,0.7666666666666667,0.3333333333333333,33114266.66666667,-3.5179640718562943,-3.5179640718562943,-2.29808208277997,-2.361503897516743,82.77027027027027,38.625,1.0,0.5,0.0,0.0,0.0,0.0,6901536000000000.0,0.0,0.0
2012-12-17,,,,1304.2,1313.2222222222222,1313.2222222222222,1313.2222222222222,1310.6594381953764,28.0,46.846846846846844,-1.9273779185332387,0.41506694600541966,-2.3424448645386584,1349.1217734419486,1277.3226710024958,1313.2222222222222,71.79910243945278,-65.07936507936508,32.69109774047371,41.05148606279868,15.970321095823763,-42.19747362848599,13.492063492063492,19.841269841269842,54.19234328989155,46.84684684731532,1282.0,1336.0,1289.0,0,0,707374.0,1063373,1310.1570182529038,0.65625,0.34375,0.46875,30099406.25,-2.3952095808383422,-3.5179640718562943,-0.5819679431122208,-2.2390669008403496,82.26351351351352,38.66666666666667,1.0,0.4444444444444444,0.0,0.0,0.0,0.0,7924214000000000.0,0.0,0.0
2012-12-18,,,,1302.4,1314.6,1314.6,1314.6,1312.2156821767692,28.3,55.97014925373135,-0.35764961554809815,0.2605236336947161,-0.6181732492428142,1349.550123191644,1279.6498768083559,1314.6,69.90024638328805,-28.571428571428573,45.60358896983961,42.56885369847899,51.673059512560855,24.13627287893171,19.081272084805654,17.6678445229682,49.15772434551777,55.97014925429106,1282.0,1336.0,1289.0,0,0,736493.9,2061946,1311.898330002009,0.7142857142857143,0.2857142857142857,0.8214285714285714,35663321.428571425,-0.6736526946107824,-3.5179640718562943,1.4528399928869025,-2.1166299041639562,81.75675675675676,38.708333333333336,1.0,0.5,0.0,0.0,0.0,0.0,9289912000000000.0,0.0,0.0
2012-12-19,,,,1308.8,1316.0,1315.5454545454545,1315.5454545454545,1313.433236255172,27.818181818181817,55.147058823529406,0.7167261160277576,0.3517641301613244,0.3649619858664332,1349.2899490459045,1281.8009600450046,1315.5454545454545,67.48898900089989,-31.746031746031747,53.52067221645221,46.21945987113673,68.12309690708317,33.43384487171802,18.954248366013072,16.339869281045754,45.36224098750774,55.14705882408088,1345.0,1336.0,1289.0,0,0,755384.1818181818,1117659,1313.576650982093,0.391304347826087,0.6086956521739131,0.08695652173913043,41055956.521739125,-0.8233532934131871,-3.5179640718562943,1.2291823414690735,-1.994192907487563,81.25,38.75,1.0,0.5454545454545454,0.0,0.0,0.0,0.0,9554100000000000.0,0.0,0.0
2012-12-20,,,,1319.2,1318.0,1318.5,1318.5,1317.0110232784891,28.416666666666668,62.34567901234568,3.6243797391593944,1.0062872519609385,2.6180924871984557,1356.633735958883,1280.366264041117,1318.5,76.26747191776622,-2.816901408450704,68.07481434148457,53.50457802791934,97.21528696861503,68.60941433407015,21.114369501466275,14.662756598240469,43.084786478985926,62.34567901296914,1282.0,1351.0,1289.0,1,0,808034.8333333334,2504851,1317.4522113217479,0.9428571428571428,0.05714285714285714,0.7428571428571429,39634057.14285714,0.0,-3.5179640718562943,2.9453608485328306,-1.8717559108111694,80.38461538461539,39.6046511627907,1.0,0.5833333333333334,0.0,0.0,0.0,0.0,1.0573322e+16,0.0,0.0
2012-12-21,,,,1331.4,1320.5,1320.923076923077,1320.923076923077,1320.1528305852999,27.307692307692307,61.963190184049076,5.781380387035597,1.9613058789758702,3.8200745080597267,1361.3990907128227,1280.447063133331,1320.923076923077,80.95202757949164,-8.108108108108109,76.01384019162035,61.00766541581967,106.02618974322169,80.4782255203832,21.12676056338028,14.084507042253522,41.30903367291008,61.963190184668704,1356.0,1351.0,1289.0,0,0,845645.2307692308,1207881,1321.2134593387711,0.5714285714285714,0.42857142857142855,0.07142857142857142,92640714.28571428,-0.07401924500368695,-3.5179640718562943,2.7656877336063985,-1.7493189141347762,79.51923076923077,40.4593023255814,1.0,0.6153846153846154,0.0,0.0,0.0,0.0,1.1180406e+16,0.0,0.0
2012-12-24,,,,1337.8,1321.0,1322.0,1322.0,1321.6620848152713,27.071428571428573,57.06214689265537,6.288644366004064,2.826773576381509,3.461870789622555,1361.71436477184,1282.28563522816,1322.0,79.42872954368022,-27.027027027027028,75.00021778540454,65.67184953901463,93.65695427818437,50.09765179167397,19.788918205804748,16.358839050131927,39.03617777448011,57.062146893226,1356.0,1351.0,1289.0,0,0,855287.2142857143,227248,1322.7520153282956,0.25,0.75,0.5833333333333334,40859708.333333336,-1.110288675055504,-3.5179640718562943,1.7043312095585799,-1.8005710800620973,78.65384615384616,41.31395348837209,1.0,0.6428571428571429,0.0,0.0,0.0,0.0,1.121531e+16,0.0,0.0
2012-12-25,,,,1341.2,1321.8,1323.4666666666667,1323.4666666666667,1323.7895053090551,26.0,58.91891891891892,7.252584584671467,3.711935778039501,3.5406488066319666,1363.387063649138,1283.5462696841953,1323.4666666666667,79.8407939649428,-16.216216216216218,77.92807311819763,69.7572573987423,94.2697045571083,52.5127047856905,20.604395604395602,17.032967032967033,39.71396713840086,33.156207055051624,1282.0,1351.0,1289.0,0,0,839402.8666666667,844270,1323.7115946100203,0.6666666666666666,0.3333333333333333,0.5333333333333333,41134800.0,-0.5181347150258975,-3.5179640718562943,2.1344014068067856,-1.691494788201374,77.78846153846155,42.168604651162795,1.0,0.6666666666666666,0.0,0.0,0.0,0.0,1.0452208e+16,0.0,0.0
2012-12-26,,,,1346.6,1327.7,1325.25,1325.25,1326.4762190891452,25.285714285714285,56.069364161849705,8.56333450431498,4.682215523294597,3.881118981020383,1366.3709597812763,1284.1290402187237,1325.25,82.24191956255254,-13.580246913580247,80.758633107605,73.42438263502987,95.42713405275524,69.91853105668666,19.774011299435028,17.51412429378531,33.00401042844415,38.74199222332927,1282.0,1352.0,1289.0,1,0,835722.5625,1624788,1325.3239167812942,0.5416666666666666,0.4583333333333333,0.3333333333333333,32521583.333333332,0.0,-3.5179640718562943,2.535360200771323,-1.5824184963406513,76.92307692307693,43.02325581395349,1.0,0.6875,0.0,0.0,0.0,0.0,1.012467e+16,0.0,0.0
2012-12-27,,,,1346.8,1333.0,1326.8235294117646,1326.8235294117646,1328.9070553663696,24.714285714285715,58.08383233532934,9.49268746694952,5.644309912025582,3.848377554923937,1368.6997475678832,1284.9473112556461,1326.8235294117646,83.75243631223702,-13.580246913580247,82.58908873840332,76.4792846694877,94.80869687623456,61.195482242653114,20.23121387283237,17.91907514450867,26.29405371848744,43.19463127261344,1363.0,1352.0,1289.0,0,0,815853.1176470588,1624788,1326.2098359256277,0.8,0.2,0.0,49794200.0,0.0,-3.5179640718562943,2.4625089807949254,-1.4733422044799283,74.00759734093069,43.78797402053216,1.0,0.7058823529411765,0.0,0.0,0.0,0.0,8346170000000000.0,0.0,0.0
2012-12-28,,,,1347.2,1339.3,1328.2222222222222,1328.2222222222222,1331.1063834267154,24.5,56.52173913043478,10.112634232923028,6.537974776205072,3.5746594567179564,1370.5462137806508,1285.8982306637936,1328.2222222222222,84.64798311685718,-17.647058823529413,80.05939249226887,77.67265394374809,84.83286958931043,70.18409155976882,23.615160349854225,17.78425655976676,20.80658344228477,39.74189010037606,1367.0,1352.0,1289.0,0,0,797292.0,1624788,1327.2098529912644,0.16666666666666666,0.8333333333333334,0.0,26764055.555555556,0.0,-3.5179640718562943,2.395578964852072,-1.3642659126192052,71.09211775878445,44.55269222711083,1.0,0.7222222222222222,0.0,0.0,0.0,0.0,6715736000000000.0,0.0,0.0
2012-12-31,,,,1350.2,1344.0,1329.421052631579,1329.421052631579,1333.0010135765522,25.071428571428573,54.77707006369427,10.403331736373048,7.311046168238667,3.092285568134381,1371.859587476294,1286.9825177868638,1329.421052631579,84.8770696894303,-18.823529411764707,76.2487453216433,77.19801773637982,74.35020049217025,57.7663807187166,21.937321937321936,19.088319088319086,14.709208594909922,68.20448234213215,1367.0,1352.0,1289.0,0,0,786258.8947368421,1037125,1328.2112659780357,0.38095238095238093,0.6190476190476191,0.047619047619047616,27983952.38095238,-0.07396449704143437,-3.5179640718562943,2.2784332714334017,-1.255189620758482,68.17663817663818,45.3174104336895,1.0,0.7368421052631579,0.0,0.0,0.0,0.0,5929796000000000.0,0.0,0.0
2013-01-01,,,,1354.0,1347.6,1331.1,1331.1,1335.858059902595,22.571428571428573,77.77777777777777,11.469794660883736,8.142795866767681,3.3269987941160544,1375.0516480740037,1287.1483519259962,1331.1,87.90329614800748,-4.705882352941177,81.44474177905471,78.61359241727145,87.10704050262123,68.09074446740883,24.683544303797465,6.962025316455695,16.596532538571896,100.0,1282.0,1363.0,1289.0,1,0,759448.75,1287181,1328.7181407128087,0.875,0.125,0.75,15628500.0,0.0,-3.5179640718562943,2.825965537031823,-1.146113328897759,77.0940170940171,46.082128640268174,1.0,0.75,0.0,0.0,0.0,0.0,5195864000000000.0,0.0,0.0
2013-01-07,,,,1368.6,1357.6,1336.8,1335.5714285714287,1344.3477684833003,25.357142857142858,84.61538461538461,17.120501571416526,9.93833700769745,7.182164563719075,1396.5172284053863,1277.0827715946136,1336.8,119.43445681077264,-0.0,87.62982785270314,81.61900422908201,99.6514750999454,135.14456389645093,38.87323943661972,5.352112676056338,19.693942960823083,100.0,1282.0,1425.0,1289.0,1,0,750165.3,1788055,1332.09778127123,1.0,0.0,1.0689655172413792,8635758.620689657,0.0,-3.5179640718562943,4.572201759922551,-1.146113328897759,77.77777777777777,46.846846846846844,2.0,0.8,0.0,0.0,0.0,0.0,4636576000000000.0,0.0,0.0
2013-01-08,,,,1387.2,1367.0,1342.5,1340.5454545454545,1353.9336952944147,26.285714285714285,90.625,22.94802975976654,12.540275558111269,10.407754201655273,1419.226445039641,1265.773554960359,1342.5,153.45289007928204,-12.432432432432432,86.19766301291321,83.14522382369242,92.3025413913548,148.31949458881073,47.55434782608696,4.891304347826088,23.828968684795264,100.0,1282.0,1445.0,1289.0,1,0,750965.6,2567331,1338.3033769900157,0.34285714285714286,0.6571428571428571,0.5714285714285714,22265028.57142857,0.0,-3.5179640718562943,4.520720027364728,-1.146113328897759,80.55555555555556,48.43289149021633,2.0,0.8,0.0,0.0,0.0,0.0,5199244000000000.0,0.0,0.0
2013-01-09,,,,1408.2,1377.7,1349.1,1345.608695652174,1363.749533837804,27.071428571428573,90.47619047619048,28.20950592146778,15.674121630782572,12.535384290685208,1440.7466900082795,1257.4533099917203,1349.1,183.29338001655924,-7.975460122699387,87.61216749880488,84.63420504872991,93.56809239895483,119.22594236724808,45.91029023746702,6.332453825857519,27.8796798783636,99.58488670315434,1282.0,1457.0,1289.0,1,0,794870.4,3948031,1348.4563851960438,0.6976744186046512,0.3023255813953488,0.27906976744186046,32109302.325581398,0.0,-3.5179640718562943,5.249594320594203,-1.146113328897759,82.77027027027027,50.01893613358582,2.0,0.8,0.0,0.0,0.0,0.0,6997138000000000.0,0.0,0.0
2013-01-10,,,,1433.2,1391.7,1356.35,1351.0416666666667,1374.4400544246796,26.571428571428573,90.27027027027027,33.52593874420859,19.244485053467777,14.281453690740811,1463.5836848098336,1249.1163151901662,1356.35,214.46736961966735,-0.0,91.74144499920325,87.00328503222102,101.2177649331677,111.57827017331897,43.01075268817204,6.451612903225806,32.884457709228386,99.01045965454628,1282.0,1476.0,1289.0,1,0,824786.1,4998187,1356.5723569824145,1.0,0.0,0.7916666666666666,43756500.0,0.0,-3.5179640718562943,5.665765356537687,-1.146113328897759,84.11642411642413,51.6049807769553,2.0,0.8,0.0,0.0,0.0,0.0,7922124000000000.0,0.0,0.0
2013-01-11,,,,1453.2,1403.6,1362.7,1355.52,1382.8743349556623,26.928571428571427,85.20408163265306,36.27213609827368,22.65001526242896,13.622120835844719,1479.4761691622505,1245.9238308377496,1362.7,233.55233832450085,-12.650602409638553,89.5297576590433,87.84544257449511,92.89838782813968,94.24989835118862,43.50132625994695,6.36604774535809,37.674506116298076,84.8780156149078,1484.0,1476.0,1289.0,0,0,866783.7,3842511,1364.3348754904675,0.25,0.75,0.4642857142857143,41274142.85714286,-0.8807588075880779,-3.5179640718562943,4.883451792675647,-1.146113328897759,84.73312401883831,53.19102542032479,2.0,0.8,0.0,0.0,0.0,0.0,9733364000000000.0,0.0,0.0
2013-01-14,,,,1456.0,1412.3,1370.0,1358.7307692307693,1388.2196363884564,27.071428571428573,72.68041237113403,36.09582763096546,25.339177736136257,10.756649894829202,1486.6840087361454,1253.3159912638546,1370.0,233.36801747229083,-29.22077922077922,82.38154056702177,86.02414190533733,75.09633789039066,65.64463071981741,39.577836411609496,13.720316622691293,39.85179644486254,49.9424718226415,1484.0,1476.0,1289.0,0,0,874080.8,2884376,1371.4423753692643,0.2972972972972973,0.7027027027027027,0.6486486486486487,25895540.54054054,-2.5067750677506773,-3.5179640718562943,6.435239469779947,-1.067208425103161,84.61538461538461,54.77707006369427,1.0,0.85,0.0,0.0,0.0,0.0,1.0647886e+16,0.0,0.0
2013-01-15,,,,1467.4,1427.3,1380.15,1364.037037037037,1399.0558614943177,30.642857142857142,79.6875,40.57198677901761,28.38573954471253,12.186247234305078,1505.8016068969655,1254.4983931030347,1380.15,251.3032137939308,-0.0,88.25436037801452,86.7675480628964,91.22798500825076,85.68582748636415,42.89044289044289,12.121212121212121,42.41838240127901,69.48917268184341,1330.0,1502.0,1289.0,1,0,877171.0,3823761,1381.0648125052014,1.0,0.0,0.984375,14677890.625,0.0,-3.5179640718562943,7.377520726903244,-1.067208425103161,84.44906444906445,54.851067815661295,2.0,0.9,0.0,0.0,0.0,0.0,1.0968104e+16,0.0,0.0
2013-01-16,,,,1475.4,1441.8,1390.55,1368.7857142857142,1408.3838746853348,31.571428571428573,82.5910931174089,43.2177298519473,31.35213760615948,11.865592245787816,1518.8399265848957,1262.2600734151042,1390.55,256.5798531697915,-15.544041450777202,86.55159605725314,86.6955640610153,86.26366004972877,92.30791634579639,47.28506787330316,9.049773755656108,46.58855631905649,77.58892383223895,1527.0,1502.0,1304.0,0,0,902658.35,2320586,1396.129022403659,0.1891891891891892,0.8108108108108109,0.13513513513513514,40626351.35135135,-0.3328894806924221,-2.5067750677506773,7.686420409233155,-1.067208425103161,84.28274428274429,54.92506556762832,2.0,0.95,0.0,0.0,0.0,0.0,1.1213054e+16,0.0,0.0
2013-01-17,,,,1480.2,1456.7,1400.35,1373.3103448275863,1417.1092199533982,34.785714285714285,82.23140495867769,45.03741197630006,34.0891924801876,10.948219496112465,1530.7296480727684,1269.9703519272314,1400.35,260.75929614553706,-14.361702127659575,85.4093973715021,86.26684183117757,83.69450845215113,72.74397687635324,42.91581108829569,15.40041067761807,49.28098828310355,76.58555164486212,1339.0,1502.0,1325.0,0,0,960497.45,4440549,1411.2748474414655,0.75,0.25,0.05,35332716.666666664,-0.13315579227698437,-2.5067750677506773,7.19253408985422,-1.067208425103161,84.11642411642413,54.99906331959535,2.0,1.0,0.0,0.0,0.0,0.0,1.3352668e+16,0.0,0.0
2013-01-18,,,,1488.8,1471.0,1409.3,1377.7333333333333,1425.575008529265,34.57142857142857,82.08333333333333,46.428474472857715,36.55704887872162,9.871425594136092,1543.0115512862237,1275.5884487137762,1409.3,267.42310257244753,-11.41304347826087,83.2729315810014,85.26887174778551,79.2810512474332,74.01903961859846,40.28925619834711,15.49586776859504,52.02269102480629,76.17249676105867,1339.0,1506.0,1325.0,1,0,1009616.1,6421495,1424.638909944747,0.7142857142857143,0.2857142857142857,0.2857142857142857,94330761.90476191,0.0,-2.5067750677506773,6.58265488490054,-1.067208425103161,83.95010395010395,55.07306107156238,2.0,1.0,0.0,0.0,0.0,0.0,1.5003208e+16,0.0,0.0
2013-01-21,,,,1500.2,1478.1,1417.85,1381.5483870967741,1432.2821505740967,36.214285714285715,78.8,46.19151803029945,38.483942709037194,7.707575321262254,1550.7310706886742,1284.9689293113256,1417.85,265.7621413773486,-16.847826086956523,78.5152877206676,83.01767707207955,69.5105090178437,65.82112011759713,40.23668639053254,15.384615384615383,54.78127995360798,67.01343697945585,1527.0,1506.0,1336.0,0,0,1059092.0,4487690,1436.038796676776,0.24242424242424243,0.7575757575757576,0.30303030303030304,58600151.515151516,-0.6640106241699861,-2.5067750677506773,6.249165520607869,-1.067208425103161,83.78378378378379,55.147058823529406,2.0,1.0,0.0,0.0,0.0,0.0,1.6954548e+16,0.0,0.0
2013-01-22,,,,1500.0,1483.7,1425.35,1385.28125,1438.826707662278,37.357142857142854,79.2156862745098,45.8783297288046,39.96282011299068,5.915509615813924,1559.272640670689,1291.4273593293108,1425.35,267.84528134137827,-14.130434782608695,76.92264972623632,80.98600129013181,68.79594659844531,59.02838253532249,36.52007648183557,15.678776290630974,56.62715373107129,68.1730193465504,1343.0,1506.0,1336.0,0,0,1070368.85,6100419,1447.112748999251,0.5,0.5,0.14705882352941177,47433205.88235294,-0.33200531208498196,-2.5067750677506773,5.538896290058105,-1.067208425103161,83.54524565050882,55.3116769095698,2.0,1.0,0.0,0.0,0.0,0.0,1.8301236e+16,0.0,0.0
2013-01-23,,,,1498.6,1487.0,1432.35,1388.4545454545455,1443.700354551585,38.214285714285715,76.22641509433963,44.23263143300301,40.816782376993146,3.4158490560098613,1564.3105602961891,1300.3894397038107,1432.35,263.92112059237843,-20.786516853932586,72.15718735957842,78.04306331328068,60.38543545217388,46.58499812279041,35.70093457943925,15.887850467289718,58.87439320657164,19.760848209749007,1527.0,1506.0,1336.0,0,0,1082278.2,4565262,1456.0841386715542,0.45454545454545453,0.5454545454545454,0.3333333333333333,46519909.090909086,-1.0624169986719778,-2.5067750677506773,5.131738444830533,-1.067208425103161,83.30670751723383,55.47629499561018,2.0,1.0,0.0,0.0,0.0,0.0,1.83652e+16,0.0,0.0
2013-01-24,,,,1494.8,1487.5,1439.6,1391.1764705882354,1447.2527017371483,38.785714285714285,72.51908396946564,41.72124238150013,40.99767437789454,0.7235680036055925,1565.0438855466962,1314.1561144533036,1439.6,250.88777109339253,-28.75,65.94990941817012,74.0120120149105,49.82570422468936,36.422951176686226,34.99079189686925,16.206261510128915,57.49515374100123,0.0,1527.0,1506.0,1344.0,0,0,1084581.9,3538555,1462.6060362062099,0.375,0.625,0.375,42779458.333333336,-1.6600265604249764,-2.5067750677506773,5.419159542660184,-0.9187441071266504,83.06816938395886,55.640913081650574,2.0,1.0,0.0,0.0,0.0,0.0,1.6178688e+16,0.0,0.0
2013-01-25,,,,1487.0,1487.9,1445.75,1393.3428571428572,1449.1333968098008,36.57142857142857,59.81308411214953,38.161365006317055,40.43041250357905,-2.269047497261994,1563.26976317557,1328.23023682443,1445.75,235.03952635114,-60.0,54.82802949975387,67.61735117652495,29.24938614621169,23.321559053679636,25.390625000000004,19.921875,52.94320996766498,0.0,1527.0,1506.0,1351.0,0,0,1112392.35,2365324,1466.4019108905234,0.2903225806451613,0.7096774193548387,0.45161290322580644,37846161.29032259,-2.589641434262946,-2.589641434262946,4.5253803796987935,-0.9800651035236523,82.82963125068389,55.80553116769096,2.0,1.0,0.0,0.0,0.0,0.0,1.4563258e+16,0.0,0.0
2013-01-28,,,,1481.6,1490.9,1451.6,1395.4444444444443,1451.0254542564865,34.42857142857143,56.12244897959183,35.096944099762595,39.363718822815756,-4.26677472305316,1560.8257922114117,1342.3742077885881,1451.6,218.45158442282354,-58.0,43.03350114798406,59.42273450034465,10.255034443262886,15.486694748274367,18.04979253112033,21.16182572614108,47.69959265891073,0.0,1427.0,1506.0,1351.0,0,0,1105998.95,3017974,1470.4699929115366,0.7692307692307693,0.23076923076923078,0.15384615384615385,50203846.15384616,-2.4568393094289487,-2.589641434262946,4.291818295203775,-0.9800651035236523,82.5910931174089,55.97014925373135,2.0,1.0,0.0,0.0,0.0,0.0,1.2000948e+16,0.0,0.0
2013-01-29,,,,1479.6,1489.8,1458.55,1398.027027027027,1454.8325538511067,33.357142857142854,58.252427184466015,34.05106510916016,38.301188080084636,-4.2501229709244726,1558.3761119726641,1358.7238880273358,1458.55,199.6522239453284,-36.36363636363637,46.87081894714089,55.23876264927674,30.134931542869197,28.689558025012868,23.340471092077088,20.556745182012847,42.74129892012918,6.237522993760129,1427.0,1506.0,1351.0,0,0,1112971.55,3655368,1473.580962304622,0.8214285714285714,0.17857142857142858,0.7857142857142857,22764071.42857143,-0.9960159362549681,-2.589641434262946,4.999051598353101,-0.9800651035236523,82.51915548566267,55.98999223535502,2.0,1.0,0.0,0.0,0.0,0.0,1.0050278e+16,0.0,0.0
2013-01-30,,,,1479.2,1488.9,1465.35,1400.3947368421052,1457.9913582462395,32.42857142857143,53.15789473684211,32.60428168223052,37.161806800513816,-4.557525118283294,1552.315873524588,1378.384126475412,1465.35,173.931747049176,-39.39393939393939,47.12022850444313,52.532584600998874,36.29551631133165,28.617811613114828,22.68722466960352,21.145374449339204,37.71305209594616,0.0,1527.0,1506.0,1351.0,0,0,1099804.4,3436958,1476.3026756697222,0.45454545454545453,0.5454545454545454,0.2727272727272727,19855454.545454543,-1.195219123505975,-2.589641434262946,4.886797301211283,-0.9800651035236523,82.44721785391641,55.47629499561018,2.0,1.0,0.0,0.0,0.0,0.0,7416784000000000.0,0.0,0.0
2013-01-31,,,,1498.8,1496.8,1476.75,1404.974358974359,1469.5159907942166,38.357142857142854,71.64179104477611,38.35846239694661,37.40113791980038,0.9573244771462299,1560.3099375172972,1393.1900624827028,1476.75,167.11987503459432,-11.695906432748538,60.018686615255234,55.02795193908433,70.00015596759704,125.91135270637986,37.24394785847301,17.877094972067038,34.90355566942846,62.79948264181156,1428.0,1579.0,1363.0,1,0,1081399.35,3656520,1480.7722772350473,0.0,1.0,4.55,10978100.0,0.0,-2.589641434262946,6.282714473005598,-0.9800651035236523,82.37528022217018,55.640913081650574,3.0,1.0,0.0,0.0,0.0,0.0,5802494000000000.0,0.0,0.0
2013-02-01,,,,1522.4,1504.7,1487.85,1409.475,1480.514467861434,37.42857142857143,79.2,42.908222644693524,38.50255486477901,4.405667779914516,1566.6309087212583,1409.0690912787416,1487.85,157.5618174425167,-9.815950920245399,69.6161873472331,59.890697075133914,89.06716789143144,120.72137091933845,38.54961832061068,13.358778625954198,34.904595689396835,88.47867950481432,1428.0,1585.0,1425.0,1,0,1130342.25,4885434,1487.9300164175938,0.3333333333333333,0.6666666666666666,0.25,51204750.0,0.0,-2.589641434262946,6.077451780790829,-0.9800651035236523,82.30334259042392,55.80553116769096,3.0,1.0,0.0,0.0,0.0,0.0,5913860000000000.0,0.0,0.0
2013-02-04,,,,1547.4,1514.5,1496.3,1413.9756097560976,1491.3226137793927,34.0,73.46938775510205,46.70181574313119,40.14240704044944,6.5594087026817505,1582.5922817796395,1410.0077182203604,1496.3,172.5845635592791,-4.794520547945205,78.11242326645376,65.96460580557385,102.40805818821357,108.44538152801562,34.66386554621849,14.705882352941176,33.796976298329916,69.00878645818716,1428.0,1594.0,1439.0,1,0,1141777.8,5615019,1492.995463565678,0.875,0.125,0.5625,45599062.5,0.0,-2.589641434262946,5.026776616699681,-0.9800651035236523,82.23140495867769,55.97014925373135,2.0,1.0,0.0,0.0,0.0,0.0,6067730000000000.0,0.0,0.0
2013-02-05,,,,1575.6,1527.6,1505.65,1419.1666666666667,1504.720460086117,35.285714285714285,79.47598253275109,52.17312867503392,42.548551367366336,9.624577307667586,1607.635086629059,1403.6649133709411,1505.65,203.97017325811794,-8.762886597938145,82.44144099089937,71.45688420068237,104.41055457133336,118.6990554012021,39.06882591093118,14.17004048582996,32.289588790667544,90.52256708975875,1428.0,1632.0,1439.0,1,0,1162879.0,6816319,1501.2990539285113,0.6909090909090909,0.3090909090909091,0.6909090909090909,21841818.18181818,0.0,-2.589641434262946,5.347418639096775,-0.9800651035236523,82.20179063360881,55.98999223535502,2.0,1.0,0.0,0.0,0.0,0.0,7195542000000000.0,0.0,0.0
2013-02-06,,,,1605.0,1542.1,1514.55,1424.1860465116279,1517.1280353160107,32.57142857142857,79.47598253275109,56.1045205313676,45.25974520016659,10.844775331201006,1628.9683919702265,1400.1316080297734,1514.55,228.8367839404532,-7.329842931937173,85.85101301662051,76.25492713932842,105.0431847712047,106.61338764293761,42.324561403508774,7.675438596491229,33.869242149416536,90.98595932474979,1428.0,1635.0,1439.0,1,0,1140484.7,7749133,1509.7913109809074,0.5,0.5,0.13636363636363635,42400636.36363636,0.0,-2.589641434262946,5.066254860847371,-0.9800651035236523,82.17217630853995,56.00983521697869,2.0,1.0,0.0,0.0,0.0,0.0,8624350000000000.0,0.0,0.0
2013-02-07,,,,1615.0,1556.9,1522.2,1428.840909090909,1527.7825081430574,33.07142857142857,76.85589519650655,58.066670612183316,47.82113028256994,10.245540329613377,1645.852484172802,1398.5475158271981,1522.2,247.3049683456038,-11.855670103092784,86.59497586254838,79.7016100470684,100.38170749350834,91.27834327098371,42.980561555075596,7.55939524838013,35.70074398091837,90.04453759496988,1652.0,1635.0,1439.0,0,0,1134561.7,6817437,1516.8664586215689,0.17857142857142858,0.8214285714285714,0.21428571428571427,33274857.142857146,-0.3669724770642202,-2.589641434262946,4.344440973528917,-0.9800651035236523,82.14256198347107,56.02967819860236,2.0,1.0,0.0,0.0,0.0,0.0,1.0048618e+16,0.0,0.0
2013-02-08,,,,1622.6,1572.5,1530.2,1433.1555555555556,1536.8508407008612,32.642857142857146,78.22222222222223,58.46360676538984,49.94962557913392,8.513981186255918,1658.3472836847868,1402.0527163152133,1530.2,256.29456736957354,-14.948453608247423,85.80969405329313,81.7376380491433,93.95380606159279,70.8513125738681,41.57549234135667,10.940919037199125,36.6759212858829,95.23612687877821,1652.0,1635.0,1439.0,0,0,1108765.7,6177681,1522.4251544157014,0.6296296296296297,0.37037037037037035,0.2222222222222222,23694666.666666668,-0.7339449541284404,-2.589641434262946,4.60364843433074,-0.9800651035236523,82.1129476584022,56.04952118022604,2.0,1.0,0.0,0.0,0.0,0.0,8870302000000000.0,0.0,0.0
2013-02-11,,,,1630.6,1589.0,1539.95,1437.5217391304348,1546.1031415864936,31.428571428571427,78.78787878787878,58.98583757755614,51.75686797881837,7.22896959873777,1668.552979420343,1411.347020579657,1539.95,257.205958840686,-9.278350515463918,86.98950017754058,83.48825875860905,93.99198301540366,69.74544936092141,43.63636363636363,10.454545454545455,38.20576399219619,97.38543411585066,1458.0,1635.0,1467.0,0,0,1078519.8,6530898,1527.653891642354,0.9411764705882353,0.058823529411764705,0.6470588235294118,20777470.588235293,-0.06116207951071262,-2.589641434262946,5.827257435391784,-0.7434678928879718,82.08333333333333,56.069364161849705,2.0,1.0,0.0,0.0,0.0,0.0,8117566000000000.0,0.0,0.0
2013-02-19,,,,1625.6,1600.6,1545.2,1441.127659574468,1551.9028423877799,31.714285714285715,73.68421052631578,56.568943341190106,52.71928305129272,3.849660289897386,1675.8366596407952,1414.5633403592049,1545.2,261.2733192815904,-23.195876288659793,71.32633345169373,79.43428365630395,55.11043304247329,55.712585180077745,45.04504504504504,11.036036036036036,39.79410493360157,77.9931883678281,1652.0,1635.0,1467.0,0,0,1065956.95,5842770,1532.661951920291,0.02702702702702703,0.972972972972973,0.7297297297297297,18598054.05405405,-1.712538226299709,-2.589641434262946,3.4452434484718935,-0.9806612026509638,81.91666666666667,56.07998112539813,1.0,1.0,0.0,0.0,0.0,0.0,7091222000000000.0,0.0,0.0
2013-02-20,,,,1621.4,1613.2,1551.05,1444.7291666666667,1557.8168573984676,31.357142857142858,77.14285714285714,54.5891094712033,53.093248335274836,1.4958611359284646,1683.0698948324782,1419.0301051675217,1551.05,264.0397896649565,-19.587628865979383,63.995333412240264,74.28796690828273,43.410066420155346,43.88162062691059,45.558086560364465,12.528473804100226,41.23496904903192,91.13489776313983,1458.0,1635.0,1467.0,0,0,1031481.9,6656444,1537.7127481506625,0.8947368421052632,0.10526315789473684,0.3684210526315789,42824947.368421055,-1.2844036697247985,-2.589641434262946,3.8419758229475587,-0.9806612026509638,81.75,56.09059808894656,1.0,1.0,0.0,0.0,0.0,0.0,6852942000000000.0,0.0,0.0
2013-02-21,,,,1617.6,1616.3,1556.55,1448.1020408163265,1562.7866805033755,30.642857142857142,80.42553191489361,52.096771146042556,52.89395289742838,-0.7971817513858213,1688.7802218819397,1424.3197781180602,1556.55,264.46044376387954,-21.761658031088082,56.552444497049066,68.37612610453817,32.90508128207085,41.02649612421188,48.018648018648015,9.557109557109557,45.144444328743134,100.0,1652.0,1635.0,1467.0,0,0,959374.75,5978624,1545.573327437132,0.42857142857142855,0.5714285714285714,0.19047619047619047,32277142.85714286,-1.5290519877676045,-2.589641434262946,3.6073641421369134,-0.9806612026509638,81.58333333333334,56.10121505249498,1.0,1.0,0.0,0.0,0.0,0.0,6345190000000000.0,0.0,0.0
2013-02-22,,,,1604.6,1613.6,1559.15,1450.3,1562.3308061697205,34.07142857142857,65.6140350877193,45.40224087822685,51.39561049358808,-5.993369615361232,1689.2224899107364,1429.0775100892638,1559.15,260.1449798214726,-51.08695652173913,40.614251023922684,59.12216774433301,3.5984175831020195,5.586037469567852,43.18658280922432,19.496855345911953,47.27702534331172,45.68104038329913,1652.0,1635.0,1467.0,0,0,919333.8,4798497,1551.5567380966522,0.1956521739130435,0.8043478260869565,1.1304347826086956,25654934.782608695,-4.709480122324172,-4.709480122324172,1.629775725946668,-1.7312581250902828,81.41666666666667,56.11183201604341,1.0,0.95,0.0,0.0,0.0,0.0,7425932000000000.0,0.0,0.0
2013-02-25,,,,1588.4,1609.5,1562.0,1452.313725490196,1561.4421579630805,34.214285714285715,61.56716417910448,39.24097367833474,48.964683130537416,-9.723709452202677,1688.700641796238,1435.299358203762,1562.0,253.40128359247592,-58.57988165680474,31.205960859606275,49.8167654494241,-6.015648320029385,-7.135024022341157,37.995824634655534,21.50313152400835,48.80401354552457,30.839743786202465,1652.0,1635.0,1467.0,0,0,881411.8,3623132,1557.17032335699,0.4666666666666667,0.5333333333333333,0.16666666666666666,39178833.333333336,-5.015290519877702,-5.015290519877702,1.7877334315657458,-1.7312581250902828,81.25,56.12244897959183,1.0,0.9,0.0,0.0,0.0,0.0,9070228000000000.0,0.0,0.0
2013-02-26,,,,1578.8,1602.2,1564.9,1454.3653846153845,1561.2095714904062,36.42857142857143,63.09963099630996,34.44521192709885,46.060788889849704,-11.61557696275085,1688.3348752219254,1441.4651247780748,1564.9,246.86975044385053,-77.5,28.30397390640418,42.64583493508413,-0.3797481509557201,-8.43293691293462,36.666666666666664,21.56862745098039,50.404609115969386,8.12619012777648,1532.0,1635.0,1467.0,0,0,858790.25,4783430,1562.297843584818,0.6428571428571429,0.35714285714285715,0.14285714285714285,27626142.85714286,-4.648318042813482,-5.015290519877702,1.8105397577329037,-1.7312581250902828,81.08510638297872,56.20230700976042,1.0,0.85,0.0,0.0,0.0,0.0,1.0014568e+16,0.0,0.0
2013-02-27,,,,1563.2,1592.3,1567.2,1455.9056603773586,1558.8086599198914,30.785714285714285,39.40886699507389,28.460552869269122,42.540741685733586,-14.080188816464464,1686.4001412927441,1447.999858707256,1567.2,238.40028258548818,-96.66666666666667,20.07051713880399,35.12072900299076,-10.02990658956955,-20.24600391525218,19.02552204176334,25.522041763341065,48.93662327298354,0.0,1652.0,1635.0,1467.0,0,0,841167.4,3600730,1567.5175254255773,0.125,0.875,0.71875,36959375.0,-6.055045871559662,-6.055045871559662,1.4596293012690775,-1.7312581250902828,80.92021276595744,56.09059808894656,1.0,0.8,0.0,0.0,0.0,0.0,1.075262e+16,0.0,0.0
2013-02-28,,,,1552.8,1585.2,1571.05,1457.7962962962963,1558.7316446894254,30.928571428571427,43.835616438356155,25.202366395251374,39.07306662763715,-13.870700232385772,1683.298736952217,1458.8012630477829,1571.05,224.49747390443417,-78.33333333333333,21.188152567010466,30.476536857663994,2.6113839857034122,-15.413127032175806,18.475750577367208,24.94226327944573,46.53406650559574,10.792563100719596,1532.0,1635.0,1467.0,0,0,842722.0,4658529,1571.8385535799468,0.7894736842105263,0.21052631578947367,1.1578947368421053,55673631.578947365,-4.709480122324172,-6.055045871559662,2.3314976164884658,-1.7312581250902828,80.75531914893617,56.02967819860236,1.0,0.75,0.0,0.0,0.0,0.0,1.1512578e+16,0.0,0.0
2013-03-01,,,,1557.6,1581.1,1576.8,1460.0545454545454,1560.9476785285278,31.857142857142858,47.43589743589743,24.276979654693378,36.11384923304839,-11.836869578355014,1677.8275626799548,1475.7724373200451,1576.8,202.05512535990965,-58.333333333333336,29.140450059688657,30.03117459167222,27.35900099572153,1.032312970233774,23.542600896860986,24.2152466367713,43.747132133405145,19.570168507154236,1532.0,1635.0,1469.0,0,0,823408.6,5445492,1579.2932164541396,0.7727272727272727,0.22727272727272727,1.0909090909090908,35771045.45454545,-3.2415902140672914,-6.055045871559662,3.4114384497570884,-1.7312581250902828,80.59042553191489,55.80553116769096,1.0,0.75,0.0,0.0,0.0,0.0,1.072625e+16,0.0,0.0
2013-03-04,,,,1560.6,1574.5,1581.75,1461.982142857143,1561.6193281924775,30.214285714285715,34.76190476190477,22.158491699502065,33.322777726339126,-11.164286026837061,1669.3468636785321,1494.1531363214679,1581.75,175.1937273570643,-70.0,32.76030003979244,30.94088307437896,36.3991339706194,-17.772931905037183,12.293144208037825,29.078014184397166,43.30451554304276,0.0,1652.0,1635.0,1488.0,0,0,836871.9,4523576,1582.9710669179676,0.5806451612903226,0.41935483870967744,0.45161290322580644,29739225.806451615,-4.0978593272171455,-6.055045871559662,2.934323059571,-1.7312581250902828,80.42553191489361,55.147058823529406,1.0,0.7,0.0,0.0,0.0,0.0,1.0219352e+16,0.0,0.0
2013-03-05,,,,1552.4,1565.6,1583.1,1462.9649122807018,1557.4651064598606,33.357142857142854,27.237354085603116,16.257585276494183,29.90973923637014,-13.652153959875957,1665.485231175187,1500.7147688248128,1583.1,164.77046235037415,-89.33333333333333,26.28464447097274,29.38880353991022,20.076326333097782,-70.55172404459492,11.134903640256962,36.61670235546038,42.166300049151076,0.0,1652.0,1635.0,1488.0,0,0,878522.25,3053175,1581.9248019235333,0.25806451612903225,0.7419354838709677,0.8064516129032258,23716145.16129032,-7.1559633027522995,-7.1559633027522995,0.8638138811879563,-3.1908274179236877,80.27792553191489,54.851067815661295,1.0,0.65,0.0,0.0,0.0,0.0,1.0839558e+16,0.0,0.0
2013-03-06,,,,1550.6,1556.9,1585.05,1464.0689655172414,1554.5636677493976,33.357142857142854,30.384615384615373,12.16704508437715,26.361200405971545,-14.194155321594394,1659.4131912341438,1510.686808765856,1585.05,148.72638246828774,-82.26950354609929,26.483669790684335,28.420425623501593,22.61015812504982,-89.61242673736648,9.850107066381156,36.61670235546038,41.2747440884707,5.917219629357323,1502.0,1635.0,1518.0,0,0,937426.85,4449677,1578.4770505026606,0.8214285714285714,0.17857142857142858,0.32142857142857145,49875071.428571425,-6.605504587155986,-7.1559633027522995,1.179501816109035,-3.1908274179236877,80.13031914893617,53.80556486758297,1.0,0.6,0.0,0.0,0.0,0.0,1.1267162e+16,0.0,0.0
2013-03-07,,,,1544.0,1548.4,1582.35,1465.1016949152543,1551.748080344693,33.07142857142857,30.859375,8.664005958537473,22.82176151648473,-14.157755557947258,1661.4110024301658,1503.288997569834,1582.35,158.1220048603318,-83.68794326241135,26.67538770359348,27.838746316865556,24.348670477049318,-71.49727305295126,11.879049676025918,33.045356371490286,40.47346203718865,6.809823276935525,1643.0,1635.0,1518.0,0,0,980519.4,3368264,1575.6130018607146,0.30434782608695654,0.6956521739130435,0.08695652173913043,47017956.521739125,-6.727828746177389,-7.1559633027522995,-1.8448768084463998,-3.1908274179236877,79.98271276595744,50.869095816464245,0.0,0.55,0.0,0.0,0.0,0.0,1.131439e+16,0.0,0.0
2013-03-08,,,,1531.2,1544.4,1579.0,1465.9833333333333,1548.5339774547224,33.07142857142857,26.984126984126974,5.262319965831011,19.309873206353988,-14.047553240522976,1663.1051972860528,1494.8948027139472,1579.0,168.21039457210554,-88.65248226950355,24.058101606317223,26.578531413349445,19.017241992252778,-77.24467733698634,11.44708423326134,35.20518358531317,39.729275473674356,0.0,1643.0,1635.0,1518.0,0,0,962871.0,2492318,1572.1170678280546,0.7692307692307693,0.23076923076923078,0.5384615384615384,67380461.53846154,-7.155963302752322,-7.155963302752322,-2.323508568923415,-3.1908274179236877,79.83510638297872,47.318087318087315,0.0,0.5,0.0,0.0,0.0,0.0,1.1492356e+16,0.0,0.0
2013-03-11,,,,1518.4,1539.5,1574.5,1469.2,1544.2926462685582,33.5,28.45188284518828,1.4204027924474758,15.731979123572687,-14.311576331125211,1664.6402416121362,1484.3597583878638,1574.5,180.2804832242723,-86.13138686131387,22.24788473100887,25.13498251923592,16.473689154554776,-78.4621454077812,11.087420042643924,37.10021321961621,39.25354194537658,2.74647693668006,1643.0,1635.0,1504.0,0,1,995652.5,1107103,1566.8393624281564,0.4418604651162791,0.5581395348837209,0.32558139534883723,32214302.325581398,-8.012232415902165,-8.012232415902165,-3.1712760269141658,-3.1908274179236877,79.83510638297872,47.318087318087315,0.0,0.45,0.0,0.0,0.0,0.0,1.2418954e+16,0.0,0.0
2013-03-12,,,,1514.0,1533.2,1567.7,1471.95,1539.6933466239338,33.92857142857143,25.416666666666657,-2.244009839604587,12.136781330937232,-14.38079117054182,1660.0679142286267,1475.3320857713734,1567.7,184.73582845725332,-90.64748201438849,18.99858982067258,23.089518286381473,10.816732889254801,-79.35374689496457,10.947368421052632,35.1578947368421,38.94273269016765,0.0,1643.0,1635.0,1496.0,0,1,991367.25,-8492,1559.3109577202595,0.52,0.48,0.32,44623800.0,-8.501529051987788,-8.501529051987788,-5.383290550604225,-3.1908274179236877,79.51828602620087,46.24460076514871,0.0,0.4,0.0,0.0,0.0,0.0,1.1709342e+16,0.0,0.0
2013-03-13,,,,1506.0,1528.3,1560.3,1474.65,1534.6749326597499,34.142857142857146,24.897959183673464,-5.807364353724097,8.547952194004967,-14.355316547729064,1653.6744019920234,1466.9255980079765,1560.3,186.74880398404684,-94.73684210526316,14.552518999945242,20.243851857569396,3.1698532846969343,-76.0643210372411,9.623430962343095,35.355648535564846,38.25756718248073,0.0,1643.0,1634.0,1487.0,0,1,1004350.45,-1200970,1551.7407359652202,0.25,0.75,0.375,49686583.333333336,-8.996328029375766,-8.996328029375766,-5.915748988325971,-3.1908274179236877,79.51828602620087,43.673144313475625,0.0,0.35,0.0,0.0,0.0,0.0,1.1301294e+16,0.0,0.0
2013-03-14,,,,1490.8,1517.4,1551.3,1476.6166666666666,1526.5154152635832,33.714285714285715,26.406926406926416,-11.564324564458957,4.525496842312183,-16.08982140677114,1651.2602026071513,1451.3397973928486,1551.3,199.92040521430272,-92.61744966442953,12.265781897399393,17.584495204179397,1.628355283839383,-96.26997716256086,9.745762711864407,33.898305084745765,39.510936017107475,3.9500031062876424,1643.0,1634.0,1449.0,0,1,1031148.2,-2668621,1541.450473801923,0.2,0.8,0.6909090909090909,26684563.636363637,-11.321909424724597,-11.321909424724597,-6.846088973451485,-3.1908274179236877,79.47598253275109,42.30037805017757,0.0,0.3,0.0,0.0,0.0,0.0,1.207377e+16,0.0,0.0
2013-03-15,,,,1474.4,1502.8,1541.95,1478.2833333333333,1517.8948995241944,34.42857142857143,25.523012552301253,-16.980013338516756,0.22439480614639518,-17.20440814466315,1648.441363623138,1435.4586363768622,1541.95,212.98272724627577,-84.8314606741573,13.98363954450282,16.384209984287203,9.182498664934052,-107.96673646031097,9.54356846473029,37.136929460580916,41.75320836464298,1.6361937553241621,1643.0,1634.0,1436.0,0,1,1072644.75,-4138308,1531.40725406369,0.7941176470588235,0.20588235294117646,0.38235294117647056,43226088.23529412,-12.11750305997552,-12.11750305997552,-7.155841407360569,-3.1908274179236877,79.26774552615807,39.27709359605912,0.0,0.25,0.0,0.0,0.0,0.0,1.3261252e+16,0.0,0.0
2013-03-18,,,,1463.8,1491.1,1532.8,1480.9166666666667,1511.5239567123663,35.142857142857146,28.22580645161291,-19.83298872174123,-3.78708189943113,-16.0459068223101,1637.4208191015211,1428.1791808984788,1532.8,209.24163820304238,-76.40449438202248,19.928486969062483,17.565635645878963,24.654189615429523,-77.75444395041059,15.853658536585364,34.959349593495936,42.58707079850541,14.765535474883405,1409.0,1614.0,1436.0,0,0,1119031.6,-2857354,1525.3793857415046,0.4423076923076923,0.5576923076923077,0.28846153846153844,24633730.769230768,-10.099132589838899,-12.11750305997552,-6.830930824333239,-3.1908274179236877,79.26774552615807,39.235426929392446,0.0,0.2,0.0,0.0,0.0,0.0,1.305273e+16,0.0,0.0
2013-03-19,,,,1451.6,1482.8,1524.2,1483.1833333333334,1504.2359608349982,35.214285714285715,29.04564315352698,-23.118562156213557,-7.653377950787616,-15.465184205425942,1631.3852307186492,1417.014769281351,1524.2,214.37046143729822,-85.3932584269663,19.851314545031556,18.327528612263162,22.898886410568345,-84.59162166968167,15.821501014198782,36.511156186612574,44.36932439761948,18.403120655653755,1587.0,1614.0,1435.0,0,1,1134463.9,-3854128,1518.6235675135483,0.45454545454545453,0.5454545454545454,0.48484848484848486,30205272.727272727,-11.090458488227984,-12.11750305997552,-6.593482518252102,-3.1908274179236877,79.26774552615807,37.78571428571429,0.0,0.15,0.0,0.0,0.0,0.0,1.2815088e+16,0.0,0.0
2013-03-20,,,,1444.2,1475.1,1516.0,1485.8666666666666,1499.070631231665,35.07142857142857,26.92307692307692,-24.232688782581135,-10.96924011714632,-13.263448665434815,1619.2809148314468,1412.7190851685532,1516.0,206.56182966289362,-76.96629213483146,24.718803534222715,20.45795358624968,33.240503430168786,-67.6490829768828,16.904276985743383,36.65987780040734,45.9399324159259,8.985372649175769,1409.0,1610.0,1435.0,0,0,1141791.8,-2893896,1512.4056161552396,0.6666666666666666,0.3333333333333333,0.625,40009666.666666664,-9.937888198757761,-12.11750305997552,-6.093550377948954,-3.1908274179236877,79.26774552615807,33.981398809523824,0.0,0.1,0.0,0.0,0.0,0.0,1.2350596e+16,0.0,0.0
2013-03-21,,,,1449.6,1470.2,1509.3,1488.7333333333333,1496.8734282572204,35.357142857142854,27.542372881355945,-22.755349942469365,-13.32646208221093,-9.428887860258435,1603.9285814173081,1414.6714185826918,1509.3,189.25716283461634,-61.04651162790697,35.246709358949595,25.387538843816316,54.965050389216145,-45.61970893953137,15.757575757575758,36.36363636363637,48.66324905997625,26.808883693746484,1409.0,1582.0,1435.0,0,0,1165319.1,-1745530,1507.2680925193222,0.9393939393939394,0.06060606060606061,0.7878787878787878,34798969.696969695,-6.700379266750955,-12.11750305997552,-4.592451444044631,-3.1908274179236877,79.26774552615807,30.764423076923073,0.0,0.05,0.0,0.0,0.0,0.0,1.1712026e+16,0.0,0.0
2013-03-22,,,,1459.2,1466.8,1505.6,1491.35,1495.6473874708183,34.285714285714285,31.73913043478261,-20.70039387181214,-14.801248440131175,-5.899145431680964,1597.9708771603252,1413.2291228396746,1505.6,184.74175432065067,-51.61290322580645,48.75033149182498,33.175136393152535,79.90072168916988,-22.506228624644056,19.375000000000004,34.37500000000001,47.758645358030364,99.99999999999999,1409.0,1582.0,1435.0,0,0,1166208.9,-547607,1503.0853053428077,0.4,0.6,0.5333333333333333,79861533.33333334,-6.194690265486724,-12.11750305997552,-2.826201860272895,-2.5871455677092583,79.26774552615807,30.764423076923073,0.0,0.05,0.0,0.0,0.0,0.0,1.1168498e+16,0.0,0.0
2013-03-25,,,,1464.8,1464.3,1501.9,1493.9166666666667,1494.0619219974071,30.714285714285715,39.45945945945947,-19.25334402874114,-15.691667557853169,-3.5616764708879707,1592.1811981358333,1411.618801864167,1501.9,180.56239627166633,-46.96969696969697,56.80577655010554,41.0520164454702,88.31329675937621,-24.18548860852554,21.627906976744185,28.37209302325581,44.910441314706915,100.0,1541.0,1582.0,1435.0,0,0,1139132.3,-1181440,1499.8428148776047,0.375,0.625,0.3125,39614562.5,-6.5107458912768585,-12.11750305997552,-2.83570783870699,-2.5871455677092583,79.26774552615807,30.764423076923073,0.0,0.05,0.0,0.0,0.0,0.0,9874256000000000.0,0.0,0.0
2013-03-26,,,,1474.6,1463.1,1498.15,1496.1333333333334,1493.1036437119396,29.642857142857142,38.12154696132597,-17.501343792389207,-16.053602804760377,-1.4477409876288299,1584.593836345368,1411.7061636546323,1498.15,172.8876726907356,-43.18181818181818,67.63242246197512,49.91215178430517,103.07296381731503,-14.917197125822183,23.132530120481928,29.39759036144578,41.647792662467076,90.81198727607564,1409.0,1582.0,1435.0,0,0,1103439.6,-734996,1496.656069182823,0.2727272727272727,0.7272727272727273,0.45454545454545453,40585818.18181819,-6.194690265486713,-12.11750305997552,-2.8672879056261857,-2.5871455677092583,79.26774552615807,30.764423076923073,0.0,0.05,0.0,0.0,0.0,0.0,8773596000000000.0,0.0,0.0
2013-03-27,,,,1476.2,1460.2,1494.25,1497.9333333333334,1489.760439548898,30.285714285714285,33.65853658536585,-18.00332259533411,-16.443546762875126,-1.5597758324589854,1580.541732847905,1407.958267152095,1494.25,172.58346569581,-58.8235294117647,64.5327260857612,54.785676551457186,84.02682515436922,-35.28715188424368,20.518867924528305,35.613207547169814,40.20317635440539,60.16260162601623,1528.0,1582.0,1435.0,0,0,1081355.4,-1476012,1492.970956680847,0.1875,0.8125,0.8125,23156750.0,-7.838179519595434,-12.11750305997552,-2.999759080897829,-2.5871455677092583,79.26774552615807,30.764423076923073,0.0,0.05,0.0,0.0,0.0,0.0,8335164000000000.0,0.0,0.0
2013-03-28,,,,1472.0,1460.8,1489.1,1499.9166666666667,1486.4499214966218,29.928571428571427,34.32835820895522,-18.430761001113524,-16.840989610522808,-1.589771390590716,1571.582278798472,1406.6177212015277,1489.1,164.96455759694436,-61.34453781512605,59.00355255032482,56.191635217746395,64.62738721548166,-39.42349724263975,20.763723150357997,33.65155131264917,38.257339540147534,64.76255088195384,1528.0,1582.0,1435.0,0,0,1051982.3,-1946349,1489.0966531629542,0.16666666666666666,0.8333333333333334,0.25,39194750.0,-8.02781289506952,-12.11750305997552,-4.163065292800545,-2.5871455677092583,79.26774552615807,30.764423076923073,0.0,0.05,0.0,0.0,0.0,0.0,6979106000000000.0,0.0,0.0
2013-03-29,,,,1463.2,1461.2,1482.0,1501.5166666666667,1482.0261194493244,28.5,34.15841584158416,-19.75219267514467,-17.42323022344718,-2.328962451697489,1554.6751966665774,1409.3248033334226,1482.0,145.3503933331549,-68.68686868686869,48.46812179154075,53.617130742344514,38.170103889933245,-51.932339965902194,20.050125313283207,33.583959899749374,36.2038641097802,63.595484548454834,1528.0,1568.0,1435.0,0,0,1042260.25,-2538871,1484.5058195877662,0.13043478260869565,0.8695652173913043,0.6521739130434783,25761826.08695652,-8.163265306122424,-12.11750305997552,-6.11026488403634,-2.5871455677092583,79.26774552615807,30.764423076923073,0.0,0.0,0.0,0.0,0.0,0.0,5768304000000000.0,0.0,0.0
2013-04-01,,,,1454.8,1459.8,1475.45,1502.9333333333334,1477.7379175970077,28.714285714285715,35.0253807106599,-20.80172241775972,-18.09892866230969,-2.702793755450031,1538.4603583798512,1412.439641620149,1475.45,126.02071675970228,-70.83333333333333,41.713790596069906,49.649350693586314,25.842670401037083,-69.76100439945647,19.90049751243781,38.308457711442784,34.71190097398144,69.54930010767575,1528.0,1527.0,1435.0,0,0,1023942.0,-3094422,1479.3886870545402,0.7857142857142857,0.21428571428571427,0.10714285714285714,19841107.14285714,-5.893909626719029,-12.11750305997552,-5.677270287662622,-2.5871455677092583,79.26774552615807,30.764423076923073,0.0,0.0,0.0,0.0,0.0,0.0,5611740000000000.0,0.0,0.0
2013-04-02,,,,1438.8,1456.7,1469.75,1503.8,1470.7152587782452,29.642857142857142,31.221719457013577,-24.019425521885523,-19.283028034224856,-4.736397487660668,1537.0337667135043,1402.4662332864957,1469.75,134.56753342700858,-95.6989247311828,29.242885486985678,42.84719562471944,2.0342652115181608,-87.5539618205637,19.27710843373494,40.24096385542169,33.14142738392401,40.890672799716846,1528.0,1527.0,1404.0,0,1,993175.05,-3949484,1472.9610927768138,0.10810810810810811,0.8918918918918919,0.8918918918918919,23109783.783783782,-8.05500982318268,-12.11750305997552,-5.526146210729461,-2.309402434179033,79.26774552615807,30.764423076923073,0.0,0.0,0.0,0.0,0.0,0.0,6428976000000000.0,0.0,0.0
2013-04-03,,,,1432.4,1454.3,1464.7,1505.0333333333333,1466.4566627041268,27.857142857142858,44.390243902439025,-24.51170658042406,-20.328763743464698,-4.182942836959363,1528.9858746865116,1400.4141253134885,1464.7,128.57174937302307,-69.79166666666667,29.564701435768228,38.4196975617357,11.854709183833279,-75.23566209723948,20.512820512820515,32.56410256410256,30.810392254239662,100.0,1397.0,1525.0,1404.0,0,0,956400.2,-3288479,1467.5084942126389,0.9666666666666667,0.03333333333333333,0.7333333333333333,22033500.0,-6.491803278688502,-12.11750305997552,-4.556162731384525,-2.309402434179033,79.26774552615807,30.764423076923073,0.0,0.0,0.0,0.0,0.0,0.0,6268954000000000.0,0.0,0.0
2013-04-04,,,,1427.2,1449.6,1459.9,1506.3333333333333,1462.8893614942099,26.428571428571427,48.205128205128204,-24.37874494161042,-21.13875998309384,-3.2399849585165796,1519.3851595822493,1400.4148404177508,1459.9,118.9703191644985,-66.66666666666667,30.937871132617417,35.925755418696276,20.962102560459698,-50.81526078351098,25.405405405405407,26.486486486486488,26.736979555826963,100.0,1397.0,1518.0,1404.0,0,0,934521.5,-2644640,1462.7279129657975,0.4,0.6,0.15,32191950.0,-5.8629776021080104,-12.11750305997552,-4.303362015271277,-2.309402434179033,79.26774552615807,30.764423076923073,0.0,0.0,0.0,0.0,0.0,0.0,6615958000000000.0,0.0,0.0
2013-04-09,,,,1427.4,1445.3,1456.05,1507.6333333333334,1460.804660399523,25.0,47.39583333333333,-23.039487305028615,-21.518905447480797,-1.5205818575478176,1509.3474769818508,1402.752523018149,1456.05,106.59495396370176,-54.166666666666664,36.06384391297301,35.97178491678852,36.247961905341995,-43.97327223463369,17.142857142857142,30.571428571428573,26.061530454030553,96.19728915662648,1397.0,1504.0,1404.0,0,0,914838.45,-2162355,1459.3923328211663,0.90625,0.09375,0.375,15071406.25,-4.188829787234027,-12.11750305997552,-3.346413655146963,-2.309402434179033,79.26774552615807,30.764423076923073,0.0,0.0,0.0,0.0,0.0,0.0,6395484000000000.0,0.0,0.0
2013-04-10,,,,1429.8,1442.3,1453.3,1508.0333333333333,1459.6804070281398,23.714285714285715,53.80434782608696,-21.089476480868825,-21.433019654158404,0.3435431732895786,1501.6239071267973,1404.9760928732026,1453.3,96.64781425359479,-45.833333333333336,43.96593425615825,38.6365013632451,54.62480004198454,-12.384770179966791,21.08433734939759,29.81927710843373,24.463307567793354,100.0,1397.0,1496.0,1404.0,0,0,874333.25,-1587244,1455.330085124865,0.6666666666666666,0.3333333333333333,0.5333333333333333,38340733.33333333,-3.1417112299464867,-12.11750305997552,-2.3654367759842456,-2.309402434179033,79.20313725490196,30.764423076923073,0.0,0.0,0.0,0.0,0.0,0.0,6434604000000000.0,0.0,0.0
2013-04-11,,,,1435.0,1436.9,1450.0,1507.7833333333333,1456.8537015968884,24.071428571428573,44.680851063829785,-20.837023823981326,-21.31382048812299,0.4767966641416628,1494.9420679729308,1405.0579320270692,1450.0,89.88413594586154,-65.625,45.487093425674125,40.92003205072144,54.621216175579505,-30.832319342003995,19.287833827893177,33.531157270029674,23.75503348616942,65.25966999261173,1493.0,1487.0,1404.0,0,0,848771.05,-2191595,1452.0029220090232,0.1724137931034483,0.8275862068965517,0.6551724137931034,20839689.65517241,-3.8332212508405794,-12.11750305997552,-2.8225119997376433,-2.309402434179033,78.88,30.764423076923073,0.0,0.0,0.0,0.0,0.0,0.0,5933182000000000.0,0.0,0.0
2013-04-12,,,,1433.0,1432.7,1446.45,1507.1,1452.9628728733753,23.857142857142858,32.95454545454545,-21.518583436688232,-21.35477307783604,-0.1638103588521922,1490.2892998407324,1402.6107001592677,1446.45,87.67859968146468,-80.20833333333333,40.37763900335947,40.73923436826745,39.65444827354352,-52.17127162116426,13.47305389221557,37.125748502994014,24.270081943972798,7.673269777157377,1493.0,1484.0,1404.0,0,0,823882.15,-2886295,1448.0282240406998,0.06666666666666667,0.9333333333333333,0.4666666666666667,23156666.666666668,-4.5822102425875695,-12.11750305997552,-3.044135201981406,-2.309402434179033,78.79030303030302,30.764423076923073,0.0,0.0,0.0,0.0,0.0,0.0,6000572000000000.0,0.0,0.0
2013-04-15,,,,1431.2,1429.2,1445.0,1506.1666666666667,1449.8235516473396,23.642857142857142,31.395348837209312,-21.48825454708026,-21.381469371684886,-0.10678517539537324,1490.3756252675416,1399.6243747324584,1445.0,90.75125053508327,-75.78947368421052,40.368718399900466,40.61572904547845,39.874697108744485,-56.77792889145723,9.06344410876133,37.764350453172206,26.65460664657702,0.7688625848066369,1397.0,1484.0,1404.0,0,0,783844.0,-2219407,1445.7151314334656,0.5,0.5,0.2857142857142857,47634857.14285714,-4.312668463611824,-12.11750305997552,-1.3573445759729528,-1.7792430321480652,78.33535353535355,30.764423076923073,0.0,0.0,0.0,0.0,0.0,0.0,6046670000000000.0,0.0,0.0
2013-04-16,,,,1421.6,1424.5,1442.85,1505.0,1444.4117848237836,26.071428571428573,27.835051546391753,-23.373458356679976,-21.779867168683907,-1.5935911879960685,1493.7586901898035,1391.9413098101963,1442.85,101.81738037960713,-85.34482758620689,34.17743619822424,38.46963142972705,25.593045735218624,-93.10175027260198,8.21917808219178,43.01369863013698,30.54218281869492,0.0,1492.0,1484.0,1393.0,0,1,779693.35,-3606081,1443.0456850546864,0.34,0.66,0.54,27733480.0,-6.132075471698084,-11.090458488227984,-1.9689858703875773,-1.9211605751418719,77.35873015873015,30.116820938397694,0.0,0.0,0.0,0.0,0.0,0.0,7855448000000000.0,0.0,0.0
2013-04-17,,,,1412.0,1420.9,1440.35,1504.3666666666666,1440.2773291262804,28.0,28.93401015228426,-23.94592905244417,-22.21307954543596,-1.7328495070082113,1494.3880957239703,1386.3119042760295,1440.35,108.0761914479408,-69.74789915966386,36.26810353289856,37.73578879745089,33.332733003793905,-93.06135643131721,6.887755102040816,42.857142857142854,34.85511759034529,4.231761207760396,1365.0,1484.0,1393.0,0,0,765639.7,-2606200,1438.7710178386342,0.9,0.1,0.2,24997025.0,-5.592991913746603,-11.090458488227984,-2.3284312112599754,-1.9211605751418719,77.35873015873015,29.023316553278438,0.0,0.0,0.0,0.0,0.0,0.0,8704988000000000.0,0.0,0.0
2013-04-18,,,,1394.0,1414.5,1435.6,1501.6666666666667,1430.72710730473,31.428571428571427,24.56896551724138,-28.987654765051957,-23.56799458935916,-5.419660175692798,1505.8788431142186,1365.3211568857812,1435.6,140.55768622843743,-93.28358208955224,26.61776007884294,34.029779224581574,11.793721787365683,-117.59257725411675,7.500000000000001,39.31818181818182,37.78871821506119,0.0,1465.0,1484.0,1340.0,0,1,810642.45,-4503029,1429.8035303974027,0.1125,0.8875,0.7625,23710362.5,-9.703504043126665,-9.937888198757761,-3.5686795870904415,-2.399330034168857,76.91328758577667,28.837584690865064,1.0,0.0,0.0,0.0,0.0,0.0,1.1289944e+16,0.0,0.0
2013-04-19,,,,1381.0,1407.0,1430.65,1499.2333333333333,1423.1340494661845,33.714285714285715,28.33333333333333,-31.729888246268274,-25.200373320740983,-6.529514925527291,1510.0166375619758,1351.2833624380244,1430.65,158.73327512395144,-76.7605633802817,25.83340868001294,31.297655709725365,14.904914620588094,-114.69298727586917,6.991525423728814,39.40677966101695,41.08720415594079,12.876068376068353,1318.0,1484.0,1340.0,0,0,839492.55,-2965795,1420.9145180224252,0.75,0.25,0.25,34937136.36363636,-8.962264150943366,-9.703504043126665,-3.715220998743417,-2.399330034168857,76.35231111477302,28.42817294281729,1.0,0.0,0.0,0.0,0.0,0.0,1.2975012e+16,0.0,0.0
2013-04-22,,,,1371.8,1401.5,1425.55,1497.1333333333334,1418.4546161836909,34.285714285714285,36.693548387096776,-31.68200976863136,-26.49670061031906,-5.1853091583123,1505.7509975000264,1345.3490024999735,1425.55,160.40199500005292,-58.8235294117647,30.94776264942039,31.181024689623705,30.48123856901377,-73.84532797168863,10.625,35.416666666666664,43.13095479782227,41.4722911497105,1318.0,1484.0,1340.0,0,0,847640.35,-1654473,1413.7191018179665,0.8064516129032258,0.1935483870967742,0.7419354838709677,42300709.67741936,-7.412398921832841,-9.703504043126665,-3.782030150357593,-2.399330034168857,74.19265143992055,28.42817294281729,1.0,0.0,0.0,0.0,0.0,0.0,1.426388e+16,0.0,0.0
2013-04-23,,,,1365.6,1393.6,1419.45,1494.7333333333333,1413.0779860709586,34.214285714285715,35.40856031128405,-32.2407145537461,-27.64550339900447,-4.595211154741634,1499.4907133243635,1339.4092866756366,1419.45,160.08142664872685,-67.6470588235294,31.416155491770457,31.259401623672623,31.729663227966128,-65.73978891417846,11.899791231732776,30.89770354906054,44.042834246287086,37.07697296218697,1454.0,1484.0,1340.0,0,0,843305.5,-2765699,1405.7100199354406,0.1111111111111111,0.8888888888888888,0.4444444444444444,41156518.518518515,-8.221024258760067,-9.703504043126665,-4.587981053757039,-2.399330034168857,73.51235230934479,28.42817294281729,1.0,0.0,0.0,0.0,0.0,0.0,1.3712984e+16,0.0,0.0
2013-04-24,,,,1353.8,1382.9,1412.6,1492.1666666666667,1406.3086540642007,34.5,37.29508196721312,-33.90647226796705,-28.89769717279699,-5.0087750951700585,1494.6074451048853,1330.5925548951145,1412.6,164.01489020977078,-82.3529411764706,27.293310010386655,29.937371085910634,22.005187859338704,-83.08126075899047,11.801242236024844,33.54037267080745,44.951586633049565,43.52984447246744,1454.0,1484.0,1340.0,0,0,869853.2,-3930486,1399.105062804467,0.2926829268292683,0.7073170731707317,0.4878048780487805,28409439.024390247,-9.568733153638775,-9.703504043126665,-5.142606991692075,-2.399330034168857,72.70914472659292,28.42817294281729,1.0,0.0,0.0,0.0,0.0,0.0,1.4042796e+16,0.0,0.0
2013-04-25,,,,1354.4,1374.2,1405.55,1489.5333333333333,1400.2792584390388,35.357142857142854,31.390134529147986,-34.745382474061216,-30.067234233049835,-4.678148241011382,1485.9397741598573,1325.1602258401426,1405.55,160.77954831971465,-80.43478260869566,26.303648115032544,28.72613009561794,21.458684153861753,-85.49034657961599,11.515151515151516,34.949494949494955,46.932262961551984,23.331896056111304,1316.0,1458.0,1340.0,0,0,918373.85,-2513629,1392.3646058737409,0.6428571428571429,0.35714285714285715,0.023809523809523808,33734690.47619047,-7.887517146776379,-9.703504043126665,-5.309061754835999,-2.399330034168857,71.81724962971403,28.42817294281729,1.0,0.0,0.0,0.0,0.0,0.0,1.3082852e+16,0.0,0.0
2013-04-26,,,,1354.6,1367.8,1400.25,1487.2333333333333,1395.681233825797,35.714285714285715,33.18777292576419,-34.28874081246431,-30.911535548932733,-3.377205263531579,1480.054695812235,1320.445304187765,1400.25,159.60939162446994,-73.91304347826087,28.444856319112606,28.632372170116163,28.069824617105496,-67.79615217233945,8.6,34.6,51.082395236684256,29.480741238383153,1316.0,1455.0,1340.0,0,0,930297.2,-1534146,1387.1319847571292,0.76,0.24,0.36,39179320.0,-7.07903780068726,-9.703504043126665,-4.018206863245065,-2.399330034168857,66.81958627913068,28.42817294281729,1.0,0.0,0.0,0.0,0.0,0.0,1.196735e+16,0.0,0.0
2013-04-29,,,,1348.4,1360.1,1394.65,1484.9333333333334,1390.6639734614355,35.92857142857143,28.31858407079646,-34.25816696577226,-31.58086183230064,-2.67730513347162,1473.9954140882837,1315.3045859117165,1394.65,158.69082817656727,-80.43478260869566,28.436921756601386,28.567222032277904,28.176321205248357,-59.19579046894421,10.536779324055665,32.604373757455264,52.72584960510345,12.82561833446789,1454.0,1449.0,1340.0,0,0,953781.85,-2474176,1383.5630213554598,0.2,0.8,0.2571428571428571,26858000.0,-7.315389924085558,-9.703504043126665,-4.267424450744425,-2.399330034168857,63.602511814591836,28.330383480825954,1.0,0.0,0.0,0.0,0.0,0.0,1.1224766e+16,0.0,0.0
2013-05-03,,,,1341.2,1353.4,1388.95,1482.5833333333333,1384.5054997984416,37.214285714285715,23.829787234042556,-35.19993199225837,-32.30467586429219,-2.895256127966178,1470.9139843885177,1306.9860156114823,1388.95,163.9279687770354,-88.88888888888889,24.23847589053954,27.12430665169845,18.466814368221712,-83.33405423062872,8.253358925143955,36.468330134357004,56.006589993800254,0.0,1454.0,1449.0,1326.0,0,1,949140.75,-2973876,1380.0302935751804,0.6956521739130435,0.30434782608695654,0.7391304347826086,21726086.95652174,-8.488612836438891,-9.703504043126665,-4.376717432631752,-2.399330034168857,63.602511814591836,28.30002854695975,1.0,0.0,0.0,0.0,0.0,0.0,1.0001714e+16,0.0,0.0
2013-05-06,,,,1343.0,1348.4,1384.65,1480.6166666666666,1381.3144998176379,37.357142857142854,33.609958506224075,-33.54234126381016,-32.55220894419578,-0.990132319614375,1465.0078182093532,1304.292181790647,1384.65,160.71563641870625,-69.40298507462687,34.14144006737723,29.463351123591377,43.49761795494894,-50.854693871317345,12.810707456978967,33.652007648183556,57.28442391832581,72.63243371932238,1310.0,1449.0,1326.0,0,0,969909.45,-2002951,1376.7814300774846,0.8064516129032258,0.1935483870967742,0.8064516129032258,31320161.29032258,-6.763285024154575,-9.703504043126665,-3.0520953394218875,-2.399330034168857,63.602511814591836,28.30002854695975,1.0,0.0,0.0,0.0,0.0,0.0,9613990000000000.0,0.0,0.0
2013-05-07,,,,1345.6,1350.0,1382.25,1478.3666666666666,1378.9035950731009,36.642857142857146,37.06896551724139,-31.462549767005157,-32.33427710875766,0.8717273417525035,1463.0405023078636,1301.4594976921364,1382.25,161.58100461572712,-60.68376068376068,42.93639864140938,33.95436696286404,60.90046199850008,-28.375817306557796,15.789473684210524,32.16374269005848,56.384479584985606,98.32074637464328,1310.0,1449.0,1326.0,0,0,954639.35,-1453291,1374.6464224945264,0.16666666666666666,0.8333333333333334,0.2777777777777778,30536666.666666668,-6.418219461697694,-9.703504043126665,-1.7580702522985683,-2.0240396698535226,63.602511814591836,28.30002854695975,1.0,0.0,0.0,0.0,0.0,0.0,7879596000000000.0,0.0,0.0
2013-05-08,,,,1352.4,1353.5,1380.25,1476.6666666666667,1379.579443161377,39.57142857142857,43.41085271317829,-27.081373525724985,-31.283696392151125,4.20232286642614,1458.418172281906,1302.081827718094,1380.25,156.33634456381196,-34.48275862068966,55.86440913011521,41.25771435194777,85.07779868645011,-2.042356382786509,20.3971119133574,30.505415162454874,53.42503911696586,100.0,1310.0,1449.0,1326.0,0,0,990241.35,-80246,1373.5457850755272,0.6909090909090909,0.3090909090909091,0.5454545454545454,24964454.545454543,-4.347826086956497,-9.703504043126665,-1.3678426108639004,-2.0240396698535226,63.602511814591836,28.30002854695975,1.0,0.05,0.0,0.0,0.0,0.0,8666720000000000.0,0.0,0.0
2013-05-09,,,,1363.6,1356.0,1378.75,1473.6666666666667,1381.4290200031505,37.214285714285715,51.229508196721305,-22.303171359186535,-29.487591385558208,7.184420026371672,1454.0791025050048,1303.4208974949952,1378.75,150.65820501000962,-11.881188118811881,69.14258099713774,50.552669900344426,106.32240319072437,22.204348893974633,21.68905950095969,25.335892514395393,49.12794365540462,100.0,1310.0,1449.0,1326.0,0,0,1006734.3,893452,1372.7835409501793,0.8235294117647058,0.17647058823529413,0.7647058823529411,57276352.94117647,-3.4506556245686437,-9.703504043126665,-0.9770991217174547,-2.0240396698535226,61.87365754254558,28.30002854695975,1.0,0.1,0.0,0.0,0.0,0.0,8734056000000000.0,0.0,0.0
2013-05-10,,,,1377.8,1359.5,1376.55,1470.5333333333333,1382.911970479041,35.714285714285715,49.15966386554622,-18.464942637720014,-27.28306163599057,8.818118998270556,1446.6100494312898,1306.4899505687101,1376.55,140.12009886257965,-13.861386138613861,76.30338733142516,59.13624237737133,110.63767723953282,27.81757395838436,23.400000000000002,24.199999999999996,44.08315650977714,92.4457466775139,1411.0,1449.0,1326.0,0,0,1027831.75,-10782,1372.436984360524,0.5263157894736842,0.47368421052631576,0.10526315789473684,47591263.15789474,-3.5886818495513895,-9.703504043126665,-1.499613519226476,-2.0240396698535226,55.35691109669049,28.30002854695975,1.0,0.15,0.0,0.0,0.0,0.0,9543124000000000.0,0.0,0.0
2013-05-13,,,,1391.4,1367.2,1375.05,1467.6166666666666,1386.3489256715131,32.785714285714285,69.84924623115577,-13.4923709312975,-24.524923495051958,11.032552563754457,1439.6507169586987,1310.4492830413012,1375.05,129.20143391739748,-4.385964912280702,82.74026991685653,67.00425155719972,114.21230663617015,53.14489846951955,28.104575163398692,19.389978213507625,40.53940356725337,99.99999999999999,1310.0,1430.0,1326.0,0,0,1063425.45,1276203,1372.6443958687155,0.8717948717948718,0.1282051282051282,0.5641025641025641,32999615.384615384,-0.7692307692307554,-9.703504043126665,-0.9425102291571386,-2.0240396698535226,55.35691109669049,28.30002854695975,1.0,0.2,0.0,0.0,0.0,0.0,1.0175244e+16,0.0,0.0
2013-05-14,,,,1407.2,1376.4,1375.3,1464.3333333333333,1390.9823613218452,31.928571428571427,70.58823529411765,-8.166368928473275,-21.25321258173622,13.086843653262946,1440.8281377890767,1309.7718622109232,1375.3,131.05627557815342,-8.75912408759124,85.57380524870727,73.19410278770223,110.33321017071734,90.3104022437563,34.00447427293065,17.002237136465325,37.930140684017886,100.0,1310.0,1435.0,1326.0,1,0,1091512.85,2442302,1374.0696075482147,0.625,0.375,0.5,36440593.75,0.0,-9.703504043126665,0.2965103422801427,-2.0240396698535226,55.35691109669049,28.30002854695975,1.0,0.25,0.0,0.0,0.0,0.0,1.1408122e+16,0.0,0.0
2013-05-15,,,,1415.8,1384.1,1375.95,1460.9,1394.6030888150028,31.357142857142858,64.70588235294117,-4.37914378177652,-17.87839882174428,13.49925503996776,1443.4075109937557,1308.4924890062443,1375.95,134.9150219875114,-13.138686131386862,86.00297478867589,77.46372678802678,103.0814707899741,87.44749321460685,30.52391799544419,17.3120728929385,36.0567759535103,87.41970021413275,1447.0,1435.0,1326.0,0,0,1112601.7,1325825,1375.396595175674,0.30434782608695654,0.6956521739130435,0.2608695652173913,48542478.26086957,-0.4181184668989535,-9.703504043126665,0.5874793645614417,-2.0240396698535226,55.35691109669049,28.30002854695975,1.0,0.3,0.0,0.0,0.0,0.0,1.0894986e+16,0.0,0.0
2013-05-16,,,,1417.4,1390.5,1375.3,1457.2,1395.7837470230977,31.428571428571427,61.421319796954315,-3.117025575312937,-14.926124172458012,11.809098597145075,1441.2029589623937,1309.3970410376062,1375.3,131.80591792478754,-29.197080291970803,79.64936611256078,78.1922732295381,82.56355187860615,61.36564598098404,29.09090909090909,21.363636363636367,33.97999534014432,80.39516733877541,1447.0,1435.0,1326.0,0,0,1146920.95,-27448,1376.3969501269175,0.10714285714285714,0.8928571428571429,0.7857142857142857,48331178.571428575,-1.9512195121951126,-9.703504043126665,-0.3402506534301747,-2.0240396698535226,55.327742220260454,28.30002854695975,1.0,0.35,0.0,0.0,0.0,0.0,1.1654136e+16,0.0,0.0
2013-05-17,,,,1425.4,1401.6,1377.5,1454.1,1399.7091044494694,32.42857142857143,72.94685990338164,0.3004975274757271,-11.880799832471265,12.181297359946992,1448.6218376412805,1306.3781623587195,1377.5,142.24367528256107,-9.285714285714286,82.18454472863529,79.52303039590383,87.50757339409822,75.35088636360028,32.158590308370044,16.299559471365637,32.89300014356008,100.0,1310.0,1437.0,1326.0,1,0,1178555.05,1991908,1379.470208300127,0.7636363636363637,0.23636363636363636,0.5454545454545454,36715563.63636364,0.0,-9.703504043126665,1.6744713616288025,-1.680262873315017,55.327742220260454,28.30002854695975,1.0,0.4,0.0,0.0,0.0,0.0,1.388438e+16,0.0,0.0
2013-05-20,,,,1432.4,1411.9,1380.15,1451.1,1404.8796659304721,31.285714285714285,74.88789237668162,4.330745000857178,-8.638490865805576,12.969235866662753,1458.537096145375,1301.7629038546252,1380.15,156.77419229074985,-2.7027027027027026,86.91090860696897,81.98565646625887,96.76141288838917,92.08170579811174,35.15981735159817,13.698630136986301,32.42803236042895,99.99999999999999,1310.0,1454.0,1326.0,1,0,1197490.75,3370503,1382.9613833203584,0.8461538461538461,0.15384615384615385,0.6538461538461539,53022884.615384616,0.0,-9.703504043126665,1.9610975279891618,-1.680262873315017,55.327742220260454,28.30002854695975,1.0,0.45,0.0,0.0,0.0,0.0,1.40676e+16,0.0,0.0
2013-05-21,,,,1434.4,1420.8,1385.4,1448.4,1408.70065012757,30.714285714285715,70.85201793721973,6.721044360334417,-5.566583820577577,12.287628180911994,1466.4831931446051,1304.316806855395,1385.4,162.1663862892101,-10.0,84.60727240464598,82.85952844572125,88.10276032249544,81.72708614553137,36.279069767441854,13.953488372093021,31.30369373609032,92.0955264043054,1460.0,1454.0,1326.0,0,0,1151903.05,2385428,1387.6349803628584,0.11764705882352941,0.8823529411764706,0.5294117647058824,57945588.23529412,-0.6189821182943644,-9.568733153638775,5.021022746225576,-1.4719842490718278,55.327742220260454,28.30002854695975,0.0,0.5,0.0,0.0,0.0,0.0,1.3705552e+16,0.0,0.0
2013-05-22,,,,1440.2,1428.0,1390.75,1445.8,1413.3958263058967,29.714285714285715,75.33039647577093,9.554229962656109,-2.54242106393084,12.09665102658695,1476.2746963409375,1305.2253036590625,1390.75,171.0493926818749,-1.3333333333333333,88.84929271420843,84.85611653521698,96.83564507219131,75.66176126484255,34.37499999999999,15.384615384615383,30.375992127162508,100.0,1310.0,1458.0,1326.0,1,0,1128008.5,3444771,1393.6689479290271,0.9047619047619048,0.09523809523809523,0.6190476190476191,50444904.76190476,0.0,-9.568733153638775,5.065682583334462,-1.4719842490718278,55.327742220260454,28.30002854695975,0.0,0.55,0.0,0.0,0.0,0.0,1.3591284e+16,0.0,0.0
2013-05-23,,,,1450.2,1433.8,1394.9,1443.25,1417.5486047529541,28.285714285714285,81.04265402843602,11.585310078860857,0.28312516462749926,11.302184914233358,1484.9383544005386,1304.8616455994616,1394.9,180.07670880107707,-6.428571428571429,88.86249143910192,86.19157483651196,94.20432464428183,73.53667267282954,37.62626262626262,9.595959595959597,30.1094321282117,100.0,1466.0,1458.0,1326.0,0,0,1107756.5,2538489,1397.8667849989297,0.3076923076923077,0.6923076923076923,0.07692307692307693,69714000.0,-0.0685871056241294,-9.568733153638775,4.033546538141088,-1.4719842490718278,55.327742220260454,28.30002854695975,0.0,0.6,0.0,0.0,0.0,0.0,1.2697302e+16,0.0,0.0
2013-05-24,,,,1448.4,1436.9,1398.2,1441.0833333333333,1418.5439757288632,28.285714285714285,67.90697674418604,10.731195525130943,2.372739236728188,8.358456288402754,1487.9988395189296,1308.4011604810705,1398.2,179.59767903785905,-32.20338983050848,74.73461870588015,82.3725894596347,59.45867719837105,42.818957669246856,31.565656565656568,16.414141414141415,29.16107357751397,70.12832507578717,1466.0,1458.0,1326.0,0,0,1100305.95,1576274,1400.9626692315292,0.07692307692307693,0.9230769230769231,1.1153846153846154,37008269.23076923,-2.0576131687242705,-9.568733153638775,3.070531674887926,-1.562080792371755,55.327742220260454,28.30002854695975,0.0,0.65,0.0,0.0,0.0,0.0,1.058302e+16,0.0,0.0
2013-05-27,,,,1443.0,1437.7,1402.45,1438.9833333333333,1419.3493113737334,28.071428571428573,66.82464454976304,9.85995254970021,3.8701818993225925,5.9897706503776185,1489.03789267498,1315.8621073250201,1402.45,173.17578534995982,-33.05084745762712,64.84655331565719,76.5305774116422,41.47850512368717,31.565678394536572,28.244274809160306,17.811704834605596,28.34004445167417,62.21810016596701,1466.0,1458.0,1326.0,0,0,1083818.6,741234,1404.893790037066,0.35294117647058826,0.6470588235294118,0.058823529411764705,49120000.0,-2.126200274348411,-8.488612836438891,4.154610968218831,-1.562080792371755,55.327742220260454,28.30002854695975,0.0,0.7,0.0,0.0,0.0,0.0,9495910000000000.0,0.0,0.0
2013-05-28,,,,1439.6,1437.0,1406.7,1436.8,1420.173186480997,25.928571428571427,61.53846153846154,9.14476272507818,4.92509806447371,4.2196646606044705,1489.2516744068075,1324.1483255931926,1406.7,165.10334881361496,-46.91358024691358,58.723993290250334,70.59504937117825,34.98188112839449,25.92617764673215,22.03856749311295,19.834710743801654,27.297544584986174,38.82571116972466,1385.0,1458.0,1326.0,0,0,1057900.9,1639737,1410.2451690575808,0.56,0.44,0.04,35940120.0,-2.0576131687242483,-8.488612836438891,4.151515492414791,-1.562080792371755,55.327742220260454,28.30002854695975,0.0,0.75,0.0,0.0,0.0,0.0,9322766000000000.0,0.0,0.0
2013-05-29,,,,1435.4,1437.8,1410.95,1435.15,1421.7757401494734,26.142857142857142,60.674157303370784,9.198163714618659,5.7797111945027,3.4184525201159586,1490.3357338370142,1331.5642661629859,1410.95,158.77146767402837,-35.80246913580247,58.86763871932182,66.6859124872261,43.23109118351326,26.231714987955254,21.85792349726776,19.672131147540984,27.119548574551924,36.11484800828642,1385.0,1458.0,1326.0,0,0,1046966.95,2400541,1413.9022919013823,1.0,0.0,0.45,38040200.0,-1.4403292181069838,-8.488612836438891,4.127183279744333,-1.562080792371755,60.82358980208749,28.30002854695975,0.0,0.8,0.0,0.0,0.0,0.0,8725688000000000.0,0.0,0.0
2013-05-30,,,,1429.2,1439.7,1415.1,1432.95,1422.1780506114285,26.285714285714285,57.75401069518717,8.25768684073023,6.2753063237482065,1.9823805169820234,1487.9369484027902,1342.2630515972096,1415.1,145.67389680558063,-49.382716049382715,46.93740017185558,60.10307504876927,20.60605041802819,25.027208347190083,23.09782608695652,19.56521739130435,27.59094732513496,0.0,1466.0,1458.0,1326.0,0,0,1035758.8,1684674,1417.4390345191048,0.047619047619047616,0.9523809523809523,0.5238095238095238,34088904.76190476,-2.1947873799725404,-8.488612836438891,4.046120402086262,-1.562080792371755,60.82358980208749,28.30002854695975,0.0,0.85,0.0,0.0,0.0,0.0,8344858000000000.0,0.0,0.0
2013-05-31,,,,1423.6,1436.0,1418.8,1429.9166666666667,1420.065855315102,26.357142857142858,45.02617801047121,5.352667217703811,6.090778502539328,-0.7381112848355169,1479.001766017104,1358.5982339828959,1418.8,120.40353203420818,-82.5,37.12493344790372,52.44369451514742,6.487411313416331,-24.826895140984206,18.157181571815716,29.539295392953928,27.984876790165345,0.0,1466.0,1458.0,1351.0,0,0,1075009.95,399951,1418.7512449225858,0.3888888888888889,0.6111111111111112,0.7222222222222222,35686750.0,-3.9780521262002377,-6.763285024154575,3.5495558616282126,-1.8316373728029627,60.82358980208749,28.30002854695975,0.0,0.85,0.0,0.0,0.0,0.0,8989874000000000.0,0.0,0.0
2013-06-03,,,,1414.6,1428.8,1420.35,1426.8166666666666,1416.440535761283,26.214285714285715,36.26943005181347,1.5797582000309376,5.18857444203765,-3.6088162420067125,1474.4931824935097,1366.20681750649,1420.35,108.28636498701962,-98.82352941176471,25.142112494680912,43.34316717499192,-11.259996865941105,-55.32946233181221,11.989100817438691,31.062670299727518,28.768481371238277,0.0,1466.0,1458.0,1356.0,0,0,1067567.45,-422124,1421.0644940514062,0.03333333333333333,0.9666666666666667,0.6,27402500.0,-5.212620027434811,-6.418219461697694,1.5511767081245176,-1.8316373728029627,60.82358980208749,28.30002854695975,0.0,0.85,0.0,0.0,0.0,0.0,8963944000000000.0,0.0,0.0
2013-06-04,,,,1407.6,1423.6,1422.2,1424.7333333333333,1414.208103784018,26.0,40.90909090909091,-0.5167347135304681,4.047512610924026,-4.564247324454494,1469.1337719277667,1375.2662280722334,1422.2,93.86754385553331,-82.95454545454545,22.443226511605456,36.376520287196435,-5.4233610395765055,-69.16986013166505,12.087912087912088,32.142857142857146,30.034379034651472,10.362579339160256,1378.0,1458.0,1382.0,0,0,1089019.65,556580,1421.1946813509442,0.75,0.25,0.55,48935200.0,-4.458161865569233,-5.212620027434811,1.81273776624756,-1.8316373728029627,60.82358980208749,28.330383480825954,0.0,0.85,0.0,0.0,0.0,0.0,9124346000000000.0,0.0,0.0
2013-06-05,,,,1407.0,1421.2,1424.6,1423.1833333333334,1416.0930462807783,26.928571428571427,56.22119815668203,1.1172578438051914,3.4614616575002595,-2.344203813695068,1468.5540429851003,1380.6459570148995,1424.6,87.90808597020077,-36.36363636363637,40.187376232962194,37.646805602451686,45.26851749398321,-8.01030027991241,21.220159151193634,26.25994694960212,29.69860830781929,44.56183033700226,1378.0,1458.0,1382.0,0,0,1085326.55,1855763,1423.8121492251958,1.0,0.0,1.0,31687390.243902437,-1.646090534979383,-5.212620027434811,2.153373161378343,-1.8316373728029627,60.82358980208749,28.330383480825954,1.0,0.85,0.0,0.0,0.0,0.0,1.0201104e+16,0.0,0.0
2013-06-06,,,,1411.0,1420.1,1426.95,1421.8666666666666,1418.9413275873708,25.357142857142858,52.26130653266331,3.341984117001857,3.4375661494005794,-0.0955820323987222,1470.1605006731036,1383.7394993268965,1426.95,86.42100134620705,-22.727272727272727,53.77571113943511,43.023107448112825,75.28091852207967,48.14193291921368,25.35211267605634,25.35211267605634,27.36094597015695,35.717500462329184,1378.0,1458.0,1382.0,0,0,1105410.15,3231133,1426.4260122211954,0.5151515151515151,0.48484848484848486,0.36363636363636365,41677878.78787878,-0.8230452674896749,-5.212620027434811,2.0969867798979447,-1.8316373728029627,60.82358980208749,28.330383480825954,1.0,0.85,0.0,0.0,0.0,0.0,1.152011e+16,0.0,0.0
2013-06-07,,,,1416.8,1420.2,1428.55,1420.3833333333334,1419.8992963885735,25.357142857142858,43.718592964824126,3.6907926317055626,3.488211445861576,0.20258118584398677,1469.3961812941554,1387.7038187058445,1428.55,81.69236258831097,-42.04545454545455,56.08856933105198,47.378261409092545,73.50918517497084,9.81136258624208,23.098591549295772,27.88732394366197,24.894305366479124,16.63753969761053,1466.0,1458.0,1382.0,0,0,1121715.05,2000801,1427.912894158518,0.34615384615384615,0.6538461538461539,0.6538461538461539,47320461.538461536,-1.9890260631000856,-5.212620027434811,1.436930259512895,-1.8316373728029627,60.82358980208749,28.42817294281729,1.0,0.85,0.0,0.0,0.0,0.0,1.1411328e+16,0.0,0.0
2013-06-10,,,,1426.4,1420.5,1429.1,1419.15,1420.8612681610903,26.571428571428573,46.07329842931937,4.00178742092703,3.5909266408746667,0.4108607800523636,1469.7002333412954,1388.4997666587044,1429.1,81.20046668259101,-40.90909090909091,58.02730018895528,50.92794100238012,72.2260185621056,-5.758977538836622,21.50537634408602,29.838709677419356,22.879014084172134,21.896721984159093,1378.0,1458.0,1382.0,0,0,1127055.1,3394587,1428.896636730538,0.6470588235294118,0.35294117647058826,0.029411764705882353,40993705.88235294,-1.920438957475945,-5.212620027434811,0.5685779845469683,-1.8316373728029627,60.82358980208749,28.813874788494072,1.0,0.85,0.0,0.0,0.0,0.0,1.255475e+16,0.0,0.0
2013-06-14,,,,1435.6,1421.6,1429.3,1418.2,1422.5887664314625,27.5,44.919786096256686,4.917788609964646,3.856299034692663,1.0614895752719828,1470.061695125116,1388.5383048748838,1429.3,81.5233902502323,-30.681818181818183,62.89121599898606,54.9156993345821,78.84224932779398,11.24357642688242,22.077922077922075,27.792207792207794,20.971448521715267,19.320377842256402,1378.0,1458.0,1382.0,0,0,1133639.5,4692374,1428.9547576338568,0.7647058823529411,0.23529411764705882,0.2647058823529412,38170205.88235294,-1.3031550068586584,-5.212620027434811,0.26850983439050746,-1.8316373728029627,60.82358980208749,29.023316553278438,1.0,0.85,0.0,0.0,0.0,0.0,1.3192916e+16,0.0,0.0
2013-06-17,,,,1435.0,1421.0,1429.4,1417.2666666666667,1423.3898362951327,28.214285714285715,43.29896907216495,4.941233545991736,4.073285936952478,0.8679476090392582,1470.1684088221991,1388.631591177801,1429.4,81.53681764439807,-36.904761904761905,62.959223364403414,57.5968740111892,73.68392207083184,18.741124111910377,20.759493670886073,27.08860759493671,17.676393125819537,22.21897635964996,1462.0,1458.0,1382.0,0,0,1121626.75,3816152,1429.07838402273,0.17391304347826086,0.8260869565217391,0.34782608695652173,38096608.69565218,-1.8518518518517935,-5.212620027434811,0.1829963934859228,-1.8316373728029627,60.82358980208749,30.78650419631626,1.0,0.85,0.0,0.0,0.0,0.0,1.2346994e+16,0.0,0.0
2013-06-18,,,,1432.6,1421.8,1430.75,1417.0166666666667,1424.4003280765487,27.0,51.78571428571429,5.142607971129564,4.287150343787895,0.8554576273416696,1470.1607920031433,1391.3392079968567,1430.75,78.82158400628668,-33.333333333333336,64.19503779849117,59.79626194028985,72.99258951489381,14.341562840154461,21.693121693121693,21.164021164021165,15.508937449591928,50.78113339686113,1378.0,1458.0,1382.0,0,0,1088144.7,4499784,1430.1917544452804,0.35714285714285715,0.6428571428571429,0.21428571428571427,48830857.14285714,-1.646090534979383,-5.212620027434811,1.314625653091744,-1.8316373728029627,60.82358980208749,31.356451514721105,1.0,0.85,0.0,0.0,0.0,0.0,1.0963518e+16,0.0,0.0
2013-06-19,,,,1429.2,1423.0,1429.5,1416.6166666666666,1423.2193444502109,28.857142857142858,46.03174603174603,3.4867889826066403,4.127078071551644,-0.6402890889450035,1469.6549629887863,1389.3450370112137,1429.5,80.30992597757268,-59.523809523809526,56.28875535772427,58.62709307943466,51.61207991430351,-22.111182914608232,21.534653465346533,24.504950495049503,14.351771678275382,38.63351860197286,1462.0,1458.0,1382.0,0,0,1044608.4,3351154,1429.9993377582134,0.16279069767441862,0.8372093023255814,0.5116279069767442,26712325.581395347,-3.1550068587105184,-5.212620027434811,-1.0810929534182443,-1.8316373728029627,60.82358980208749,31.394305975597046,1.0,0.8,0.0,0.0,0.0,0.0,1.0800114e+16,0.0,0.0
2013-06-20,,,,1426.4,1426.4,1427.6,1416.0333333333333,1422.531787835905,28.285714285714285,46.875,2.468847735386589,3.7954320043186334,-1.3265842689320442,1466.4486943491129,1388.751305650887,1427.6,77.69738869822595,-54.76190476190476,48.636948016260625,55.297044725043314,35.316754598695255,-46.2467692768559,21.71717171717172,24.4949494949495,14.405183897347653,43.45703125000001,1378.0,1458.0,1382.0,0,0,1015036.2,4138305,1428.0402465120621,0.9411764705882353,0.058823529411764705,0.23529411764705882,46303000.0,-2.8806584362139454,-5.212620027434811,-1.730610101422148,-1.8316373728029627,60.82358980208749,31.67037411526795,1.0,0.75,0.0,0.0,0.0,0.0,9586844000000000.0,0.0,0.0
2013-06-21,,,,1416.4,1426.0,1424.8,1415.2666666666667,1419.3382842324854,29.142857142857142,38.57142857142857,-0.510665751585293,2.934212453137848,-3.444878204723141,1466.3469297111142,1383.2530702888857,1424.8,83.09385942222843,-86.9047619047619,34.561384147592555,48.38515786589306,6.913836710991546,-77.38326525709644,21.078431372549023,27.69607843137255,14.998375418865013,10.714654187700342,1462.0,1458.0,1382.0,0,0,992893.1,3596092,1426.1091259471941,0.16129032258064516,0.8387096774193549,0.8709677419354839,17490741.935483873,-4.732510288065795,-5.212620027434811,-2.479722949473667,-1.910960238707346,60.82358980208749,32.71146245059288,1.0,0.7,0.0,0.0,0.0,0.0,8075696000000000.0,0.0,0.0
2013-06-24,,,,1408.2,1421.6,1421.4,1414.2666666666667,1416.5441619246296,30.5,41.0,-2.7594507826704557,1.7954798059761874,-4.554930588646643,1462.635651411947,1380.1643485880531,1421.4,82.4713028238939,-69.23076923076923,34.63512566361243,43.80181379846619,16.3017493939049,-98.79166327768604,18.0327868852459,32.55269320843092,16.45719319933885,23.71002872187649,1358.0,1457.0,1382.0,0,0,960226.05,4002094,1423.7300598992638,0.8,0.2,0.025,10150050.0,-4.598490048043901,-5.212620027434811,-3.0823750892970128,-1.910960238707346,60.82358980208749,33.141127431520445,1.0,0.65,0.0,0.0,0.0,0.0,7135256000000000.0,0.0,0.0
2013-06-25,,,,1395.0,1413.8,1416.95,1412.4666666666667,1411.9209084079982,29.642857142857142,41.83673469387755,-6.244858419187949,0.1874121609433601,-6.432270580131309,1461.1146441112442,1372.785355888756,1416.95,88.32928822248823,-90.38461538461539,26.713272181538724,38.105633259490375,3.928550025635417,-103.24875254135024,18.55421686746988,24.096385542168676,15.680815622113812,27.90381590644875,1462.0,1446.0,1368.0,0,1,924593.25,3808468,1421.5040882932396,0.14285714285714285,0.8571428571428571,0.7857142857142857,6915214.285714285,-5.394190871369298,-5.394190871369298,-3.9676945054705737,-1.910960238707346,60.82358980208749,33.5255213901321,1.0,0.6,0.0,0.0,0.0,0.0,6155244000000000.0,0.0,0.0
2013-06-26,,,,1390.4,1409.8,1415.0,1410.8833333333334,1409.7379647500936,29.5,51.75879396984925,-7.229210745016189,-1.29591242024855,-5.933298324767639,1460.5330995858385,1369.4669004141615,1415.0,91.066199171677,-70.1923076923077,29.040732178996834,35.08399956599253,16.954197405005445,-74.91437323522416,18.886198547215496,23.002421307506054,13.218157916901047,74.71692666990306,1358.0,1446.0,1368.0,0,0,922448.25,4727783,1418.830931852636,0.8571428571428571,0.14285714285714285,0.75,32832678.57142857,-3.941908713692943,-5.394190871369298,-1.6947707774935112,-1.8274567951125607,60.82358980208749,33.648820969537496,1.0,0.55,0.0,0.0,0.0,0.0,5696614000000000.0,0.0,0.0
2013-06-27,,,,1380.0,1403.2,1411.85,1408.9666666666667,1405.3819681072275,31.071428571428573,43.1924882629108,-9.912344780977946,-3.0191988923944293,-6.893145888583517,1462.3351202674628,1361.364879732537,1411.85,100.97024053492578,-91.58878504672897,22.518382856173332,30.89546066271946,5.7642272430810735,-85.34380736820324,18.850574712643677,23.448275862068964,10.755868653369546,26.18198310839801,1462.0,1446.0,1364.0,0,1,924912.0,3843468,1416.148161626908,0.21428571428571427,0.7857142857142857,0.5952380952380952,21055119.047619045,-5.67081604426003,-5.67081604426003,-2.6913252098911364,-1.8274567951125607,60.82358980208749,33.648820969537496,1.0,0.5,0.0,0.0,0.0,0.0,5890942000000000.0,0.0,0.0
2013-06-28,,,,1378.0,1397.2,1409.4,1407.2166666666667,1402.8693997160628,29.642857142857142,35.294117647058826,-10.704972931307111,-4.556353700176966,-6.148619231130145,1461.320587134779,1357.479412865221,1409.4,103.841174269558,-77.57009345794393,23.6144057750833,28.46844236684074,13.906332591568415,-67.78786084994597,11.08433734939759,24.57831325301205,12.700390988953334,0.0,1355.0,1446.0,1364.0,0,0,922607.1,4695873,1413.7804816011785,0.7,0.3,0.75,42620250.0,-4.633471645919773,-5.67081604426003,-2.004325203356703,-1.8274567951125607,60.82358980208749,33.648820969537496,1.0,0.45,0.0,0.0,0.0,0.0,6511326000000000.0,0.0,0.0
2013-07-01,,,,1376.0,1392.1,1406.55,1405.9166666666667,1400.6913616478662,28.714285714285715,31.25,-11.124211819100083,-5.869925323961589,-5.254286495138493,1458.3491058650645,1354.7508941349354,1406.55,103.59821173012915,-73.6842105263158,24.703510660091375,27.21346513125762,19.683601717758876,-52.03003207454181,6.218905472636816,25.37313432835821,17.031099650370656,0.0,1355.0,1446.0,1364.0,0,0,924047.3,5485481,1411.712730109523,0.4,0.6,0.05,39480400.0,-4.564315352697101,-5.67081604426003,-2.3619706323249736,-1.8274567951125607,60.82358980208749,33.5255213901321,1.0,0.4,0.0,0.0,0.0,0.0,7278538000000000.0,0.0,0.0
2013-07-02,,,,1379.8,1387.4,1404.6,1404.7833333333333,1399.3874224433075,28.357142857142858,37.34939759036145,-10.767499132110515,-6.849440085591375,-3.91805904651914,1456.252278698388,1352.9477213016119,1404.6,103.30455739677609,-66.3157894736842,33.6733081819964,29.36674614817055,42.2864322496481,-47.0892080413156,6.297229219143577,24.43324937027708,20.575680239603003,29.701414353064433,1355.0,1446.0,1364.0,0,0,923146.4,6183330,1409.7649436571853,0.9047619047619048,0.09523809523809523,0.3333333333333333,33230904.761904765,-4.080221300138332,-5.67081604426003,-1.5855159125181704,-1.8274567951125607,60.82358980208749,33.5255213901321,1.0,0.35,0.0,0.0,0.0,0.0,8286984000000000.0,0.0,0.0
2013-07-05,,,,1383.2,1386.8,1404.9,1404.2166666666667,1400.0171917344212,28.071428571428573,43.47826086956522,-8.849647321709881,-7.249481532815077,-1.6001657888948042,1456.5094646562468,1353.2905353437534,1404.9,103.2189293124934,-46.31578947368421,49.8682269600406,36.20057308546056,77.20353470920068,7.096061099920529,13.486005089058523,21.628498727735366,21.072683047099776,59.54631379962192,1355.0,1446.0,1364.0,0,0,893157.2,6868269,1410.2205607628011,0.26666666666666666,0.7333333333333333,1.2666666666666666,45662600.0,-2.766251728907343,-5.67081604426003,0.3611249249663009,-1.8052021939939675,60.82358980208749,33.5255213901321,1.0,0.4,10128.95,202579.0,inf,4.472135954999579,6448354000000001.0,0.2,0.0
2013-07-08,,,,1389.0,1384.5,1405.45,1403.4833333333333,1399.3488877597144,27.142857142857142,37.765957446808514,-8.28324322727417,-7.456233871706896,-0.8270093555672737,1456.2601730385722,1354.6398269614278,1405.45,101.6203460771444,-60.0,53.675592166908785,42.0255794459433,76.97561760883976,-17.18533281479286,12.631578947368421,26.052631578947366,22.732364776934567,31.72987974098058,1450.0,1446.0,1364.0,0,0,882923.6,6250866,1410.6259470619354,0.23809523809523808,0.7619047619047619,0.6190476190476191,29400142.85714286,-3.6652835408022333,-5.67081604426003,0.5923264815171523,-1.8052021939939675,60.82358980208749,33.5255213901321,1.0,0.4,19171.85,-21721.0,-10.722236757018244,3.083417471565889,4679724000000002.0,0.3,0.0
2013-07-09,,,,1390.4,1384.2,1405.1,1403.1833333333334,1398.0775651159322,26.714285714285715,37.967914438502675,-8.303487959813083,-7.625684689328134,-0.677803270484949,1456.3656651283463,1353.8343348716535,1405.1,102.53133025669285,-66.66666666666667,52.450394777939195,45.50051788994193,66.3501485539337,-37.71626275273006,12.032085561497327,29.144385026737964,24.756002514858015,32.71332248314345,1450.0,1446.0,1364.0,0,0,855939.5,5811844,1411.2012178430834,0.47058823529411764,0.5294117647058824,0.4117647058823529,25824823.529411767,-4.1493775933610255,-5.67081604426003,-0.22280325641901372,-1.8052021939939675,60.82358980208749,34.957285818891876,1.0,0.4,28534.1,6387.0,3.531499850711617,2.445613200813499,2974914000000002.0,0.1,0.0
2013-07-10,,,,1389.4,1382.7,1402.15,1402.3333333333333,1395.8797017715576,26.928571428571427,34.871794871794876,-9.102215451576285,-7.920990841777764,-1.1812246097985213,1453.203223002534,1351.0967769974661,1402.15,102.10644600506794,-78.49462365591398,45.71961802400248,45.57355126796212,46.01175153608321,-45.87138749652557,11.93633952254642,29.97347480106101,27.741960142165855,17.6597164958574,1450.0,1446.0,1364.0,0,0,821459.5,5202261,1409.3213916815132,0.058823529411764705,0.9411764705882353,0.6470588235294118,35857823.52941176,-4.910096818810528,-5.67081604426003,-3.069126162997335,-1.8052021939939675,60.82358980208749,34.619427598680716,0.0,0.35,38896.8,20009.0,10.685999626158239,2.055908687006634,1395698000000002.5,-0.1,0.0
2013-07-11,,,,1390.2,1385.0,1399.4,1401.7,1395.4149682695047,25.714285714285715,44.44444444444444,-8.347916871600773,-8.006376047742366,-0.34154082385840745,1446.2610488010666,1352.5389511989335,1399.4,93.72209760213309,-41.935483870967744,49.8345840590124,46.99389553164555,55.5159611137461,-36.16832261554642,11.388888888888888,26.944444444444446,30.179681373715983,64.33554534626508,1355.0,1439.0,1364.0,0,0,785270.4,5853849,1405.0465009038076,0.9615384615384616,0.038461538461538464,0.6153846153846154,25061076.92307692,-3.3356497567755716,-5.67081604426003,-2.7733584923336734,-1.8052021939939675,60.82358980208749,34.619427598680716,0.0,0.3,49035.9,-4472.0,-2.157738813243648,1.780257088164435,3.058791953448106,-0.2,0.0
2013-07-12,,,,1390.8,1387.0,1398.4,1401.1666666666667,1396.7087808152662,27.428571428571427,48.275862068965516,-6.225911808980754,-7.650283199990044,1.4243713910092897,1443.4188264711688,1353.3811735288314,1398.4,90.03765294233744,-29.87012987012987,55.1136033030232,49.70046478877143,65.93988033152675,28.36351659938488,21.09375,23.958333333333332,30.204499412368943,83.01737339599723,1355.0,1439.0,1364.0,0,0,776514.4,6909061,1403.364774154006,0.41025641025641024,0.5897435897435898,0.46153846153846156,27056717.948717948,-2.0847810979847226,-5.67081604426003,-0.9342286053099099,-1.8052021939939675,60.82358980208749,34.619427598680716,0.0,0.3,60000.5,16510.0,8.141748281405658,1.5717177001408396,3.344953552042887,-0.2,0.0
2013-07-15,,,,1392.4,1390.7,1396.95,1400.3666666666666,1397.1174683566694,26.142857142857142,53.2608695652174,-5.130598306255706,-7.146346221243177,2.015747914987471,1439.482835612762,1354.417164387238,1396.95,85.06567122552406,-40.25974025974026,54.419169878783144,51.273366485442004,60.71077666546542,15.751033069049125,22.131147540983605,20.76502732240437,29.46284756807011,100.0,1432.0,1439.0,1364.0,0,0,738525.9,6275045,1401.2075194428976,0.14285714285714285,0.8571428571428571,0.5714285714285714,45286857.14285714,-2.6407227241139752,-5.67081604426003,-1.3882361629249467,-1.8052021939939675,60.82358980208749,34.619427598680716,0.0,0.3,71372.9,8156.0,3.719241924009986,1.4041234760706018,3.2197087879310025,-0.5,0.0
2013-07-16,,,,1391.8,1391.1,1394.15,1399.5833333333333,1395.7729475607962,25.428571428571427,48.25870646766169,-5.64987578068758,-6.847052133132058,1.1971763524444778,1432.159832522916,1356.140167477084,1394.15,76.01966504583197,-63.63636363636363,44.86530517171401,49.137346047532674,36.321223420076706,-8.405383151546172,22.752808988764045,18.820224719101123,28.088258693481233,77.27412321110494,1432.0,1434.0,1364.0,0,0,705840.45,5630967,1397.8798881059688,0.03333333333333333,0.9666666666666667,0.6,21469266.666666668,-3.556485355648531,-5.67081604426003,-2.7229965181668883,-1.8052021939939675,60.82358980208749,34.619427598680716,0.0,0.25,82509.35,-4719.0,-2.074759945130311,1.2624649559517196,3.329132182616265,-0.2,0.0
2013-07-18,,,,1396.2,1392.8,1392.45,1399.2666666666667,1395.8898096978633,25.5,57.512953367875646,-4.875521941217585,-6.452746094749164,1.5772241535315796,1426.338206301232,1358.561793698768,1392.45,67.776412602464,-45.45454545454545,45.566769104375,47.947153733146784,40.805999846831426,3.271970864257505,22.689075630252102,19.607843137254903,27.680431402726565,100.00000000000001,1355.0,1434.0,1364.0,0,0,703474.8,6459876,1395.3165305518642,0.6206896551724138,0.3793103448275862,0.4827586206896552,28583068.96551724,-2.580195258019524,-5.67081604426003,-1.5736961432702394,-1.8052021939939675,60.82358980208749,35.209653092006036,0.0,0.25,92331.25,-26291.0,-11.804030907515406,1.139717292264935,3.5848244747804827,-0.1,0.0
2013-07-19,,,,1396.0,1393.1,1390.25,1398.7666666666667,1395.3288754409239,24.571428571428573,50.27932960893855,-4.771677514952216,-6.116532378789775,1.3448548638375586,1417.9238523748,1362.5761476252,1390.25,55.34770474959987,-54.54545454545455,42.49905819079545,46.13112188569634,35.23493080099368,-6.868666479530021,23.25581395348837,20.348837209302324,27.454722622104494,72.45692950974384,1432.0,1416.0,1364.0,0,0,695334.05,5939059,1393.1252875266691,0.5714285714285714,0.42857142857142855,0.5,37201214.28571428,-1.836158192090409,-5.67081604426003,-2.0639438214270815,-1.8052021939939675,60.82358980208749,35.385671778439004,0.0,0.2,102581.35,8564.0,4.359645282480984,1.0308647673552553,3.4502849081523963,-0.2,0.0
2013-07-22,,,,1391.8,1391.3,1389.05,1398.6833333333334,1394.630887303693,22.928571428571427,57.69230769230769,-4.795483989930062,-5.852322701017833,1.0568387110877708,1414.764832909782,1363.335167090218,1389.05,51.42966581956398,-65.67164179104478,39.44381657164141,43.902020114344694,30.52740948623486,15.890859585038857,26.791277258566982,18.69158878504673,27.95034076215384,100.0,1432.0,1416.0,1364.0,0,0,675192.75,5193255,1390.7274743397347,0.05263157894736842,0.9473684210526315,0.10526315789473684,39252842.10526316,-1.9774011299435124,-5.67081604426003,-1.1508636337097315,-1.8052021939939675,60.82358980208749,36.097256103707586,0.0,0.2,113607.0,15511.0,7.5662676461693,0.9329051223065589,3.1643304886899193,-0.6,0.0
2013-07-23,,,,1385.8,1389.1,1386.8,1398.1833333333334,1392.3803266081031,23.142857142857142,47.46835443037975,-6.115611752491986,-5.904980511312664,-0.21063124117932208,1410.3716154013812,1363.2283845986187,1386.8,47.143230802762446,-92.42424242424242,28.821130239680137,38.875056822789844,8.713277073460716,-52.254167937062746,26.543209876543212,24.691358024691358,25.505813618831517,61.33486766398159,1432.0,1409.0,1364.0,0,0,678527.3,4339413,1388.6459176366227,0.16666666666666666,0.8333333333333334,0.7083333333333334,35576750.0,-2.696948190205828,-5.67081604426003,-2.18705136729051,-1.8052021939939675,60.82358980208749,36.608724720040115,0.0,0.2,127001.9,47385.0,21.48852902096474,0.8486841648154456,3.244264485314468,-0.6,0.0
2013-07-24,,,,1384.2,1388.0,1386.1,1398.7666666666667,1390.7250574073314,23.071428571428573,48.4472049689441,-6.761117985239707,-6.0762080060980725,-0.6849099791416347,1410.221621661447,1361.9783783385528,1386.1,48.24324332289416,-80.28169014084507,25.78685677950507,34.51232347502825,8.335923388458696,-63.952274569536044,24.458204334365327,26.625386996904027,21.4781352604445,59.48775211110335,1361.0,1409.0,1364.0,0,0,677369.55,4858471,1387.7138063705402,0.7368421052631579,0.2631578947368421,0.21052631578947367,27318842.105263155,-2.4130589070262776,-5.67081604426003,-0.6846257965810971,-1.5935899228781154,60.82358980208749,36.99388209121246,0.0,0.2,139707.75,-13781.0,-5.144122016588404,0.7658870855902128,3.0744321259661,-0.8,0.0
2013-07-25,,,,1380.6,1388.4,1385.55,1399.2333333333333,1389.6083852732997,22.571428571428573,47.46835443037975,-6.870718389982358,-6.23511008287493,-0.6356083071074279,1409.798494256,1361.301505744,1385.55,48.496988511999916,-74.64788732394366,25.641942078355495,31.555529676137333,13.814766882791815,-35.677862599189936,26.582278481012658,25.94936708860759,17.34873710576489,55.198407054473044,1361.0,1409.0,1364.0,0,0,683139.15,5379865,1387.5256232203938,0.5714285714285714,0.42857142857142855,0.2857142857142857,37242428.571428575,-2.129169623846716,-5.67081604426003,-0.5182902336624664,-1.5935899228781154,60.82358980208749,37.249858677218775,0.0,0.2,152068.8,-6896.0,-2.7137106136149836,0.6855851582895861,2.6522965353013435,-0.8,0.0
2013-07-26,,,,1377.8,1386.9,1385.95,1399.2666666666667,1388.3123485806045,21.357142857142858,39.43661971830985,-7.117605107202735,-6.411609087740492,-0.7059960194622432,1409.223884166799,1362.676115833201,1385.95,46.547768333598015,-78.87323943661971,26.710012667621612,29.940357339965427,20.249323322933982,-39.63000041079287,18.729096989966553,27.424749163879596,17.03817809955371,20.003165057762246,1432.0,1409.0,1364.0,0,0,694765.45,4953713,1387.4024459861478,0.3076923076923077,0.6923076923076923,0.23076923076923078,32780923.07692308,-2.3420865862313733,-5.67081604426003,0.541662685720938,-1.3105495457579652,60.82358980208749,37.33853446573178,0.0,0.2,164480.3,1009.0,0.4081368492158788,0.6072688456237412,2.487539882077259,-0.8,0.0
2013-07-29,,,,1372.8,1382.3,1384.65,1399.2833333333333,1385.901648715785,21.214285714285715,39.43661971830985,-8.266959599530082,-6.78267919009841,-1.4842804094316726,1410.0169905689534,1359.2830094310468,1384.65,50.73398113790654,-97.1830985915493,19.113864654231403,26.331526444720755,4.6785410732526955,-73.58926026910562,18.855218855218855,26.5993265993266,15.776975205697754,20.003165057762246,1432.0,1409.0,1363.0,0,1,675575.2,4418203,1386.9783560734616,0.10526315789473684,0.8947368421052632,0.6842105263157895,28184736.842105262,-3.2647267565649285,-5.67081604426003,-1.510051222653266,-1.3105495457579652,60.82358980208749,37.6826454755191,0.0,0.2,176618.45,-5467.0,-2.202392942029574,0.5287256640547416,2.2522928060714626,-0.5,0.0
2013-07-30,,,,1370.0,1377.9,1384.3,1399.5333333333333,1383.149110742853,21.0,39.716312056737586,-9.551873123723453,-7.336517976823419,-2.215355146900034,1411.0235358517562,1357.5764641482438,1384.3,53.44707170351239,-91.46341463414635,16.765564941901395,23.142872610447636,4.010949604808914,-104.1875157649437,19.047619047619047,27.2108843537415,14.069019296061173,21.228783169973674,1432.0,1409.0,1357.0,0,1,658125.1,3882890,1386.7654619919526,0.5,0.5,0.42857142857142855,38236642.85714286,-3.690560681334265,-4.910096818810528,-0.4076495044123589,-1.227784497281691,60.82358980208749,37.92752304016384,0.0,0.2,189454.85,13965.0,5.7525240666823185,0.44920978464122885,2.0318820363300043,-0.5,0.0
2013-07-31,,,,1366.8,1375.5,1383.3,1399.8,1380.8491954340097,20.5,43.93939393939394,-10.290174339274017,-7.92724924931354,-2.362925089960477,1412.2616806723552,1354.3383193276447,1383.3,57.92336134471043,-89.02439024390245,16.53418615174379,20.939977124213023,7.722604206805322,-84.80755069873553,19.860627177700348,26.4808362369338,12.015286410501886,24.665048107184635,1350.0,1409.0,1357.0,0,0,636104.65,4294886,1386.58685956784,0.4,0.6,0.2,41199600.0,-3.54861603974449,-4.910096818810528,-1.344588933004054,-1.227784497281691,60.82358980208749,38.45072574484339,0.0,0.2,201808.15,-9662.0,-3.76351625066218,0.3630439772214412,1.9568740094809176,-0.5,0.0
2013-08-01,,,,1364.0,1372.3,1382.55,1400.0166666666667,1379.3397482498183,19.571428571428573,39.34426229508197,-10.272716039898796,-8.396342607430592,-1.8763734324682044,1412.626918935134,1352.473081064866,1382.55,60.153837870268035,-81.70731707317073,19.951362196400623,20.61043881494222,18.63320895931743,-67.77880731263485,21.532846715328468,24.81751824817518,9.622922412523371,0.0,1350.0,1409.0,1357.0,0,0,614680.2,4656005,1386.2216444692162,0.7692307692307693,0.23076923076923078,0.46153846153846156,27778384.615384616,-3.1227821149751533,-4.910096818810528,-0.9803226346993685,-1.227784497281691,60.82358980208749,39.18969555035129,0.0,0.2,214021.85,-2792.0,-1.1300624124727765,0.26274544369956004,1.8307371971649253,-0.5,0.0
2013-08-02,,,,1362.6,1370.2,1381.65,1400.45,1378.355010321264,17.428571428571427,31.48148148148148,-9.82288157697053,-8.68165040133858,-1.141231175631951,1412.2391277554814,1351.0608722445188,1381.65,61.17825551096257,-69.84126984126983,28.748062602478463,23.3229800774543,39.598227652526795,-43.39898469358218,10.655737704918034,27.86885245901639,12.3602416668762,0.0,1350.0,1409.0,1357.0,0,0,597900.1,5018252,1385.9953159399038,0.45454545454545453,0.5454545454545454,0.36363636363636365,32931545.454545457,-2.838892831795592,-4.910096818810528,-1.1937210235236728,-1.227784497281691,60.82358980208749,39.18969555035129,0.0,0.2,225673.55,-11240.0,-4.601390242105174,0.11099985186750168,1.7982809252748386,-0.4,0.0
2013-08-05,,,,1364.6,1368.7,1380.0,1401.2333333333333,1377.8450093382864,17.071428571428573,36.53846153846153,-9.03941717921225,-8.753203756913313,-0.2862134222989372,1408.5509701189976,1351.4490298810024,1380.0,57.10194023799522,-62.903225806451616,41.07013697308088,29.238699042663157,64.73301283391632,-25.93228616401477,12.133891213389122,28.45188284518828,15.00463253767721,19.293478260869545,1350.0,1409.0,1357.0,0,0,580335.55,5351900,1384.3226966709174,0.375,0.625,0.5,41706000.0,-2.5550035486160305,-4.910096818810528,-2.4235830114668637,-1.227784497281691,60.82358980208749,39.18969555035129,0.0,0.15,227391.5,3904.0,1.6752920174738506,0.10798924829954386,1.6387348379980602,-0.3,0.0
2013-08-06,,,,1367.8,1368.9,1379.0,1401.6,1377.3835798774974,15.5,44.18604651162791,-8.322578495165544,-8.66707870456376,0.34450020939821613,1407.0300590531908,1350.9699409468092,1379.0,56.06011810638165,-60.3448275862069,49.28485322014915,35.92075043515848,76.01305879013049,-22.597362217057025,13.364055299539173,23.502304147465438,16.29324257628725,48.470677451971696,1408.0,1409.0,1357.0,0,0,561365.8,5351900,1383.4179902836975,0.375,0.625,0.0,29751000.0,-2.5550035486160305,-4.910096818810528,-1.5048939273559567,-1.227784497281691,60.82358980208749,39.418148233664276,0.0,0.15,230289.6,1882.0,0.7943006187272728,0.09583297742248893,1.4210274682527857,-0.1,0.0
2013-08-07,,,,1369.8,1368.3,1378.15,1401.8166666666666,1376.585143698688,14.428571428571429,31.578947368421055,-7.9851968652697,-8.530702336704948,0.5455054714352485,1406.3169832848225,1349.9830167151777,1378.15,56.33396656964487,-66.07142857142857,50.95180690867086,40.93110259299594,70.99321554002071,-35.486139154769226,14.356435643564359,27.722772277227723,18.041809552746706,0.3718535469107657,1408.0,1409.0,1357.0,0,0,555559.4,5029006,1382.8838095740377,0.5,0.5,0.2857142857142857,23063857.14285714,-2.838892831795592,-4.910096818810528,-1.2857748357202026,-1.227784497281691,60.82358980208749,39.418148233664276,0.0,0.15,233800.55,18644.0,7.806716355414123,0.08717709255178503,1.338343107841078,-0.2,0.0
2013-08-08,,,,1373.6,1368.8,1378.6,1401.7833333333333,1377.291320489289,15.071428571428571,46.42857142857143,-6.433285937399432,-8.111219056843845,1.677933119444413,1406.8425584050417,1350.3574415949581,1378.6,56.48511681008358,-39.285714285714285,64.59850190307787,48.82023569635659,96.15503431652044,-4.133791009413803,18.95734597156398,26.540284360189574,18.756095267032418,57.026397515527954,1350.0,1409.0,1357.0,0,0,551410.95,5555620,1382.8100024431265,0.875,0.125,0.625,21942250.0,-1.7743080198722283,-3.690560681334265,0.7452529395771175,-1.227784497281691,60.82358980208749,39.418148233664276,0.0,0.2,235679.75,-12626.0,-4.9039865767641295,0.08282444789275238,1.4728493679861325,-0.2,0.0
2013-08-09,,,,1378.8,1370.7,1378.8,1401.7166666666667,1378.9778613950712,14.857142857142858,53.76344086021506,-4.266594629952351,-7.3422941714655465,3.0756995415131954,1407.4657690597778,1350.134230940222,1378.8,57.33153811955572,-10.0,73.06566793538525,56.90204644269947,105.3929109207568,45.8868040422743,20.673076923076923,26.923076923076923,18.42203054940606,100.0,1350.0,1409.0,1357.0,0,0,540205.25,5983094,1383.2149087468758,0.6666666666666666,0.3333333333333333,0.7333333333333333,28498266.666666668,-0.9936124911284372,-3.690560681334265,0.3682959387750013,-1.227784497281691,60.82358980208749,39.418148233664276,0.0,0.25,238148.55,7320.0,2.9897319860479277,0.07650433909162915,1.5010056027517595,0.1,0.0
2013-08-12,,,,1383.8,1374.2,1378.25,1401.7333333333333,1380.7894936431596,14.214285714285714,67.0886075949367,-2.281106059958802,-6.330056549164198,4.048950489205396,1404.821650900499,1351.678349099501,1378.25,53.14330180099796,-14.285714285714286,76.81502045365552,63.539704446351486,103.3656524682636,70.76284758093969,24.623115577889447,18.090452261306535,19.256291964815595,100.0,1350.0,1401.0,1357.0,0,0,505336.75,6340936,1380.814440964367,0.4666666666666667,0.5333333333333333,0.2,23856133.333333336,-0.21413276231260214,-3.690560681334265,-0.8853917937419612,-1.227784497281691,61.44474814525576,39.418148233664276,0.0,0.25,239888.8,1939.0,0.7689623172772553,0.07496889641468617,1.501030224995994,0.1,0.0
2013-08-13,,,,1394.2,1381.0,1379.45,1401.8333333333333,1385.0000180580969,14.928571428571429,74.50980392156862,1.454317817500396,-4.773181675831279,6.227499493331675,1411.8714029372588,1347.0285970627413,1379.45,64.84280587451758,-2.5974025974025974,83.61742104317776,70.23227664529358,110.38770983894611,127.16957434030931,33.49282296650718,14.354066985645932,21.81040451892815,100.0,1350.0,1425.0,1357.0,1,0,503696.8,6942153,1381.5932872381427,0.9130434782608695,0.08695652173913043,1.173913043478261,26139869.56521739,0.0,-3.690560681334265,1.779415066529792,-1.227784497281691,61.44474814525576,39.418148233664276,0.0,0.25,243277.45,41124.0,16.184370535661575,0.08857580784338712,1.7090098512651166,0.3,0.0
2013-08-14,,,,1405.2,1387.5,1381.5,1401.65,1388.7143020525639,15.071428571428571,72.72727272727273,4.284586464312724,-2.9616280478024786,7.246214512115203,1419.5608930392657,1343.4391069607343,1381.5,76.12178607853139,-13.953488372093023,83.67287529004643,74.71247619354453,101.59367348305025,122.83395175099248,35.07109004739336,14.218009478672986,24.74632402111271,95.85730724971235,1436.0,1425.0,1357.0,0,0,503849.35,6295024,1383.8013741938273,0.25,0.75,0.0625,40445562.5,-0.0701754385964759,-3.690560681334265,3.2941160972198573,-0.9587682628510119,61.44474814525576,39.418148233664276,0.0,0.3,246833.55,-1370.0,-0.46405912858502596,0.09616371304047516,1.898630357222094,0.6,0.0
2013-08-15,,,,1413.2,1393.4,1382.85,1401.5666666666666,1392.0748447142246,15.571428571428571,75.0,6.453206213646354,-1.0786611955127121,7.531867409159066,1424.9289983871076,1340.7710016128922,1382.85,84.15799677421546,-19.565217391304348,81.61525019336429,77.01340086015112,90.81894885979062,109.12617064714459,36.69724770642202,13.761467889908257,26.647321574284177,100.0,1442.0,1425.0,1357.0,0,0,495141.35,6295024,1385.902356670474,0.1,0.9,0.0,32737450.0,-0.0701754385964759,-3.690560681334265,2.2640817217308986,-0.9587682628510119,61.44474814525576,39.418148233664276,0.0,0.3,252183.45,9585.0,3.2618571997372836,0.09452593188520685,1.9000135084908945,0.7,0.0
2013-08-16,,,,1418.8,1398.8,1384.5,1401.8333333333333,1395.020097598584,15.071428571428571,85.71428571428572,7.998954379493171,0.7368619194884644,7.262092460004706,1430.1923349554743,1338.8076650445257,1384.5,91.38466991094856,-20.652173913043477,79.82683346224286,77.95121172751503,83.57807693169852,86.62111006380249,37.91469194312796,9.95260663507109,29.602950470507132,99.99999999999999,1442.0,1425.0,1357.0,0,0,488610.5,5904824,1387.2806518007014,0.25,0.75,0.08333333333333333,32516666.666666668,-0.1403508771929629,-3.690560681334265,2.8156656352547254,-0.9587682628510119,62.59569814072185,39.418148233664276,0.0,0.35,257221.3,2323.0,0.7655650614956766,0.09325921960756163,1.8161947067882722,0.3,0.0
2013-08-19,,,,1422.4,1403.1,1385.9,1401.4833333333333,1397.018183541576,15.571428571428571,84.70588235294117,8.560449901116726,2.301579515814117,6.258870385302609,1433.7105912071584,1338.0894087928418,1385.9,95.62118241431654,-29.885057471264368,75.71788897482857,77.20677080995287,72.74012530457998,66.29340322339017,36.69724770642202,9.63302752293578,32.51500638198063,98.1406025824964,1442.0,1425.0,1357.0,0,0,484804.75,5235135,1388.9341962236688,0.3333333333333333,0.6666666666666666,0.3333333333333333,31889952.38095238,-0.6315789473684053,-3.690560681334265,2.3652211023413585,-0.9587682628510119,62.59569814072185,39.418148233664276,0.0,0.4,260610.65,-17459.0,-5.710052688555367,0.08943580336531592,1.9991147849592763,0.2,0.0
2013-08-20,,,,1426.2,1410.2,1389.55,1401.3166666666666,1401.492642251902,17.5,88.28828828828829,11.136431293829219,4.0685498714171375,7.067881422412081,1443.3428776345863,1335.7571223654136,1389.55,107.58575526917275,-9.183673469387756,80.47859264988571,78.29737808993048,84.84102176979619,91.72052674415329,41.63265306122449,8.571428571428571,36.19843097132856,100.0,1355.0,1444.0,1357.0,1,0,481223.15,6017345,1394.0669132397309,0.7428571428571429,0.2571428571428571,0.8,22348857.14285714,0.0,-3.690560681334265,5.68977494681172,-0.514560930069129,62.59569814072185,39.418148233664276,0.0,0.45,264250.5,52395.0,18.17377731529657,0.11123948189954294,2.051000070191008,0.2,0.0
2013-08-21,,,,1425.4,1415.3,1391.8,1400.9,1403.2552477517208,19.0,71.31782945736434,11.113209521238332,5.477481801381376,5.6357277198569555,1446.7817194500433,1336.8182805499566,1391.8,109.96343890008666,-36.26373626373626,70.80925784502185,75.80133800829427,60.82509751847701,66.76394314307343,37.21804511278195,8.270676691729323,40.23769879012394,70.12601167913124,1453.0,1444.0,1357.0,0,0,491361.5,5295520,1397.8228232506344,0.08823529411764706,0.9117647058823529,0.7058823529411765,21230147.05882353,-1.66204986149584,-3.690560681334265,3.0782405323694784,-0.9806315628422302,62.59569814072185,39.418148233664276,0.0,0.5,266779.25,-36003.0,-10.567516400299393,0.11480290951603689,2.084359376492489,0.2,0.0
2013-08-22,,,,1424.2,1418.7,1393.75,1400.2333333333333,1404.6595098706046,19.5,69.29133858267717,10.808825402869616,6.543750521679025,4.265074881190591,1449.5800994088231,1337.9199005911769,1393.75,111.66019881764623,-38.46153846153846,61.72230092893929,71.10832564850926,42.95025148979934,44.40085059159175,33.6996336996337,10.256410256410257,40.85573323794563,66.50119821978775,1453.0,1444.0,1357.0,0,0,488649.9,4828358,1399.8908269499289,0.3888888888888889,0.6111111111111112,0.1111111111111111,25953444.444444444,-1.8005540166204925,-3.690560681334265,2.6677879020263617,-0.9806315628422302,62.59569814072185,39.418148233664276,0.0,0.55,269591.45,-1227.0,-0.4027017447126968,0.11614316542711715,1.9606880630277075,0.3,0.0
2013-08-23,,,,1422.6,1420.7,1395.7,1399.5333333333333,1405.6443184543566,19.785714285714285,66.66666666666666,10.207854080467996,7.276571233436819,2.931282847031177,1451.6439569193005,1339.7560430806996,1395.7,111.88791383860098,-41.75824175824176,48.63119381657177,63.61594837119677,18.661684707321783,38.207427480850846,32.12996389891697,10.108303249097473,41.707916564355756,61.87290969899664,1453.0,1444.0,1357.0,0,0,485521.95,4464765,1401.54422685387,0.15384615384615385,0.8461538461538461,0.23076923076923078,27968692.307692308,-2.0083102493074767,-3.690560681334265,2.6737866543597293,-0.9806315628422302,62.564102564102576,39.418148233664276,0.0,0.6,272661.9,6174.0,2.034501507587372,0.11775404494681897,1.9403039810972835,0.3,0.0
2013-08-26,,,,1422.8,1422.6,1398.4,1399.35,1406.7258119348942,20.928571428571427,67.1875,9.780222940917156,7.777301574932887,2.0029213659842693,1452.8924910326775,1343.9075089673227,1398.4,108.98498206535487,-39.56043956043956,42.67720613412477,56.63636762550611,14.758883151362085,28.22042626539777,30.37542662116041,13.651877133105803,42.456809144643685,62.79133570234114,1362.0,1444.0,1357.0,0,0,485683.8,5003512,1404.1028217329874,0.6666666666666666,0.3333333333333333,0.08333333333333333,22447791.666666668,-1.8698060941828243,-3.690560681334265,3.8662160016653075,-0.5504250510508978,62.564102564102576,39.418148233664276,0.0,0.65,275853.15,-3051.0,-0.9853409938670565,0.11655021038719561,1.8271730037218767,0.1,0.0
2013-08-27,,,,1421.0,1423.6,1402.3,1399.4833333333333,1409.4185917506186,21.714285714285715,73.2394366197183,10.769626202626114,8.375766500471531,2.3938597021545824,1455.4654814804842,1349.1345185195157,1402.3,106.33096296096846,-20.0,50.24634255095498,54.506359267322395,41.72630911822014,58.67354547525539,34.868421052631575,10.526315789473683,44.0181293248897,64.04932283941929,1362.0,1444.0,1359.0,0,0,506037.65,5945902,1409.4091151122846,0.5625,0.4375,1.125,58899375.0,-0.6232686980609525,-3.54861603974449,5.41199180276642,-0.5504250510508978,62.564102564102576,39.418148233664276,0.0,0.7,282652.45,86126.0,28.091771367437723,0.14520610331462078,1.8479251556986263,0.1,0.0
2013-08-28,,,,1424.0,1424.7,1406.1,1399.6,1411.8549163457978,20.857142857142858,70.07874015748031,11.422068915331238,8.985026983443474,2.437041931887764,1457.0526095607645,1355.1473904392353,1406.1,101.90521912152917,-26.470588235294116,55.29243349550845,54.76838401005108,56.340532466423184,52.812251194859684,32.534246575342465,10.95890410958904,46.37096022102768,47.2566876110183,1453.0,1444.0,1365.0,0,0,508888.75,5945902,1412.540538051457,0.6666666666666666,0.3333333333333333,0.0,39084833.333333336,-0.6232686980609525,-3.1227821149751533,5.258956522968955,-0.5504250510508978,66.75105485232066,39.418148233664276,0.0,0.75,290145.3,4209.0,1.0717723330464501,0.16333940176908107,1.6104457651450048,0.0,0.0
2013-08-29,,,,1421.2,1422.7,1408.05,1399.05,1411.1068290747696,23.714285714285715,53.06122448979591,9.330141480381371,9.054049882831054,0.27609159755031776,1455.2248148686758,1360.875185131324,1408.05,94.34962973735173,-79.6875,39.83781280652944,49.79152694221054,19.93038453516725,21.47312677836661,29.518072289156624,18.072289156626503,47.15091163389049,0.0,1455.0,1444.0,1369.0,0,0,551055.05,4741457,1414.9170656664278,0.08928571428571429,0.9107142857142857,0.5535714285714286,21507946.42857143,-2.7700831024930817,-2.838892831795592,2.328529964770204,-1.686961305703278,66.75105485232066,39.418148233664276,1.0,0.75,297170.8,-12139.0,-3.058275786487552,0.17008444506616568,1.9285974519515967,0.0,0.0
2013-08-30,,,,1414.4,1418.5,1408.65,1398.3,1408.2395120200295,24.928571428571427,44.91017964071856,5.750082760914893,8.393256458447823,-2.64317369753293,1454.0036976963945,1363.2963023036057,1408.65,90.70739539278884,-94.87179487179488,28.267943580421342,42.61699915494747,-0.430167568630921,-46.17993527672084,26.361031518624642,23.49570200573066,46.468983690299254,0.0,1455.0,1444.0,1369.0,0,0,577020.45,3859902,1414.3681467730764,0.125,0.875,0.71875,27548593.75,-4.362880886426601,-4.362880886426601,0.7289222879648405,-1.686961305703278,66.75105485232066,39.418148233664276,1.0,0.75,303404.05,-27085.0,-7.039014096220219,0.16447123561357424,2.186651087811998,0.3,0.0
2013-09-02,,,,1405.6,1414.2,1408.65,1397.85,1404.883368018122,24.0,32.432432432432435,2.241488803943639,7.162902927546987,-4.9214141236033475,1454.0036976963945,1363.2963023036057,1408.65,90.70739539278884,-96.47058823529412,20.02176630851619,35.085254872803716,-10.105210820058858,-75.06895800435154,21.13095238095238,26.488095238095237,44.41541226172783,0.0,1455.0,1444.0,1369.0,0,0,586233.25,3341998,1413.8463054594736,0.1875,0.8125,0.5,32369000.0,-4.916897506925222,-4.916897506925222,0.08117140417233135,-1.686961305703278,66.75105485232066,39.18969555035129,1.0,0.75,308932.55,-10191.0,-2.8490434695092826,0.1561749942362861,2.133271577534792,0.5,0.0
2013-09-03,,,,1395.0,1408.0,1409.1,1397.85,1402.7039996354438,23.928571428571427,36.53846153846153,0.18499509060188757,5.767321360157967,-5.58232626955608,1453.1234387331774,1365.0765612668224,1409.1,88.046877466355,-85.88235294117646,18.05372655861864,29.40807876807536,-4.6549778602947995,-69.80722969596798,18.507462686567166,26.567164179104477,42.67063386132029,7.351116625310159,1370.0,1444.0,1369.0,0,0,604424.2,3943825,1412.935756708616,0.7333333333333333,0.26666666666666666,0.6,40121800.0,-4.29362880886427,-4.916897506925222,0.5595924595147751,-1.686961305703278,66.75105485232066,39.18969555035129,1.0,0.75,316576.35,44188.0,12.715678487977256,0.15371728858654254,1.9606274247234026,0.5,0.0
2013-09-04,,,,1382.8,1403.4,1409.35,1397.5333333333333,1399.9702853844492,24.357142857142858,34.756097560975604,-2.0665027770087363,4.200556532724627,-6.267059309733363,1452.4619717162443,1366.2380282837555,1409.35,86.2239434324888,-91.01123595505618,15.0320723873937,24.616076641181476,-4.135936120181846,-78.76448495257473,18.181818181818183,27.565982404692082,40.88908207976851,4.1601101494885775,1455.0,1444.0,1373.0,0,0,622631.85,3256778,1412.1107149165807,0.3076923076923077,0.6923076923076923,0.3076923076923077,26424884.615384616,-4.8476454293628795,-4.916897506925222,0.34733805568238546,-1.686961305703278,66.75105485232066,38.45072574484339,1.0,0.75,324427.05,22782.0,5.816245251419461,0.15788728252939518,2.055824468909326,0.3,0.0
2013-09-05,,,,1375.0,1398.1,1408.4,1396.3833333333334,1396.6397820145016,25.0,33.13953488372093,-4.524895661581013,2.4554660938634987,-6.980361755444512,1454.5913639684115,1362.2086360315886,1408.4,92.3827279368229,-95.74468085106383,11.439821307907858,20.22399153009027,-6.1285191364569656,-93.14602314785462,17.714285714285715,27.714285714285715,38.2888490106395,1.2659414853713322,1455.0,1444.0,1365.0,0,1,617815.4,2826493,1412.0748396689366,0.19047619047619047,0.8095238095238095,0.42857142857142855,20489761.904761903,-5.470914127423809,-5.470914127423809,-0.9424395620387396,-1.686961305703278,66.75105485232066,37.92752304016384,1.0,0.7,333700.35,15826.0,3.8182967491640074,0.158283433298647,1.6297786925401758,0.0,0.0
2013-09-06,,,,1371.2,1392.8,1406.75,1394.9833333333333,1393.3407551559778,24.428571428571427,33.92857142857143,-6.638737429703724,0.636625389150054,-7.275362818853778,1457.124910212788,1356.375089787212,1406.75,100.74982042557622,-97.89473684210526,8.328301924570152,16.258761661583563,-7.5326175494566705,-91.55345735225502,18.128654970760238,25.438596491228072,35.31475486105195,2.6785714285714275,1455.0,1444.0,1362.0,0,1,615522.55,2444876,1411.2663353817557,0.15384615384615385,0.8461538461538461,0.23076923076923078,29355153.846153848,-5.678670360110805,-5.678670360110805,-1.7241767909175074,-1.686961305703278,66.75105485232066,37.6826454755191,1.0,0.65,342517.95,-1794.0,-0.4169145534319907,0.1553459126351858,1.314988904412409,0.0,0.0
2013-09-09,,,,1370.2,1387.9,1405.25,1393.9666666666667,1390.9273499030276,23.357142857142858,23.972602739726014,-7.740593659090791,-1.0388184204981152,-6.701775238592676,1458.43042774119,1352.06957225881,1405.25,106.36085548237998,-86.13861386138613,10.172663329251389,14.230062217472838,2.05786555280849,-80.17593266166965,12.844036697247706,28.440366972477065,33.30933480685142,0.0,1354.0,1444.0,1362.0,0,0,620161.65,2895500,1409.9948825439303,0.6363636363636364,0.36363636363636365,0.2727272727272727,20482909.090909094,-5.263157894736836,-5.678670360110805,-1.5470002460497436,-1.686961305703278,66.75105485232066,37.187210379981465,1.0,0.6,349308.45,-38603.0,-9.008657907633433,0.14283455365823144,1.2480658715974942,-0.2,0.0
2013-09-10,,,,1369.0,1382.0,1402.8,1393.0666666666666,1389.5056975313107,21.928571428571427,33.07692307692308,-7.877482799960262,-2.406551296390545,-5.470931503569718,1456.659857134283,1348.940142865717,1402.8,107.7197142685659,-78.21782178217822,14.04250162544152,14.167542020129066,13.792420836066434,-54.462552052629235,15.635179153094462,29.96742671009772,31.008778220580542,18.47961320058445,1354.0,1444.0,1362.0,0,0,607742.65,3248337,1408.588805146389,0.45454545454545453,0.5454545454545454,0.7272727272727273,32076090.909090906,-4.709141274238227,-5.678670360110805,-2.8183686773593166,-1.686961305703278,66.75105485232066,36.53846153846153,1.0,0.55,353900.25,-2850.0,-0.730943532688566,0.13808681378470034,1.1230908208064256,-0.5,0.0
2013-09-11,,,,1368.8,1375.8,1400.25,1391.9666666666667,1387.9337263378527,21.428571428571427,32.82442748091604,-8.134276482408268,-3.55209633359409,-4.582180148814178,1454.7095455844262,1345.7904544155738,1400.25,108.91909116885245,-81.18811881188118,20.87681926544586,16.403967768567995,29.82252225920159,-58.064744059771485,16.0,30.666666666666668,29.444152370240403,17.96710696439707,1455.0,1444.0,1362.0,0,0,588041.65,2995228,1406.7851256511053,0.8,0.2,0.3,25310900.0,-4.916897506925199,-5.678670360110805,-2.9413701873699907,-1.686961305703278,66.75105485232066,36.289592760180994,1.0,0.5,358350.65,-4198.0,-1.0845947754465124,0.13153231411175878,0.9237873096308951,-0.2,0.0
2013-09-12,,,,1371.6,1373.3,1398.0,1391.1,1387.082895258057,21.642857142857142,36.56716417910449,-7.7641373278313495,-4.394504532441542,-3.3696327953898075,1452.0448157112428,1343.9551842887572,1398.0,108.08963142248558,-75.24752475247524,35.84770407170075,22.88521320294558,61.77268580921108,-37.93483300097071,20.13201320132013,30.363036303630363,27.167344211079303,25.563975696220332,1354.0,1444.0,1362.0,0,0,579980.15,3488747,1404.358586467715,0.4375,0.5625,0.375,30844937.5,-4.501385041551242,-5.678670360110805,-2.55544308451023,-1.686961305703278,66.75105485232066,36.289592760180994,1.0,0.45,362988.3,13330.0,3.4816995290694486,0.12671618220744763,0.9729292563573171,0.2,0.0
2013-09-13,,,,1373.2,1372.2,1395.35,1390.0333333333333,1385.4559528525278,20.928571428571427,33.33333333333333,-8.103610784184866,-5.136325782790207,-2.967285001394659,1449.430933501744,1341.2690664982558,1395.35,108.16186700348817,-84.15841584158416,37.933557100432076,27.901327835441077,57.99801563041408,-45.01791365040441,20.819112627986346,28.668941979522188,25.587170842614032,19.000065269891014,1455.0,1444.0,1362.0,0,0,578703.65,3124077,1402.6851687675837,0.14285714285714285,0.8571428571428571,0.6428571428571429,26047857.14285714,-5.124653739612183,-5.678670360110805,-3.0138678942952706,-1.686961305703278,66.75105485232066,35.209653092006036,1.0,0.4,366903.7,-12122.0,-3.0596508232182074,0.12037215542901664,0.9847149516474202,0.2,0.0
2013-09-16,,,,1373.4,1371.8,1393.0,1389.3166666666666,1383.8887192475252,20.142857142857142,23.38709677419355,-8.357003255297286,-5.780461277291623,-2.576541978005663,1447.3865308402833,1338.6134691597167,1393.0,108.77306168056657,-85.14851485148515,38.44693280379683,31.416529491559658,52.507739428271165,-43.586477645119324,15.602836879432624,30.496453900709223,24.064635407035123,0.0,1455.0,1444.0,1362.0,0,0,562226.0,2783941,1400.814932162511,0.21428571428571427,0.7857142857142857,0.07142857142857142,24295428.57142857,-5.193905817174505,-5.678670360110805,-2.6794898751377962,-1.686961305703278,66.75105485232066,34.84865540963102,1.0,0.35,370949.15,-14858.0,-3.8685958439543144,0.10811460036705697,0.9378217983177202,0.4,0.0
2013-09-17,,,,1370.4,1369.7,1388.85,1388.4,1381.7088412239514,20.714285714285715,21.96969696969697,-9.098470253971755,-6.4440630726276495,-2.654407181344105,1439.3809701803495,1338.3190298196503,1388.85,101.06194036069928,-93.06930693069307,32.49403363390377,31.775697539007695,33.93070582369592,-48.044779109672604,15.172413793103447,31.72413793103448,23.04233672378229,0.0,1455.0,1435.0,1361.0,0,1,545420.65,2337838,1396.7417263476668,0.05,0.95,0.4,22305150.0,-5.156794425087085,-5.678670360110805,-5.559568367751845,-1.686961305703278,66.75105485232066,34.59059233449477,1.0,0.3,372965.55,11814.0,3.199813655680117,0.1059435175620286,0.9896646159582524,0.3,0.0
2013-09-18,,,,1364.6,1366.7,1385.05,1387.65,1378.1175230121464,18.571428571428573,24.576271186440692,-10.931830777104324,-7.3416166135229854,-3.5902141635813383,1437.1247438531132,1332.9752561468867,1385.05,104.14948770622641,-87.83783783783784,27.323066447759746,30.29148717525838,21.386224992762486,-79.58743554472424,10.769230769230768,34.230769230769226,25.048488097022275,11.362333801443276,1455.0,1435.0,1344.0,0,1,547710.3,1570220,1391.0617321480597,0.36,0.64,0.68,30704720.0,-6.34146341463413,-6.34146341463413,-5.367125508169587,-1.664281743550034,66.75105485232066,33.80952380952381,1.0,0.25,378116.15,26681.0,7.002464418158483,0.09722816493489897,1.2340006593211348,0.0,0.0
2013-09-19,,,,1356.0,1363.8,1380.95,1386.75,1374.106330344323,17.214285714285715,28.155339805825236,-12.881821719420941,-8.449657634702577,-4.432164084718364,1434.9771861390557,1326.9228138609444,1380.95,108.05437227811126,-96.55172413793103,19.4499455330744,26.677639961197052,4.994556676829092,-82.82787029015371,11.618257261410788,28.215767634854767,27.614169542014064,42.37476781000647,1455.0,1435.0,1336.0,0,1,548802.75,1081209,1387.5389566652134,0.15384615384615385,0.8461538461538461,0.6153846153846154,37616230.76923077,-6.898954703832738,-6.898954703832738,-5.797872563643039,-1.664281743550034,66.75105485232066,33.29457364341085,1.0,0.2,383320.7,-148.0,-0.03630084571158987,0.08554878440967413,1.2248399645286434,-0.1,0.0
2013-09-20,,,,1349.2,1361.2,1377.0,1386.2166666666667,1370.477156025816,16.857142857142858,30.526315789473685,-14.262791013607284,-9.612284310483519,-4.6505067031237655,1432.0865347956135,1321.9134652043865,1377.0,110.17306959122698,-96.55172413793103,14.201198256617502,22.518826059670534,-2.434057349488562,-73.20157357390802,11.864406779661017,25.84745762711864,29.45907323382787,58.61714705043006,1455.0,1435.0,1336.0,0,0,555073.65,1081209,1384.4325672217851,0.0,1.0,0.0,44455545.45454545,-6.898954703832738,-6.898954703832738,-5.571989146491208,-1.664281743550034,66.75105485232066,33.127012522361355,1.0,0.15,388216.55,0.0,0.0,0.07264268887474767,1.2749132272767696,-0.2,0.0
2013-09-23,,,,1342.6,1358.0,1372.95,1385.3333333333333,1367.1936173566905,16.714285714285715,23.25581395348837,-15.182208084395597,-10.726269065265935,-4.455939019129662,1427.562414243215,1318.337585756785,1372.95,109.22482848642994,-96.55172413793103,10.702033405646237,18.57989517499577,-5.053690133052825,-67.18034659703602,11.965811965811966,26.92307692307692,30.929126359510132,8.81054888044241,1455.0,1435.0,1336.0,0,0,552586.85,1081209,1380.964698490382,0.15384615384615385,0.8461538461538461,0.0,37616230.76923077,-6.898954703832738,-6.898954703832738,-5.734199444232462,-1.664281743550034,66.75105485232066,33.026423957721676,1.0,0.1,393264.95,0.0,0.0,0.0531845504955341,1.3306344517678936,-0.3,0.0
2013-09-24,,,,1339.0,1354.7,1368.35,1384.9833333333333,1364.88946332272,16.571428571428573,31.764705882352942,-15.17112791952195,-11.61524083611714,-3.5558870834048104,1416.0122989042798,1320.68770109572,1368.35,95.3245978085597,-68.18181818181819,17.740749543158095,18.30017996438321,16.621888700707864,-68.03116670690167,9.482758620689655,30.172413793103445,33.19063296884283,67.10074269831864,1322.0,1435.0,1336.0,0,0,524868.15,1469225,1374.5485086111626,0.875,0.125,0.2916666666666667,16167333.333333334,-6.411149825783968,-6.898954703832738,-7.002461120894316,-1.664281743550034,66.75105485232066,32.74602847121932,1.0,0.05,393839.05,-3360.0,-0.8244265818685093,0.05346550991927039,1.2884677674187268,-0.2,0.0
2013-09-25,,,,1337.8,1351.2,1363.5,1384.3,1362.3285620538895,16.071428571428573,33.33333333333333,-15.38841693086556,-12.369876055066824,-3.0185408757987364,1401.3334299403505,1325.6665700596495,1363.5,75.66685988070094,-75.75757575757575,20.716055250994287,19.105471726586902,23.937222299809058,-61.167799097522526,11.11111111111111,28.88888888888889,34.79290909942085,77.84663051897745,1388.0,1404.0,1336.0,0,0,518567.75,1126215,1370.7544729369176,0.21428571428571427,0.7857142857142857,0.35714285714285715,24500714.285714287,-4.700854700854684,-6.898954703832738,-7.439716165992059,-1.664281743550034,66.75105485232066,32.74602847121932,1.0,0.0,394702.9,10004.0,2.4750368633039477,0.05456979714337363,1.0775365478074264,-0.2,0.0
2013-09-26,,,,1337.4,1346.7,1360.0,1383.5333333333333,1359.630603763043,16.0,32.92682926829268,-15.702379353645938,-13.036376714782648,-2.66600263886329,1394.8953322168604,1325.1046677831396,1360.0,69.79066443372085,-81.81818181818181,20.70725522480079,19.639399559324865,22.84296655575264,-71.69878491238038,11.160714285714286,29.910714285714285,36.85531270107161,75.06187300447745,1388.0,1382.0,1334.0,0,1,474159.1,809943,1363.447686652012,0.16666666666666666,0.8333333333333334,0.3333333333333333,26356000.0,-3.4732272069464387,-6.898954703832738,-6.66290760017915,-1.2685363117031005,66.75105485232066,32.90634891081735,0.0,0.0,396044.6,-2582.0,-0.6233703524867185,0.05485102096422764,0.9912367067558405,-0.2,0.0
2013-09-27,,,,1336.2,1342.7,1357.45,1382.5833333333333,1356.808641499896,15.857142857142858,26.25,-16.08850513384573,-13.646802398595266,-2.4417027352504626,1393.3239019637394,1321.5760980362606,1357.45,71.7478039274788,-84.05797101449275,19.815765778282493,19.698188298977406,20.050920736892664,-82.89857474227848,9.90990990990991,33.33333333333333,38.02594762170652,29.322230828814856,1388.0,1382.0,1330.0,0,1,455268.75,306195,1359.0864377359526,0.55,0.45,0.2,25187400.0,-3.7626628075253077,-6.898954703832738,-5.816632111689097,-0.6847248202419837,66.75105485232066,32.74602847121932,0.0,0.0,397803.35,-18744.0,-4.553736717053192,0.04975763608832132,1.0077068093450954,-0.1,0.0
2013-09-30,,,,1331.2,1336.9,1354.35,1381.0,1352.4459137380013,16.5,14.285714285714292,-17.723350059827226,-14.46211193084166,-3.261238128985566,1394.9677301187387,1313.7322698812611,1354.35,81.23546023747758,-98.71794871794872,13.877177185521663,17.757851261158827,6.115829034247341,-97.17107086690781,6.926406926406926,35.930735930735935,40.61510449657769,0.0,1388.0,1382.0,1311.0,0,1,446367.85,-33691,1356.521631467559,0.043478260869565216,0.9565217391304348,0.8260869565217391,14777652.173913045,-5.137481910274955,-6.898954703832738,-6.325250439948446,-1.25805605122284,66.75105485232066,32.29888712241654,0.0,0.0,398685.6,-27721.0,-7.05595178097812,0.04444212982897647,0.9538952579304899,0.0,0.0
2013-10-01,,,,1323.0,1331.0,1350.35,1379.4833333333333,1347.6415410010488,16.928571428571427,13.402061855670098,-19.520184687763503,-15.47372648222603,-4.046458205537473,1395.0538206303,1305.6461793697,1350.35,89.40764126060003,-98.85057471264368,9.945895901458888,15.153866141258847,-0.4700445781410316,-105.07384219251247,6.751054852320675,36.286919831223635,43.27216732170774,0.0,1388.0,1379.0,1302.0,0,1,432282.1,-353803,1353.076916131079,0.058823529411764705,0.9411764705882353,0.5294117647058824,18830117.647058826,-5.58375634517766,-6.898954703832738,-8.646104670105283,-1.25805605122284,66.75105485232066,31.727554179566564,0.0,0.0,396115.9,-24851.0,-6.805640375404288,0.055529154390378734,0.9500353439637312,0.2,-1.0
2013-10-09,,,,1317.4,1327.6,1347.15,1378.2166666666667,1344.0566323342823,16.928571428571427,15.151515151515156,-20.067332220331537,-16.392447629847133,-3.674884590484403,1393.8439644471116,1300.4560355528886,1347.15,93.38792889422302,-83.72093023255815,15.435628714180137,15.247786998899276,15.811312144741855,-92.66697662812032,1.2658227848101267,38.39662447257384,48.511851848000525,8.777429467084685,1296.0,1379.0,1302.0,0,0,410229.1,-107816,1349.6342534777111,0.875,0.125,0.5,15374187.5,-5.003625815808565,-6.898954703832738,-6.522755664572839,-1.25805605122284,66.75105485232066,31.55945419103314,0.0,0.0,392708.5,6028.0,1.7713677850850207,0.06155333569534688,0.926463574934929,0.6,-1.0
2013-10-10,,,,1314.6,1326.0,1344.9,1377.3,1341.7655244929222,17.071428571428573,25.000000000000014,-19.46960071769604,-17.007878247416915,-2.461722470279124,1392.3037529049368,1297.4962470950634,1344.9,94.80750580987342,-71.42857142857143,25.384758765428263,18.626777587742268,38.900721120800256,-58.780438474072696,7.11297071129707,36.40167364016736,52.18653922958446,58.18965517241389,1296.0,1379.0,1302.0,0,0,406236.35,242614,1347.255319388988,0.625,0.375,0.625,21901875.0,-4.278462654097181,-6.898954703832738,-4.325989608992712,-1.25805605122284,66.75105485232066,31.290448343079923,0.0,0.0,389390.95,17623.0,5.088499408079006,0.0597799445704452,0.9653598157179749,0.7,0.0
2013-10-11,,,,1312.2,1324.2,1342.7,1376.0833333333333,1339.5021412078818,16.785714285714285,24.752475247524757,-18.938960928250026,-17.39409478358354,-1.5448661446664858,1390.8405836012848,1294.5594163987153,1342.7,96.28116720256958,-73.80952380952381,30.759650497706893,22.671068557730475,46.93681437765972,-50.58820827364405,7.234042553191489,36.170212765957444,54.64075168379691,56.94776374189148,1380.0,1379.0,1302.0,0,0,398279.9,20126,1345.6439333661244,0.2,0.8,0.2,22248800.0,-4.4234952864394605,-6.898954703832738,-4.237776076857181,-1.25805605122284,66.75105485232066,30.052120592743996,0.0,0.0,385875.5,-5752.0,-1.580423845936152,0.05791918032908929,0.8331425176626869,0.7,0.0
2013-10-14,,,,1314.0,1322.6,1340.3,1374.6,1337.6447944261788,16.142857142857142,28.421052631578945,-18.14784472935935,-17.544844772738703,-0.6029999566206463,1387.9129128880263,1292.6870871119736,1340.3,95.22582577605272,-62.5,35.60077328777943,26.98097013441346,52.840379594511376,-42.5868864436549,8.4070796460177,34.955752212389385,56.49292112300117,75.35390199637024,1296.0,1379.0,1302.0,0,0,387420.2,253556,1343.7377413894958,0.2727272727272727,0.7272727272727273,0.18181818181818182,21220909.090909094,-4.278462654097181,-6.898954703832738,-4.705785191568677,-1.25805605122284,66.75105485232066,28.367910066428202,0.0,0.0,384205.7,-1690.0,-0.4718021446059595,0.06054435393067523,0.7779341292389909,0.5,0.0
2013-10-15,,,,1317.0,1320.0,1337.35,1373.2,1335.6786235284474,15.071428571428571,33.33333333333333,-17.56052753958079,-17.54798132610712,-0.012546213473669354,1382.9167237772042,1291.7832762227956,1337.35,91.13344755440858,-60.37735849056604,38.31718219185296,30.759707486893294,53.43213160177228,-49.810416205185355,9.004739336492891,28.90995260663507,56.51886739894744,100.0,1349.0,1379.0,1302.0,0,0,380680.85,35506,1341.4327731484261,0.6363636363636364,0.36363636363636365,0.2727272727272727,19822727.272727273,-4.496011602610606,-6.898954703832738,-6.067542816045785,-1.25805605122284,66.75105485232066,28.367910066428202,0.0,0.0,383286.1,12154.0,3.4091514707821124,0.06132521771197154,0.7080917341016407,0.2,0.0
2013-10-16,,,,1319.8,1318.6,1334.9,1372.2166666666667,1334.5663736685951,15.357142857142858,42.5,-16.34185421380448,-17.306755903646593,0.9649016898421117,1377.5732999229535,1292.2267000770466,1334.9,85.3465998459069,-47.16981132075472,47.25021448449112,36.256543152759235,69.23755714795487,-26.492452012073322,14.883720930232556,27.906976744186043,55.716589966235226,100.0,1296.0,1379.0,1302.0,0,0,388564.75,446293,1339.6011478138457,0.4117647058823529,0.5882352941176471,0.4117647058823529,24163941.17647059,-3.9883973894126346,-6.898954703832738,-4.816810488185203,-1.25805605122284,66.75105485232066,28.367910066428202,0.0,0.0,381283.8,-25852.0,-7.012328265498491,0.06606306093097432,0.8056948071318615,-0.1,0.0
2013-10-17,,,,1319.0,1316.8,1331.75,1370.8666666666666,1332.7981476049194,15.785714285714286,38.63636363636363,-15.838997856414835,-17.013204294200243,1.1742064377854078,1369.763155617477,1293.736844382523,1331.75,76.02631123495394,-62.264150943396224,49.04400263878355,40.51902964810067,66.09394862014932,-36.98941424794209,14.479638009049772,29.411764705882355,55.4981590284715,86.72195828971736,1349.0,1370.0,1302.0,0,0,376362.0,196829,1336.2915230992148,0.23529411764705882,0.7647058823529411,0.47058823529411764,14674352.94117647,-3.9416058394160625,-6.898954703832738,-6.332980645744001,-1.25805605122284,66.75105485232066,28.367910066428202,0.0,0.0,378672.85,1157.0,0.3375017866883656,0.0693121532091184,0.7581758454318168,-0.5,0.0
2013-10-18,,,,1317.0,1314.6,1328.65,1369.5,1330.436419261594,16.214285714285715,35.41666666666667,-15.90269731593662,-16.79110289854752,0.8884055826109005,1363.5107757258645,1293.7892242741357,1328.65,69.72155145172883,-77.35849056603773,43.222317548662716,41.420125614954685,46.82670141607878,-50.983234902838106,14.096916299559469,30.837004405286343,55.41197070698906,75.65692353114854,1349.0,1369.0,1302.0,0,0,370731.1,-55223,1333.6552799320045,0.15789473684210525,0.8421052631578947,0.42105263157894735,13265894.736842105,-4.455807158509872,-6.898954703832738,-6.289422006341766,-1.25805605122284,66.75105485232066,28.367910066428202,0.0,0.0,376660.1,-158.0,-0.04593423845102862,0.07256475957025763,0.7805726110180866,-0.5,0.0
2013-10-21,,,,1313.8,1313.9,1325.4,1368.1,1327.918665046204,15.285714285714286,29.032258064516128,-16.090465299141442,-16.650975378666306,0.5605100795248639,1356.318568769193,1294.4814312308072,1325.4,61.83713753838583,-84.90566037735849,35.83242222542427,39.55755781844454,28.382151039383714,-64.57002437674466,14.953271028037381,28.037383177570092,53.85917567593315,53.71582045201292,1349.0,1361.0,1302.0,0,0,361795.8,-216653,1331.2738256865707,0.09090909090909091,0.9090909090909091,0.36363636363636365,14675454.545454547,-4.188096987509205,-6.898954703832738,-6.619314028248053,-1.25805605122284,66.75105485232066,28.367910066428202,0.0,0.0,375254.0,-2725.0,-0.7925843193373083,0.07578011213565905,0.7442763319718116,-0.3,0.0
2013-10-22,,,,1315.0,1316.0,1323.5,1367.3,1327.4502207560895,15.714285714285714,42.99065420560748,-14.538540325308531,-16.22848836799475,1.6899480426862183,1349.4838006214507,1297.5161993785493,1323.5,51.96760124290131,-43.75,45.3936578277022,41.502924488197095,53.17512450671239,-30.49483058057876,17.727272727272727,27.272727272727273,52.199724016481504,100.0,1296.0,1344.0,1302.0,0,0,349499.05,-16485,1328.5850177084412,0.95,0.05,0.95,10008400.0,-1.5625,-6.898954703832738,-3.225884881022706,-1.25805605122284,66.75105485232066,28.367910066428202,0.0,0.0,371397.15,-37201.0,-10.906601541542182,0.0876342501099885,0.7577235337214402,-0.2,0.0
2013-10-23,,,,1313.4,1316.6,1322.1,1366.3166666666666,1326.3597235412237,15.642857142857142,41.81818181818182,-13.715367877715153,-15.725864269938832,2.010496392223679,1346.3955486500918,1297.804451349908,1322.1,48.59109730018372,-53.48837209302326,44.240933175457386,42.41559405061719,47.891611425137796,-18.763777948948814,18.72146118721461,26.027397260273972,50.1050352092816,96.03741748320061,1339.0,1343.0,1302.0,0,0,320067.4,-195470,1326.1887254059613,0.09090909090909091,0.9090909090909091,0.6363636363636364,16271363.636363637,-2.010424422933732,-6.898954703832738,-2.5555429465762876,-0.7236024844720473,66.75105485232066,28.367910066428202,0.0,0.0,365276.1,-18603.0,-6.121703533561929,0.10024432401026295,0.6435458383487169,0.0,0.0
2013-10-24,,,,1312.0,1315.5,1320.75,1365.15,1324.7064165372979,15.428571428571429,40.70796460176991,-13.47253626917086,-15.275198669785237,1.802662400614377,1344.792725127934,1296.707274872066,1320.75,48.08545025586818,-65.78947368421052,35.94556835353073,40.25891881825504,27.318867424082114,-44.143163388817115,18.98148148148148,25.0,47.21343119925653,92.2852375779127,1339.0,1343.0,1302.0,0,0,303477.7,-352687,1324.7890240370216,0.23529411764705882,0.7647058823529411,0.4117647058823529,9248058.823529413,-2.5316455696202667,-6.898954703832738,-2.4865053563088404,-0.7236024844720473,66.75105485232066,28.367910066428202,0.0,0.0,358628.3,-10683.0,-3.744702628617902,0.11267824044786727,0.613002170172401,0.3,0.0
2013-10-25,,,,1311.4,1314.2,1319.2,1363.9666666666667,1322.829614962317,14.571428571428571,46.93877551020408,-13.447838726645841,-14.909726681157359,1.4618879545115178,1343.0997907940307,1295.3002092059694,1319.2,47.7995815880613,-76.3157894736842,29.67799794997287,36.73194519549432,15.570103458929964,-69.65612486463925,20.098039215686274,25.0,43.155773880729654,100.0,1339.0,1343.0,1302.0,0,0,285046.05,-473065,1323.0879620444953,0.5454545454545454,0.45454545454545453,0.36363636363636365,10943454.545454547,-2.829486224869704,-6.898954703832738,-2.8609891322071888,-0.7236024844720473,66.75105485232066,28.367910066428202,0.0,0.0,351764.9,-4312.0,-1.5702840495265824,0.1228702250342024,0.5554540558379331,0.3,0.0
2013-10-28,,,,1307.8,1310.8,1316.7,1362.6833333333334,1319.3220325849534,15.642857142857142,42.59259259259259,-14.79090659245503,-14.885962663416894,0.09505607096186353,1343.486485201909,1289.913514798091,1316.7,53.57297040381809,-85.71428571428571,24.547236728553344,32.670375706513994,8.300958772632043,-110.11348660510637,18.72146118721461,28.767123287671232,39.76480210740493,86.32728058798097,1339.0,1343.0,1286.0,0,1,272758.8,-716331,1320.245527061516,0.25,0.75,0.59375,7602062.5,-4.24422933730455,-6.411149825783968,-4.232417763066095,-1.4299397920087524,66.75105485232066,28.367910066428202,0.0,0.0,345297.9,7928.0,2.9331675842064753,0.12772049772870975,0.6356734899509302,0.0,0.0
2013-10-29,,,,1302.4,1308.7,1314.35,1361.6666666666667,1317.1008866244815,15.571428571428571,43.636363636363626,-14.876889603074915,-14.884148051348498,0.007258448273583795,1339.6255342490983,1289.0744657509015,1314.35,50.551068498196855,-67.85714285714286,28.12953036805517,31.156760593694386,22.07506991677674,-89.39866295225826,18.807339449541285,26.605504587155966,34.30442324277075,85.11508527901965,1278.0,1338.0,1286.0,0,0,260146.55,-580560,1318.3024603503934,0.7333333333333333,0.26666666666666666,0.6666666666666666,9051400.0,-3.1390134529148184,-5.58375634517766,-3.8619113114053847,-1.4299397920087524,66.75105485232066,28.367910066428202,0.0,0.0,337697.35,-26031.0,-9.356399344394283,0.13755811633742518,0.6116103284456991,0.0,-1.0
2013-10-30,,,,1299.8,1306.6,1312.6,1360.7333333333333,1315.7579450411974,15.5,42.05607476635514,-14.216313447827588,-14.750581130644317,0.5342676828167292,1335.7371198680357,1289.462880131964,1312.6,46.27423973607165,-55.357142857142854,36.114131356481224,32.80921751462333,42.723959040197016,-60.48366516208102,15.207373271889402,26.728110599078345,31.459054325973263,77.99227141957338,1278.0,1334.0,1286.0,0,0,248948.15,-461518,1316.3241552508023,0.8,0.2,0.4666666666666667,7936133.333333333,-2.3238380809595283,-5.58375634517766,-2.797497644624761,-1.4299397920087524,66.75105485232066,28.367910066428202,0.0,0.0,328556.4,-20804.0,-8.249499375458491,0.14775803804455956,0.5890283715400068,-0.2,0.0
2013-10-31,,,,1300.4,1306.2,1311.5,1359.85,1315.4000455134644,15.785714285714286,47.368421052631575,-12.8188100390405,-14.364226912323554,1.5454168732830542,1332.3301401061174,1290.6698598938826,1311.5,41.66028021223474,-39.285714285714285,47.68719868209859,37.76854457044841,67.52450690539894,-15.090858576203102,19.004524886877828,26.244343891402718,27.840006706925642,100.0,1278.0,1330.0,1286.0,0,0,243232.4,-259561,1314.7113741837024,0.7857142857142857,0.21428571428571427,0.6428571428571429,14425500.0,-1.3533834586466287,-5.58375634517766,-1.6836208505628316,-1.4299397920087524,66.75105485232066,28.367910066428202,0.0,0.05,320373.6,16581.0,7.166102661843454,0.1485536842550762,0.6374156885931982,-0.1,0.0
2013-11-01,,,,1304.8,1308.1,1311.35,1359.15,1316.5048030836106,16.5,52.75590551181102,-10.3812354590616,-13.567628621671163,3.186393162609564,1331.655819751683,1291.0441802483167,1311.35,40.611639503366405,-12.5,63.817609578915395,46.45156623993741,98.54969625687139,49.78794957419358,23.376623376623378,25.10822510822511,23.72193090517638,100.0,1278.0,1327.0,1286.0,0,0,234930.3,78145,1313.619665846991,0.9047619047619048,0.09523809523809523,0.7142857142857143,16081238.095238095,0.0,-5.58375634517766,-0.16253760822135405,-1.4299397920087524,66.75105485232066,28.367910066428202,0.0,0.1,314329.6,24032.0,9.691807615683047,0.14485391331284225,0.7966605247522982,0.0,0.0
2013-11-04,,,,1313.4,1310.6,1312.25,1358.4166666666667,1317.6948218375526,16.642857142857142,54.761904761904766,-8.193605968091333,-12.492824090955198,4.299218122863865,1334.0324168587626,1290.4675831412374,1312.25,43.56483371752529,-10.526315789473685,72.36963445611903,55.09092231199794,106.9270587443612,80.40355658876457,25.75107296137339,21.888412017167383,20.551081484326954,100.0,1278.0,1329.0,1286.0,1,0,235317.35,425772,1314.4147473613823,0.5384615384615384,0.46153846153846156,0.15384615384615385,26740538.46153846,0.0,-5.58375634517766,1.5370152867771258,-0.7249708479093764,66.75105485232066,28.367910066428202,0.0,0.15,309696.3,493.0,0.1812539982499528,0.14464751506393378,0.8769361434782146,0.4,1.0
2013-11-05,,,,1319.4,1310.9,1313.45,1357.6333333333334,1318.4857911863571,16.142857142857142,50.81967213114754,-6.625593051028318,-11.319377882969823,4.693784831941505,1335.497556255524,1291.4024437444762,1313.45,44.09511251104777,-15.789473684210526,76.3165984093425,62.16614767777946,104.61749987246858,57.54654777846372,20.79646017699115,23.451327433628318,18.80573986942012,84.67824810374357,1335.0,1329.0,1286.0,0,0,228762.5,236757,1315.3846017157532,0.6,0.4,0.3,18901500.0,-0.22573363431149795,-5.003625815808565,2.089326448246566,-0.6503045336500896,66.75105485232066,28.367910066428202,0.0,0.2,306059.95,-4912.0,-1.8026548055503522,0.14746187019957435,0.910540444169904,0.6,0.0
2013-11-06,,,,1324.6,1312.2,1314.4,1356.9666666666667,1319.4871444067041,15.714285714285714,55.55555555555556,-5.082271329100877,-10.071956572196035,4.989685243095158,1337.4368126449929,1291.3631873550073,1314.4,46.07362528998556,-10.526315789473685,80.70229367640377,68.34486301065422,105.41715500790286,60.34849153538577,22.272727272727273,21.818181818181817,16.449333389302303,100.0,1278.0,1329.0,1286.0,0,0,227820.75,463909,1316.4869306973428,0.7272727272727273,0.2727272727272727,0.2727272727272727,20650181.81818182,0.0,-4.496011602610606,1.6797763491521438,-0.6503045336500896,66.75105485232066,28.367910066428202,0.0,0.25,302666.6,10888.0,4.069139493599927,0.14699952843716096,0.9707904796678409,0.9,0.0
2013-11-07,,,,1326.0,1313.2,1314.35,1355.8833333333334,1319.440749701304,15.428571428571429,54.621848739495796,-4.612919309595554,-8.98014911967594,4.367229810080385,1337.3399291452508,1291.360070854749,1314.35,45.97985829050185,-28.07017543859649,77.77813730473702,71.48928777534849,90.35583636351407,42.758099931566875,23.61111111111111,19.90740740740741,14.396171699094301,96.47967295026118,1335.0,1329.0,1286.0,0,0,225569.65,158501,1316.826228691079,0.0,1.0,0.6666666666666666,20360533.333333332,-0.7524454477050413,-4.496011602610606,-0.03195278359101798,-0.7876201101856893,66.75105485232066,28.367910066428202,0.0,0.3,298772.85,7615.0,2.734654155130123,0.14122551237921413,1.0214107687281337,0.5,0.0
2013-11-08,,,,1324.6,1314.7,1314.45,1354.6333333333334,1319.494011634513,15.428571428571429,56.896551724137936,-4.112852407594801,-8.006689777259712,3.8938373696649116,1337.5240227596792,1291.375977240321,1314.45,46.14804551935822,-26.31578947368421,75.18542486982469,72.72133347350722,80.11360766245963,25.741668030005954,23.61111111111111,20.833333333333336,12.668687227044613,100.0,1278.0,1329.0,1286.0,0,0,223059.9,330794,1316.803392571532,0.45454545454545453,0.5454545454545454,0.09090909090909091,15663000.0,-0.6772009029345272,-4.496011602610606,0.22373431788270198,-0.7876201101856893,66.75105485232066,28.367910066428202,0.0,0.35,294929.45,-4745.0,-1.6586385531218717,0.13541113327614812,0.8955753762932168,0.2,0.0
2013-11-11,,,,1321.2,1317.3,1314.05,1353.2,1318.78029624075,14.928571428571429,44.76190476190476,-4.312368625028967,-7.2678255468135635,2.955456921784597,1336.995931871948,1291.104068128052,1314.05,45.89186374389601,-40.35087719298246,66.03270748897403,70.49179147866282,57.114539509596426,5.671648927459217,19.617224880382775,23.444976076555022,11.788456346813732,25.041964005206218,1335.0,1329.0,1286.0,0,0,218522.7,188108,1316.5065289174381,0.07692307692307693,0.9230769230769231,0.6153846153846154,10975846.153846154,-1.2791572610985513,-4.496011602610606,-0.6179994980514601,-0.7876201101856893,58.850574712643706,28.367910066428202,0.0,0.35,291072.75,-1956.0,-0.6952614872766438,0.1281987741794285,0.7425699673067422,0.1,0.0
2013-11-12,,,,1317.0,1318.2,1313.45,1351.2,1317.4678870749642,15.0,44.76190476190476,-4.97794550620938,-6.809849538692728,1.8319040324833473,1336.6967315189509,1290.2032684810492,1313.45,46.49346303790162,-52.63157894736842,47.94337362010034,62.97565219247532,17.878816475350362,-29.410235705902497,18.57142857142857,27.142857142857142,11.961561303081952,25.041964005206218,1335.0,1329.0,1286.0,0,0,216727.2,5968,1316.1605539129375,0.16666666666666666,0.8333333333333334,0.5833333333333334,15178333.333333334,-1.8058690744920947,-4.455807158509872,-0.9464881244735248,-0.7876201101856893,55.82375478927204,28.367910066428202,0.0,0.35,287216.5,12163.0,4.3536153656170695,0.11335086174692256,0.7262402164723637,-0.2,0.0
2013-11-13,,,,1312.8,1318.7,1312.65,1349.2666666666667,1316.5661835440153,14.571428571428571,49.504950495049506,-5.203363911621636,-6.48855241327851,1.285188501656874,1335.4652765072801,1289.83472349272,1312.65,45.630553014560064,-47.36842105263158,39.58129669911452,55.17753369468839,8.388822707966767,-31.823441008831377,19.11764705882353,24.50980392156863,11.866942734187807,50.1929671794541,1278.0,1329.0,1286.0,0,0,204875.35,179718,1314.8576619067805,0.7272727272727273,0.2727272727272727,0.2727272727272727,15795454.545454547,-1.5801354401805856,-4.455807158509872,-1.2934048161633398,-0.7876201101856893,54.920634920634924,28.367910066428202,0.0,0.35,284636.75,-322.0,-0.11044796597379225,0.10487290712133669,0.6824196427276402,-0.5,0.0
2013-11-14,,,,1310.0,1318.0,1312.1,1347.2833333333333,1315.464642254109,14.214285714285714,50.0,-5.559992418293859,-6.302840414281581,0.7428479959877219,1335.104804990044,1289.095195009956,1312.1,46.009609980088044,-52.63157894736842,31.149435894647773,47.16816776134152,-0.8880278387397311,-31.738168162686293,19.597989949748744,22.110552763819097,11.520837817627156,53.528773072747,1335.0,1329.0,1286.0,0,0,198445.0,58861,1314.3174214517876,0.3333333333333333,0.6666666666666666,0.5,20142833.333333332,-1.8058690744921058,-4.455807158509872,-0.8905531909422592,-0.7876201101856893,54.64985994397759,28.367910066428202,0.0,0.35,281893.05,-2122.0,-0.7286637501802806,0.09378277405530591,0.5525161344149885,-0.2,0.0
2013-11-15,,,,1307.2,1315.9,1312.0,1345.3333333333333,1314.5632477537176,12.642857142857142,62.19512195121951,-5.696268400235795,-6.181526011472425,0.48525761123663,1335.09704925329,1288.90295074671,1312.0,46.19409850657985,-58.0,26.648643537608322,40.328326353430455,-0.710722094035944,-28.431373127735384,23.163841807909602,14.124293785310735,11.741450538239876,100.0,1285.0,1329.0,1286.0,0,0,193081.3,203639,1314.1350924886738,0.5,0.5,0.1,14477800.0,-1.7306245297216027,-4.24422933730455,-0.12295305910977992,-0.7876201101856893,54.64985994397759,28.367910066428202,0.0,0.35,279149.95,-146.0,-0.05050225530619512,0.07944424826006678,0.5302425388030144,-0.2,0.0
2013-11-18,,,,1305.6,1313.4,1312.0,1343.4666666666667,1313.5572241581253,12.571428571428571,55.4054054054054,-5.8976667518973045,-6.1247541595574,0.22708740766009594,1335.09704925329,1288.90295074671,1312.0,46.19409850657985,-70.45454545454545,21.68733098585653,34.11466123090582,-3.1673295042420477,-19.408440438849638,26.704545454545457,14.204545454545455,12.697438994228332,66.28581042842502,1335.0,1329.0,1286.0,0,0,195616.8,-8501,1314.0968338779355,0.07142857142857142,0.9285714285714286,0.14285714285714285,15152857.142857144,-1.8811136192626088,-4.24422933730455,0.05203104595840949,-0.7876201101856893,54.64985994397759,28.367910066428202,0.0,0.35,276251.15,-5839.0,-2.0207648382073007,0.060776328538903614,0.5779601739753526,-0.2,0.0
2013-11-19,,,,1303.8,1310.4,1310.65,1341.0,1311.885107571637,12.571428571428571,45.33333333333333,-6.6264242439178815,-6.225088176429497,-0.40133606748838435,1334.1918999367072,1287.108100063293,1310.65,47.08379987341414,-90.69767441860465,17.632823831840863,28.620715431217498,-4.34295936691241,-58.12288284489081,23.295454545454543,20.454545454545457,11.198937495726833,3.2778147901398946,1335.0,1329.0,1286.0,0,0,196792.15,-232176,1313.0533415585937,0.26666666666666666,0.7333333333333333,0.5333333333333333,14911666.666666666,-2.483069977426633,-4.24422933730455,-2.627561693344452,-0.7876201101856893,53.373349339735896,28.367910066428202,0.0,0.35,276111.9,17990.0,6.354398098272407,0.059969250970381506,0.60158131945411,-0.2,0.0
2013-11-20,,,,1304.4,1308.6,1310.4,1339.1833333333334,1311.8008116124336,12.785714285714286,49.382716049382715,-5.925292088163133,-6.165128958776225,0.23983687061309222,1333.8085004802786,1286.9914995197216,1310.4,46.817000960556925,-55.81395348837209,30.382666868286066,29.208032576907023,32.73193545104415,-23.68149618994082,20.11173184357542,20.11173184357542,10.056080352869689,26.505786265946163,1292.0,1329.0,1286.0,0,0,198011.25,-28809,1312.3881375426902,1.0,0.0,0.8823529411764706,11962764.705882354,-1.3544018058690654,-4.24422933730455,-0.4051145201475491,-0.7876201101856893,52.816969307408,28.367910066428202,0.0,0.4,275945.1,-19154.0,-6.361320619991295,0.059713262725038026,0.626513931597177,-0.2,0.0
2013-11-21,,,,1305.2,1307.6,1310.4,1337.3666666666666,1311.5340676493447,11.785714285714286,36.76470588235295,-5.467991486495748,-6.02570146432013,0.5577099778243815,1333.8085004802786,1286.9914995197216,1310.4,46.817000960556925,-60.46511627906977,37.96344457885738,32.126503244223805,49.63732724812452,-2.043699619611842,15.151515151515152,21.81818181818182,11.089034518142357,0.0,1335.0,1329.0,1286.0,0,0,197562.75,-177056,1312.313980747889,0.2857142857142857,0.7142857142857143,0.2857142857142857,21178142.85714286,-1.5048908954100715,-4.24422933730455,0.04929256494907242,-0.7876201101856893,51.206918807280246,28.367910066428202,0.0,0.4,276492.15,3594.0,1.274707657822205,0.06007999988246809,0.6467395194324015,-0.5,0.0
2013-11-22,,,,1304.6,1305.9,1310.3,1335.5,1310.7212993017881,11.428571428571429,31.944444444444443,-5.526026724659232,-5.9257665163879505,0.39973979172871843,1333.8224416920575,1286.7775583079424,1310.3,47.04488338411511,-73.80952380952381,39.975629719238256,34.74287873589529,50.44113168592419,-29.090318829392615,11.875,26.25,13.203092369905125,0.0,1335.0,1329.0,1286.0,0,0,197787.8,-301935,1312.2842334057004,0.2857142857142857,0.7142857142857143,0.8571428571428571,17839857.14285714,-1.9563581640331007,-4.24422933730455,-0.1352900704770376,-0.7876201101856893,50.16393442622951,28.367910066428202,0.0,0.4,277239.7,-302.0,-0.10576414595452333,0.06007116673475194,0.6340907522195635,-0.3,0.0
2013-11-25,,,,1305.4,1305.5,1311.4,1333.6833333333334,1310.4621279397131,11.357142857142858,37.83783783783784,-5.10966086595954,-5.762545386302269,0.6528845203427283,1332.0157834271258,1290.7842165728744,1311.4,41.23156685425147,-61.904761904761905,47.98375314615883,39.15650353931647,65.63825235984355,-20.74865570471774,13.836477987421382,25.157232704402514,14.848253660227707,19.481855876032817,1292.0,1329.0,1296.0,0,0,192178.3,-170859,1313.4300457786683,0.6666666666666666,0.3333333333333333,0.5555555555555556,14564000.0,-1.5801354401805856,-3.1390134529148184,2.417592593815553,-0.6204443582748193,49.603960396039604,28.367910066428202,0.0,0.4,277021.4,-11389.0,-3.9927920095078173,0.06017314582461927,0.579955589533941,-0.5,0.0
2013-11-26,,,,1310.0,1306.9,1312.55,1331.75,1311.2752586121214,11.571428571428571,43.90243902439024,-3.847725667651275,-5.3795814425720705,1.5318557749207953,1332.0864706180237,1293.0135293819762,1312.55,39.07294123604743,-35.714285714285715,61.989168764105884,46.767391947579604,92.43272239715843,21.529985016458024,19.135802469135804,24.691358024691358,15.680048553297466,39.52967525195968,1292.0,1329.0,1296.0,0,0,196908.25,59511,1314.2812351268506,0.7857142857142857,0.21428571428571427,0.7857142857142857,16455000.0,-0.7524454477050413,-2.483069977426633,2.4877448994185274,-0.6204443582748193,49.40716293851607,28.367910066428202,0.0,0.45,277935.3,-3387.0,-1.2368084717911287,0.0565215182541138,0.6017365016998356,-0.4,0.0
2013-11-27,,,,1312.0,1308.2,1313.45,1329.85,1312.2014244585862,11.142857142857142,51.35135135135135,-2.655637114359479,-4.834792576929552,2.1791554625700735,1332.7915288134234,1294.1084711865767,1313.45,38.683057626846676,-14.705882352941176,69.75748505842353,54.43075631786091,100.41094253954876,43.97860653887504,21.153846153846157,24.35897435897436,15.575163926387066,64.15362731152203,1292.0,1329.0,1296.0,0,0,201615.55,272699,1315.0756900943404,0.4444444444444444,0.5555555555555556,0.2222222222222222,23687555.555555556,-0.6019563581640353,-2.483069977426633,1.9813649593691747,-0.6204443582748193,49.40716293851607,28.367910066428202,0.0,0.5,280136.75,4947.0,1.829085679002307,0.04037825340279038,0.6122924773802835,-0.1,0.0
2013-11-28,,,,1314.0,1309.6,1313.8,1328.4333333333334,1312.848907843483,11.0,49.33333333333333,-1.850945089822062,-4.2380230795080545,2.3870779896859924,1333.2838664702354,1294.3161335297646,1313.8,38.967732940470796,-20.58823529411765,72.97557827424313,60.61236363665498,97.70200754941943,33.400991614720155,21.42857142857143,22.727272727272727,15.33881938857194,57.48264277715565,1326.0,1329.0,1296.0,0,0,197845.25,146148,1315.5262658567744,0.3333333333333333,0.6666666666666666,0.2222222222222222,14061222.222222222,-0.7524454477050413,-2.483069977426633,0.8172752509302711,-0.6204443582748193,49.343209876543206,28.367910066428202,0.0,0.5,281474.05,-702.0,-0.25489270542100595,0.030381963537300386,0.6005915223650714,0.2,0.0
2013-11-29,,,,1316.0,1310.3,1313.1,1327.3,1312.863297572675,11.142857142857142,50.68493150684931,-1.6780274627362814,-3.7260239561537003,2.047996493417419,1331.5664703263553,1294.6335296736445,1313.1,36.93294065271084,-40.0,68.65038551616209,63.29170426315735,79.36774802217157,20.10463465896697,22.435897435897438,22.435897435897438,14.703898753651305,61.950635843470515,1327.0,1329.0,1296.0,0,0,192117.35,-77000,1315.1208266718231,0.06666666666666667,0.9333333333333333,0.4,14876533.333333332,-1.2039127163280594,-2.483069977426633,-1.69541640676062,-0.6204443582748193,49.40716293851607,28.367910066428202,0.0,0.45,281613.75,80.0,0.02912183118073397,0.029864917896941793,0.6754452261965055,-0.1,0.0
2013-12-02,,,,1317.8,1311.6,1312.5,1326.3666666666666,1313.2572692324202,10.714285714285714,58.57142857142857,-1.2043395502023486,-3.2216870749634303,2.0173475247610817,1329.5139261844201,1295.4860738155799,1312.5,34.027852368840286,-28.571428571428573,68.99924690976462,65.1942184786931,76.60930377190766,15.643759781072813,23.333333333333336,18.0,14.286272025540708,88.02111662134058,1292.0,1329.0,1296.0,0,0,179912.8,26536,1313.8278709648969,0.8333333333333334,0.16666666666666666,0.6666666666666666,17256000.0,-0.9029345372460473,-2.483069977426633,-1.4305121854897702,-0.6204443582748193,49.603960396039604,28.367910066428202,0.0,0.45,281301.0,-8556.0,-3.113673086160973,0.03153665751497269,0.6574956871844503,-0.1,0.0
2013-12-03,,,,1318.6,1314.3,1312.35,1325.3833333333334,1314.185148353142,10.642857142857142,60.273972602739725,-0.3408593959352402,-2.6455215391577926,2.3046621432225525,1328.9096211499523,1295.7903788500475,1312.35,33.11924229990473,-11.428571428571429,74.20462614497129,68.19768770078582,86.21850303334222,47.25433267462939,27.516778523489933,16.10738255033557,15.271578853544165,93.64923530043413,1292.0,1329.0,1296.0,0,0,176685.15,150998,1313.4415843663148,0.9,0.1,0.6,12446200.0,-0.4514672686230181,-2.483069977426633,-0.3212786006647072,-0.6204443582748193,50.136986301369866,28.367910066428202,0.0,0.45,281358.3,2489.0,0.9348988851828555,0.031210076701437814,0.5797762448799963,0.2,0.0
2013-12-04,,,,1319.2,1315.6,1312.1,1324.55,1315.1198961290334,10.714285714285714,63.38028169014085,0.4193129117772969,-2.032554648970775,2.451867560748072,1327.7258894483161,1296.4741105516837,1312.1,31.25177889663246,-8.571428571428571,78.95693025049368,71.78410188402178,93.3025869834375,68.58417980005727,28.66666666666667,16.0,16.86687260852143,99.99999999999999,1292.0,1324.0,1296.0,0,0,171031.3,265073,1312.837846249975,0.7142857142857143,0.2857142857142857,0.14285714285714285,16296428.57142857,0.0,-2.483069977426633,-0.5630106707728074,-0.6204443582748193,50.71187963170895,28.367910066428202,0.0,0.45,280850.4,-416.0,-0.15480740247320046,0.03289761285255105,0.5099950652408849,-0.1,0.0
2013-12-05,,,,1319.4,1316.7,1312.15,1323.8,1315.5846679262684,10.642857142857142,59.45945945945946,0.691022692329625,-1.4878391807106952,2.1788618730403204,1327.87493828951,1296.4250617104901,1312.15,31.44987657901993,-24.324324324324323,74.86017572255135,72.8094598301983,78.96160750725744,69.61547145232846,29.53020134228188,14.76510067114094,17.516223257872078,87.52753998553624,1329.0,1324.0,1296.0,0,0,162717.6,125939,1312.224787197779,0.0,1.0,0.4444444444444444,15459333.333333334,-0.30211480362537513,-2.483069977426633,0.1628136498769006,-0.6064324223833462,50.926007975188305,28.367910066428202,0.0,0.45,279718.0,-4875.0,-1.8169620394700048,0.03548993998049466,0.5234927596722095,-0.1,0.0
2013-12-06,,,,1320.4,1318.2,1312.05,1323.0666666666666,1315.814699552338,10.357142857142858,59.45945945945946,0.7364816635051739,-1.0429750118675214,1.7794566753726953,1327.5890848473489,1296.510915152651,1312.05,31.078169694697863,-29.72972972972973,65.7797996880501,70.46623978281556,56.40691949851919,49.82803537374286,26.20689655172414,17.93103448275862,16.672969289618113,87.52753998553624,1329.0,1324.0,1296.0,0,0,159894.6,10106,1312.069553839425,0.2,0.8,0.2,11583300.0,-0.45317220543806824,-2.483069977426633,-0.21844465600489507,-0.6064324223833462,51.63226218344329,28.367910066428202,0.0,0.45,278251.45,-11428.0,-4.338154348403755,0.04200033926983445,0.45300832096372945,0.2,0.0
2013-12-09,,,,1320.8,1319.3,1312.4,1322.25,1316.1180614997345,10.071428571428571,67.16417910447761,0.8434767929047666,-0.6656846509130638,1.5091614438178305,1328.2466333797454,1296.5533666202548,1312.4,31.693266759490598,-28.571428571428573,60.51986645870007,67.1507820081104,47.258035359879415,22.93968371137543,26.95035460992908,15.602836879432624,18.1139093019867,100.0,1294.0,1324.0,1296.0,0,0,160191.95,158739,1312.0916948906192,0.9090909090909091,0.09090909090909091,0.09090909090909091,13512090.90909091,-0.3776435045317106,-2.483069977426633,0.9679315544470943,-0.5375346027233308,53.129094157347986,28.91001697792869,0.0,0.5,275778.1,-22092.0,-8.766597090499284,0.05768426966707666,0.5045262228633682,0.2,0.0
2013-12-10,,,,1320.0,1319.3,1313.1,1321.3,1316.3925318330932,9.5,57.692307692307686,0.9176926145948983,-0.34900919781147144,1.2667018124063696,1328.8065189281547,1297.3934810718451,1313.1,31.41303785630953,-35.714285714285715,57.01324430580005,63.77160277400695,43.49652736938626,45.047641906151455,29.32330827067669,16.541353383458645,20.10454162048787,73.10635215285008,1329.0,1324.0,1296.0,0,0,154810.1,158739,1312.5423008576313,0.3333333333333333,0.6666666666666666,0.0,8278111.111111111,-0.3776435045317106,-2.483069977426633,1.9901166038174063,-0.46612175266091127,54.64985994397759,28.91001697792869,0.0,0.55,272742.75,923.0,0.40146144143360374,0.06726842018884245,0.47644477236360094,0.0,0.0
2013-12-11,,,,1318.8,1319.0,1313.6,1320.3833333333334,1316.545624039465,9.571428571428571,58.82352941176471,0.8856087983738234,-0.10208559857441243,0.9876943969482359,1329.2595355176954,1297.9404644823044,1313.6,31.31907103539106,-39.285714285714285,53.00882953720003,60.18401169507131,38.65846522145746,36.64334044985172,26.86567164179105,16.417910447761194,20.540623345433357,76.318249489319,1329.0,1324.0,1296.0,0,0,150007.2,81047,1313.0777474903427,0.25,0.75,0.125,9711500.0,-0.45317220543804604,-2.483069977426633,1.4332057057259056,-0.46612175266091127,54.8906048906049,28.91001697792869,0.0,0.6,269685.2,-766.0,-0.3318416344283537,0.07459122609375061,0.4589495355020515,0.2,0.0
2013-12-12,,,,1319.0,1319.2,1314.4,1319.4166666666667,1316.9698503214208,9.428571428571429,68.75,1.0896957366808238,0.13627066847663483,0.9534250682041889,1329.842933999882,1298.9570660001182,1314.4,30.885867999763832,-29.62962962962963,55.33921969146668,58.569081027203104,48.87949701999385,34.899952153442854,27.272727272727273,12.12121212121212,20.594667661772757,100.0,1302.0,1324.0,1296.0,0,0,147221.95,146199,1313.5277355041146,0.8333333333333334,0.16666666666666666,0.5,10858666.666666666,-0.22658610271899526,-2.483069977426633,2.2887048442700086,-0.46612175266091127,55.43543543543544,28.91001697792869,0.0,0.65,266457.15,-5532.0,-2.404516945063828,0.08232158187417865,0.41134974301742916,0.0,0.0
2013-12-13,,,,1326.0,1323.2,1316.75,1319.1333333333334,1320.4012931479522,11.785714285714286,80.0,3.7898812782411824,0.8669927904295445,2.9228884878116377,1339.4227288074762,1294.0772711925238,1316.75,45.345457614952466,-18.181818181818183,64.05330695480495,60.397156336403725,71.36560819160741,148.7102776389552,44.848484848484844,9.696969696969695,23.12410954605335,100.0,1302.0,1353.0,1296.0,1,0,172475.1,796040,1319.9610291572524,0.7560975609756098,0.24390243902439024,0.7804878048780488,15849780.487804877,0.0,-2.483069977426633,4.180159780185424,-0.46612175266091127,55.82375478927204,28.91001697792869,1.0,0.7,266607.9,67430.0,30.030952858129023,0.08292168193943698,0.7645694525963249,0.1,0.0
2013-12-16,,,,1329.2,1325.0,1318.3,1318.5666666666666,1321.7916461814805,12.857142857142858,59.75609756097561,4.426324294811366,1.5788590913059086,2.847465203505457,1341.5342759505393,1295.0657240494606,1318.3,46.46855190107863,-51.851851851851855,58.75158735258602,59.84863334179782,56.557495374162414,86.52716747568233,35.0,8.888888888888888,26.468224870913907,33.987274655355264,1363.0,1353.0,1296.0,0,0,181078.1,411840,1322.3985552826834,0.4230769230769231,0.5769230769230769,0.6923076923076923,14776923.076923076,-1.3303769401330268,-2.483069977426633,2.5214674120042067,-0.6493409328962191,57.05570291777189,30.227504244482176,1.0,0.75,263721.0,-66592.0,-22.8082133132396,0.08934122236625479,0.9762186698632729,0.3,0.0
2013-12-17,,,,1330.8,1325.4,1319.85,1318.0,1322.2876798784823,13.5,53.409090909090914,4.236342905573565,2.11035585415944,2.1259870514141253,1340.8489974697673,1298.8510025302326,1319.85,41.99799493953469,-66.66666666666667,50.27883601283513,56.65870089881026,37.51910624088485,51.46687584321134,31.21693121693122,9.523809523809526,29.76854627988723,13.290513833992124,1363.0,1353.0,1303.0,0,0,179924.15,211244,1324.299562621249,0.2777777777777778,0.7222222222222222,0.4444444444444444,11144222.222222222,-1.9216555801921609,-1.9563581640331007,2.5388195606355737,-0.6358072365197597,57.05570291777189,31.51702786377709,1.0,0.8,260175.05,4809.0,2.1337959737856904,0.08828125981639087,1.0859606261424335,0.1,0.0
2013-12-18,,,,1333.2,1326.0,1320.8,1317.7666666666667,1323.022186556722,13.714285714285714,56.17977528089887,4.2785359150816475,2.5439918663438816,1.734544048737766,1341.832305977598,1299.7676940224019,1320.8,42.06461195519614,-61.111111111111114,46.48218697151971,53.26652958971341,32.91350173513233,51.660928369222624,30.729166666666668,8.854166666666666,33.505830667326414,18.744093247926077,1309.0,1353.0,1303.0,0,0,181542.4,446976,1325.7752606737233,0.4166666666666667,0.5833333333333334,0.25,19644333.333333332,-1.6999260901700008,-1.9563581640331007,1.647546219234153,-0.6358072365197597,57.05570291777189,31.908496732026144,1.0,0.8,257697.1,2206.0,0.958372070796143,0.08990615098412957,1.221299985061718,0.2,0.0
2013-12-19,,,,1334.8,1326.9,1321.8,1317.65,1323.5915021227486,13.285714285714286,59.523809523809526,4.183062792444844,2.871806051564074,1.3112567408807694,1342.36670789608,1301.23329210392,1321.8,41.13341579216012,-62.96296296296296,43.33380366002549,49.9556209464841,30.09016908710825,33.80871599228587,30.645161290322577,8.064516129032258,37.67249733399308,22.99552299552299,1363.0,1353.0,1303.0,0,0,182987.95,269818,1326.5219670657732,0.6666666666666666,0.3333333333333333,0.1111111111111111,19684222.222222224,-1.7738359201774023,-1.9563581640331007,1.7358369285918165,-0.6358072365197597,57.86813186813187,32.730352303523034,1.0,0.85,254169.2,-17405.0,-7.489629412878463,0.09466289184016297,1.3280783327870112,0.4,0.0
2013-12-20,,,,1329.8,1327.9,1323.05,1317.5166666666667,1324.0113590634392,13.571428571428571,56.79012345679012,3.9808196018607305,3.0936087616234054,0.8872108402373251,1341.760818711125,1304.339181288875,1323.05,37.421637422250114,-64.81481481481481,37.399840737889335,45.770360876952516,20.658800459762972,44.711056820202145,32.631578947368425,7.894736842105263,41.11076413631519,12.714994196475649,1363.0,1353.0,1308.0,0,0,183043.35,143831,1327.4328712296842,0.1,0.9,0.1,12598700.0,-1.8477457501847816,-1.9216555801921609,2.1915355399249576,-0.6358072365197597,57.86813186813187,33.2520325203252,1.0,0.9,250632.3,-482.0,-0.22420377425191873,0.09754871277566232,1.0003982490575198,0.3,0.0
2013-12-23,,,,1326.6,1327.9,1323.6,1317.2333333333333,1323.5340867716832,16.428571428571427,47.61904761904762,3.0590527761683006,3.0866975645323844,-0.027644788364083794,1341.0524919046736,1306.1475080953262,1323.6,34.904983809347414,-51.76470588235294,41.011658531141904,44.184126761682315,34.666722070061084,-87.50803080610285,24.347826086956523,27.82608695652174,39.71882274437379,0.0,1363.0,1353.0,1313.0,0,0,191342.45,-153227,1326.6501354857046,0.82,0.18,0.18,5941160.0,-2.512934220251306,-2.512934220251306,0.9740692619908661,-0.7103441482114686,57.86813186813187,33.33333333333333,1.0,0.9,244868.95,-55918.0,-26.068876135775586,0.12786729474926475,1.0340927596037925,0.3,0.0
2013-12-24,,,,1323.8,1327.3,1323.3,1316.7333333333333,1322.5308404124753,16.785714285714285,43.82022471910112,1.823377311296099,2.8340335138851276,-1.0106562025890287,1341.2836182764836,1305.3163817235163,1323.3,35.96723655296728,-58.8235294117647,41.066595883506366,43.14494980229033,36.909888045938445,-54.22342391247998,22.97872340425532,27.23404255319149,38.29856326694255,0.0,1363.0,1353.0,1313.0,0,0,186729.95,-291347,1326.8063517216528,0.4166666666666667,0.5833333333333334,0.5,11510000.0,-2.9563932002956483,-2.9563932002956483,-0.4602026992206502,-0.7103441482114686,57.86813186813187,35.00000000000001,1.0,0.85,238868.5,-8129.0,-5.126022335307068,0.1553574580241184,1.0434036653820349,0.6,0.0
2013-12-25,,,,1320.4,1326.8,1322.9,1316.3166666666666,1321.623141325573,16.642857142857142,45.88235294117647,0.8344762797148633,2.434122067051075,-1.5996457873362115,1341.446101874392,1304.353898125608,1322.9,37.09220374878396,-58.8235294117647,41.10322078508268,42.46437346322111,38.38091542880582,-55.583763841547224,21.888412017167383,27.46781115879828,36.72506430213923,5.699671172816965,1363.0,1353.0,1313.0,0,0,179043.1,-291347,1326.8974368927554,0.5714285714285714,0.42857142857142855,0.0,8493000.0,-2.9563932002956483,-2.9563932002956483,-0.6318371468517009,-0.7103441482114686,57.86813186813187,36.4950980392157,1.0,0.8,232439.25,-3629.0,-2.4120329137144902,0.17786660801154938,0.9215078414504051,0.4,0.0
2013-12-26,,,,1319.2,1327.0,1323.1,1316.1333333333334,1321.7542707231376,16.857142857142858,52.68817204301075,0.8479073657440495,2.11687912678967,-1.2689717610456204,1341.5550663418664,1304.6449336581334,1323.1,36.91013268373308,-47.05882352941177,48.235480523388446,44.388075816610225,55.93028993694489,-8.852859403172669,25.84745762711864,25.423728813559322,35.444810465067214,24.510786081613578,1278.0,1353.0,1313.0,0,0,177402.95,-197599,1326.987628353042,0.75,0.25,0.8333333333333334,7812333.333333333,-2.2172949002217224,-2.9563932002956483,0.38574531888821284,-0.7103441482114686,57.86813186813187,37.62321144674086,1.0,0.75,225543.9,-10024.0,-6.827175208581648,0.20057800193257588,0.8937541479845666,0.2,0.0
2013-12-27,,,,1316.6,1323.2,1323.2,1315.8833333333334,1321.1110068447435,16.928571428571427,47.99999999999999,0.2105908962146259,1.7356214806746613,-1.5250305844600354,1341.4451147029774,1304.9548852970227,1323.2,36.49022940595478,-56.470588235294116,52.04946013387186,46.94187058903077,62.26463922355404,-27.814558423690425,25.738396624472575,22.784810126582283,33.97483116900096,11.55279503105589,1363.0,1353.0,1313.0,0,0,170756.05,-287809,1327.372239226663,0.16666666666666666,0.8333333333333334,0.6666666666666666,7517500.0,-2.8085735402808454,-2.9563932002956483,0.21998968140974495,-0.7103441482114686,57.86813186813187,38.47665847665847,1.0,0.75,218390.45,-5082.0,-3.7148851251087356,0.2209508772659978,0.9132577048663304,0.2,0.0
2013-12-30,,,,1316.0,1321.3,1323.15,1315.9666666666667,1320.6242442881012,17.142857142857142,48.51485148514851,-0.2113589405530547,1.3462253964291182,-1.557584336982173,1341.4719741523832,1304.828025847617,1323.15,36.64394830476613,-55.294117647058826,56.168566642920226,50.01743594032725,68.47082804810618,-44.28329782638432,23.333333333333336,24.583333333333336,32.170534254226496,12.97583174466515,1278.0,1353.0,1313.0,0,0,170309.8,-193198,1327.375134314056,0.6666666666666666,0.3333333333333333,0.08333333333333333,7884250.0,-2.734663710273466,-2.9563932002956483,-0.02834369512973123,-0.7103441482114686,57.86813186813187,40.29364440868866,1.0,0.7,211227.35,-8749.0,-6.642170074173048,0.24293343181145843,0.6924938510004122,0.0,0.0
2013-12-31,,,,1316.4,1320.1,1322.75,1316.1833333333334,1320.0886019749487,17.5,48.51485148514851,-0.6193098503788406,0.9531183470675264,-1.572428197446367,1341.4315416922288,1304.0684583077712,1322.75,37.363083384457696,-56.470588235294116,58.349665897540035,52.79484592606485,69.4593058404904,-28.22360227755418,24.897959183673468,24.081632653061224,30.565443942239632,12.97583174466515,1363.0,1353.0,1313.0,0,0,168726.4,-285992,1327.3587224642972,0.23076923076923078,0.7692307692307693,0.07692307692307693,7138000.0,-2.8085735402808676,-2.9563932002956483,-0.6146220065274,-0.7103441482114686,57.86813186813187,41.59613837489944,1.0,0.65,204022.9,1662.0,1.351549158331311,0.25932150541670645,0.6577983474581893,-0.3,0.0
2014-01-01,,,,1311.8,1316.1,1321.05,1315.85,1317.2230208344774,19.357142857142858,37.39837398373984,-2.926173841264017,0.17725990940121772,-3.1034337506652347,1344.762976682744,1297.337023317256,1321.05,47.42595336548811,-85.88235294117646,45.67943828197584,50.42304337803519,36.19222808985714,-105.94056503857217,22.50922509225092,30.627306273062732,28.909461036256722,0.0,1363.0,1353.0,1290.0,0,1,175161.45,-528768,1325.558477431345,0.0625,0.9375,0.78125,7586750.0,-4.656319290465638,-4.656319290465638,-2.417570582385373,-1.3589151273469184,57.86813186813187,41.59613837489944,2.0,0.6,197381.2,10839.0,8.696803389177731,0.2672523013616711,0.9352338946110358,-0.5,0.0
2014-01-02,,,,1305.2,1312.2,1319.55,1315.35,1314.6303521835748,18.5,15.384615384615387,-4.700199203452939,-0.7982319131696137,-3.901967290283326,1347.0376048620299,1292.06239513797,1319.55,54.97520972405982,-83.33333333333333,38.45295885465056,46.433015203573646,22.49284615680439,-88.40246820525935,7.722007722007723,32.04633204633205,28.675218471917074,0.0,1363.0,1353.0,1290.0,0,0,180343.55,-528768,1323.936846461471,0.0,1.0,0.0,8092533.333333334,-4.656319290465638,-4.656319290465638,-2.130931609894356,-1.3589151273469184,57.86813186813187,41.59613837489944,2.0,0.55,190983.25,0.0,0.0,0.2726607380550466,1.1565940856871666,-0.4,0.0
2014-01-03,,,,1298.4,1307.5,1317.7,1314.7333333333333,1311.427461499425,17.5,17.073170731707307,-6.754490308262575,-1.989483592188206,-4.765006716074369,1350.157907965119,1285.2420920348811,1317.7,64.91581593023784,-95.16129032258064,27.71863923643371,40.19488988119367,2.766137946913787,-123.08072296579232,8.16326530612245,38.775510204081634,29.084055644650782,3.8255237324157205,1363.0,1353.0,1281.0,0,1,186402.0,-765770,1321.520269453475,0.2,0.8,0.6,15800133.333333334,-5.321507760532174,-5.321507760532174,-2.619909827853597,-1.3589151273469184,57.86813186813187,41.59613837489944,2.0,0.5,185671.4,10294.0,7.598674255006599,0.27428860670675287,1.3448043662500329,-0.7,0.0
2014-01-06,,,,1292.2,1304.1,1316.0,1314.15,1308.9105604042416,17.285714285714285,23.07692307692308,-7.967915073475297,-3.185169888445624,-4.782745185029673,1351.582372927565,1280.417627072435,1316.0,71.16474585513015,-78.78787878787878,26.963941309137624,35.784573690508324,9.322676546396224,-110.13897093707952,8.264462809917356,41.32231404958678,30.04262088893031,17.427385892116185,1271.0,1353.0,1281.0,0,0,185383.05,-637516,1320.3283741420805,0.9333333333333333,0.06666666666666667,0.26666666666666666,8550266.666666666,-5.025868440502612,-5.321507760532174,-2.3833557197783284,-1.3589151273469184,57.86813186813187,41.59613837489944,2.0,0.45,180847.8,-12327.0,-8.456762597331323,0.2824772501602112,1.383157910364646,-0.7,0.0
2014-01-07,,,,1280.2,1298.3,1312.8,1313.1166666666666,1303.7762213181231,18.928571428571427,14.285714285714292,-11.220963934271595,-4.792328697610818,-6.428635236660776,1357.571231364495,1268.028768635505,1312.8,89.5424627289899,-97.61904761904762,18.88920288189084,30.152783420969165,-3.6379581962658136,-122.02708036237635,8.30188679245283,44.528301886792455,30.99321165155115,0.0,1337.0,1353.0,1255.0,0,1,190906.0,-822478,1317.670645239018,0.05714285714285714,0.9428571428571428,0.8571428571428571,5284628.571428572,-7.243163340724335,-7.243163340724335,-3.9547604354713597,-1.9228151676998466,57.86813186813187,41.59613837489944,3.0,0.4,177115.1,22741.0,17.042371738185523,0.28205254869038293,1.4711081116188098,-0.7,0.0
2014-01-08,,,,1269.8,1290.8,1308.8,1311.6833333333334,1297.5118192878258,20.428571428571427,12.396694214876035,-14.997900062425288,-6.833442970573713,-8.164457091851574,1364.5611447439546,1253.0388552560453,1308.8,111.52228948790935,-88.39285714285714,16.926135254593895,25.743900698844076,-0.7093956339064675,-136.37340129688909,7.6923076923076925,50.34965034965036,32.076114692285515,0.0,1337.0,1353.0,1238.0,0,1,199356.5,-1069180,1312.791158218234,0.43333333333333335,0.5666666666666667,0.5666666666666667,8223400.0,-8.499630450849994,-8.499630450849994,-4.844482148390693,-1.9228151676998466,57.86813186813187,40.29364440868866,3.0,0.35,172734.4,-13726.0,-8.788633555087433,0.28308345059519646,1.459053102857703,-0.4,0.0
2014-01-09,,,,1258.2,1281.7,1304.35,1310.2833333333333,1291.2725984032709,20.928571428571427,11.904761904761898,-18.264754293173382,-9.119705235093647,-9.145049058079735,1369.4370671930133,1239.2629328069866,1304.35,130.1741343860267,-92.3076923076923,13.924354196131905,21.804051864606684,-1.8350411408176512,-118.08459530375112,5.802047781569966,49.48805460750854,33.35992788086061,0.0,1337.0,1353.0,1232.0,0,1,203495.5,-1217112,1309.7566340942838,0.47058823529411764,0.5294117647058824,0.35294117647058826,8701882.352941176,-8.943089430894336,-8.943089430894336,-5.444756040728974,-1.9228151676998466,57.86813186813187,40.133939248983495,3.0,0.3,168542.55,-1755.0,-1.231985286375159,0.2836385288581369,1.3109184516584562,-0.3,0.0
2014-01-10,,,,1251.4,1274.9,1299.05,1309.2666666666667,1287.0561604601023,20.142857142857142,22.727272727272734,-19.419528926458497,-11.179669973366618,-8.239858953091879,1364.7173434821168,1233.382656517883,1299.05,131.3346869642337,-77.45098039215686,16.87366187332886,20.160588534180743,10.299808551625098,-84.75917892206552,14.539007092198581,34.04255319148936,35.75130779048869,26.5365519602808,1224.0,1335.0,1232.0,0,0,180755.45,-1022072,1299.8018805703136,0.5384615384615384,0.46153846153846156,0.38461538461538464,5001025.641025641,-6.591760299625504,-8.943089430894336,-7.529716633414114,-1.9228151676998466,57.86813186813187,40.133939248983495,2.0,0.25,160164.15,-16301.0,-11.585807900609812,0.24280029800816766,1.2993114595601316,-0.2,-1.0
2014-01-13,,,,1244.6,1268.4,1294.85,1308.3833333333334,1283.622240416283,20.285714285714285,26.15384615384616,-19.783873394969987,-12.900510657687294,-6.8833627372826935,1361.5725993435221,1228.1274006564777,1294.85,133.44519868704447,-73.52941176470588,20.62410791555257,20.31509499463802,21.242133757381673,-74.9171050363279,14.436619718309858,33.80281690140845,38.01355129979394,34.93843256555124,1224.0,1330.0,1232.0,0,0,167810.3,-896775,1293.623823348944,1.0,0.0,0.2857142857142857,8949785.714285715,-5.939849624060178,-8.943089430894336,-6.094696332090064,-1.9228151676998466,57.86813186813187,40.133939248983495,2.0,0.2,154715.25,-8002.0,-6.432631012001899,0.23819019416569578,1.3223775498870087,-0.2,-1.0
2014-01-14,,,,1242.8,1261.5,1290.8,1307.1,1280.0391699004465,20.928571428571427,25.185185185185176,-20.242731615086086,-14.368954849167054,-5.8737767659190325,1359.1199901392692,1222.4800098607307,1290.8,136.6399802785386,-78.43137254901961,21.388294165923938,20.672828051733326,22.81922639430516,-62.38738881310335,17.064846416382256,32.76450511945392,39.45658712043547,32.563297761037866,1326.0,1330.0,1232.0,0,0,162307.15,-987308,1290.179906738551,0.125,0.875,0.3125,5658312.5,-6.315789473684241,-8.943089430894336,-5.921610591812476,-1.9228151676998466,57.86813186813187,37.74994506701824,2.0,0.15,149103.7,1556.0,1.3368271832982614,0.2220616330163199,1.239028069348135,-0.2,0.0
2014-01-15,,,,1246.6,1258.2,1287.15,1306.1166666666666,1277.8449632432612,21.357142857142858,25.735294117647058,-19.49405664093092,-15.393975207519828,-4.100081433411093,1354.4444042406465,1219.8555957593537,1287.15,134.58880848129274,-67.32673267326733,30.200891762789873,23.848849288752177,42.90497671086527,-54.71583120360155,13.377926421404682,33.779264214046826,42.487727482330186,37.777925078595516,1224.0,1329.0,1232.0,0,0,155344.25,-890834,1285.90176023037,0.9473684210526315,0.05263157894736842,0.5789473684210527,5077578.947368421,-5.417607223476306,-8.943089430894336,-5.086244906206547,-1.9228151676998466,57.86813186813187,37.27164036346246,2.0,0.1,143152.8,-4581.0,-3.8838161609481947,0.19272339511407557,1.0628585821801302,-0.4,0.0
2014-01-16,,,,1252.0,1255.1,1283.65,1305.2833333333333,1276.050204839141,21.285714285714285,28.461538461538467,-18.52578927780769,-16.020338021577402,-2.5054512562302875,1349.0339671318052,1218.266032868195,1283.65,130.7679342636102,-65.34653465346534,38.363094508526586,28.68693102867698,57.7154214682258,-40.435236660535914,15.100671140939598,33.557046979865774,44.76230447954587,45.22462727227701,1224.0,1328.0,1232.0,0,0,149850.05,-823560,1282.7869454609233,0.6363636363636364,0.36363636363636365,0.18181818181818182,6115818.181818182,-5.19578313253014,-8.943089430894336,-4.847254788323891,-1.9228151676998466,57.86813186813187,35.80065359477125,2.0,0.05,138095.6,469.0,0.41368968863015887,0.16319514526278942,0.9707670456043965,-0.3,1.0
2014-01-17,,,,1252.2,1251.8,1279.65,1304.3333333333333,1273.3787567592228,22.0,25.714285714285722,-18.433548018633246,-16.502980020988574,-1.9305679976446726,1343.3772972991233,1215.922702700877,1279.65,127.45459459824633,-76.23762376237623,38.07539633901772,31.816419465457226,50.59335008613872,-40.34893673326068,16.883116883116884,32.14285714285714,46.799242491145556,37.72054088860274,1325.0,1323.0,1232.0,0,0,148887.6,-930298,1279.7771024361107,0.0,1.0,0.5,4851727.272727273,-5.668934240362844,-8.943089430894336,-5.516402581543955,-1.9228151676998466,57.86813186813187,31.24786324786325,2.0,0.0,133219.25,3135.0,2.753889264663245,0.10591591723615967,0.8396890265518897,-0.4,0.0
2014-01-20,,,,1252.4,1248.5,1276.3,1303.7666666666667,1271.3426846869158,22.428571428571427,27.972027972027973,-17.83212198345518,-16.768808413481896,-1.0633135699732854,1338.3393762905825,1214.2606237094174,1276.3,124.07875258116519,-70.83333333333333,45.673452631808914,36.435430520907786,64.14949685361117,-47.55169977008513,14.96815286624204,35.35031847133758,49.573504094521084,63.02467464198673,1224.0,1323.0,1232.0,0,0,140897.2,-793048,1275.2028404396965,0.8421052631578947,0.15789473684210525,0.21052631578947367,7223684.2105263155,-5.366591080876826,-8.943089430894336,-4.586209338438398,-1.9228151676998466,57.86813186813187,28.363636363636367,2.0,0.0,130773.0,-7316.0,-6.2543813155060075,0.10489072979587086,0.8747165706435318,-0.4,0.0
2014-01-21,,,,1253.0,1247.9,1273.1,1302.9833333333333,1269.2148099548288,21.285714285714285,33.05785123966942,-17.397020423318963,-16.89445081544931,-0.5025696078696527,1333.7557152251281,1212.4442847748717,1273.1,121.31143045025647,-73.95833333333333,48.56491045019145,40.478590497335674,64.73755035590298,-37.096823937418286,17.78523489932886,29.194630872483224,50.21692813080226,99.99999999999999,1320.0,1323.0,1232.0,0,0,140322.85,-919681,1272.2478406047198,0.25,0.75,0.1875,7914562.5,-5.593348450491331,-8.943089430894336,-4.399870305723664,-1.9228151676998466,57.86813186813187,28.363636363636367,2.0,0.0,128805.1,1438.0,1.3113498331175144,0.10533095150373918,0.9491774664328698,-0.4,0.0
2014-01-22,,,,1245.2,1245.9,1268.35,1301.5666666666666,1264.3372090067498,21.5,26.31578947368422,-19.330806717533505,-17.38172199586615,-1.9490847216673544,1330.7047575528268,1205.995242447173,1268.35,124.70951510565374,-97.40259740259741,33.611174868028876,38.189451954233405,24.45462069561981,-69.32807766622416,17.60797342192691,38.53820598006645,48.510717985458434,68.12729498164022,1320.0,1323.0,1218.0,0,1,146951.4,-1111703,1268.4739669033436,0.06451612903225806,0.9354838709677419,1.0,6194258.064516129,-7.936507936507963,-8.943089430894336,-5.7850924079820425,-2.341998112108367,57.86813186813187,27.640780272359223,3.0,0.0,128112.65,21880.0,19.694678476272777,0.10098822320354932,1.0677912964032503,-0.5,0.0
2014-01-23,,,,1240.4,1246.2,1263.95,1300.2833333333333,1261.5431891013452,22.5,35.625,-19.269461999695523,-17.759269996632028,-1.5101920030634943,1322.3622373624082,1205.5377626375919,1263.95,116.82447472481635,-67.94871794871794,36.29633880090814,37.55841423645832,33.772187929807785,-62.369669065666656,16.825396825396826,34.92063492063492,46.35014183181746,100.0,1210.0,1316.0,1218.0,0,0,154127.7,-874429,1263.761111727483,0.8620689655172413,0.13793103448275862,0.5862068965517241,8181862.068965517,-6.155015197568414,-8.943089430894336,-5.059574128476159,-2.341998112108367,57.86813186813187,27.640780272359223,3.0,0.0,127143.15,-15565.0,-11.705119720851886,0.10208155581204671,1.353776596162578,-0.8,0.0
2014-01-24,,,,1243.6,1247.9,1261.4,1299.2333333333333,1261.7771710916932,24.071428571428573,44.32432432432433,-16.68841457689132,-17.545098912683887,0.8566843357925684,1314.6537124972049,1208.1462875027953,1261.4,106.50742499440958,-30.76923076923077,54.197559200605426,43.10479589117402,76.38308581946822,-18.090057487240326,23.44213649851632,30.563798219584566,42.53015229754221,100.0,1210.0,1316.0,1218.0,0,0,168198.8,-502797,1261.0530816311807,0.972972972972973,0.02702702702702703,0.7837837837837838,10044108.108108109,-3.9513677811550463,-8.943089430894336,-2.487137888271927,-2.341998112108367,57.86813186813187,27.640780272359223,4.0,0.05,126712.5,5695.0,4.850482493122454,0.10229481141829452,1.7750372830941281,-0.4,0.0
2014-01-27,,,,1248.0,1250.2,1259.3,1298.3166666666666,1262.9412500353415,23.142857142857142,55.75757575757575,-13.67832426470136,-16.771743983087383,3.0934197183860235,1306.4508218379922,1212.1491781620077,1259.3,94.30164367598445,-1.5384615384615385,68.95221895424977,51.72060357886593,103.41544970501747,14.850035544751215,26.851851851851855,26.234567901234566,37.71524959227406,100.0,1210.0,1315.0,1218.0,0,0,175758.3,-256996,1260.0492192971826,0.9545454545454546,0.045454545454545456,0.45454545454545453,11172772.727272728,-3.117870722433469,-8.943089430894336,-1.9899483765737072,-2.341998112108367,57.86813186813187,27.640780272359223,4.0,0.1,126187.85,-10629.0,-8.634022712134259,0.10562551782139888,1.9617824611700416,-0.4,0.0
2014-01-28,,,,1254.4,1253.7,1257.6,1297.5666666666666,1264.6611309843565,22.357142857142858,63.87096774193548,-10.605708501421987,-15.538536886754304,4.932828385332318,1298.3063941698829,1216.893605830117,1257.6,81.41278833976594,-2.73972602739726,78.38823729370077,60.60981481714421,113.94508224681388,42.61279653162249,30.35143769968051,18.210862619808307,34.25139417058731,100.0,1210.0,1290.0,1218.0,0,0,185710.85,34849,1259.8713981080446,0.8947368421052632,0.10526315789473684,0.3684210526315789,15360263.157894736,-0.6976744186046546,-8.943089430894336,-1.5751656912272192,-2.341998112108367,58.621848739495796,27.640780272359223,4.0,0.15,125608.15,561.0,0.4987686371435984,0.10865683616581938,2.2501782349406376,0.0,0.0
2014-01-29,,,,1266.0,1255.6,1256.9,1296.6833333333334,1265.7410232715606,22.357142857142858,64.28571428571428,-8.476386082882073,-14.12610672597986,5.649720643097787,1295.697178410674,1218.1028215893261,1256.9,77.5943568213479,-10.81081081081081,81.9885545921969,67.73606140882845,110.4935409589338,48.874776071561286,30.670926517571882,17.89137380191693,30.487354441635297,100.0,1284.0,1290.0,1218.0,0,0,185682.45,-207359,1258.3217981379862,0.5294117647058824,0.47058823529411764,0.29411764705882354,14247529.411764706,-1.0852713178294615,-8.943089430894336,-0.6480213739736557,-2.341998112108367,58.95071542130366,27.640780272359223,3.0,0.2,124165.7,-6416.0,-5.675967373803504,0.11330784404111731,2.4157014829657406,0.3,1.0
2014-01-30,,,,1277.4,1258.9,1257.0,1296.2333333333333,1268.2418781980787,21.857142857142858,64.51612903225806,-5.435163263993218,-12.387918033582533,6.9527547695893155,1296.1649682348932,1217.8350317651068,1257.0,78.32993646978639,-7.865168539325842,85.37064688168932,73.61425656644874,108.8834275121705,83.5658210129326,28.431372549019606,18.30065359477124,29.16823560426829,100.0,1210.0,1292.0,1218.0,1,0,186666.55,55099,1257.557306151888,0.78125,0.21875,0.5,8201812.5,0.0,-8.943089430894336,0.19312548579230623,-2.341998112108367,59.45945945945946,27.640780272359223,3.0,0.25,122401.2,-6441.0,-6.040967154996157,0.12068406758608125,2.5354923208655604,0.3,1.0
2014-01-31,,,,1285.0,1264.3,1258.05,1295.9333333333334,1271.4569374173093,22.357142857142858,65.83850931677019,-2.1927788530231282,-10.348890197470654,8.156111344447526,1300.8787901201515,1215.2212098798484,1258.05,85.6575802403031,-3.1578947368421053,89.19446634217886,78.80765982502544,109.96807937648566,105.04258769980905,29.712460063897765,17.89137380191693,28.074394844528346,100.0,1210.0,1302.0,1218.0,1,0,182577.4,210318,1257.5176747870585,0.8571428571428571,0.14285714285714285,0.47619047619047616,7391380.952380952,0.0,-8.943089430894336,1.1587919208839743,-2.341998112108367,59.47232947232947,27.640780272359223,3.0,0.3,119533.2,-11776.0,-11.754723949651137,0.1300479746192426,2.2828873054884133,0.0,1.0
2014-02-03,,,,1290.6,1269.3,1258.9,1295.7666666666667,1274.3658005204227,22.714285714285715,67.94871794871794,0.37253974648911026,-8.204604208678703,8.577143955167813,1304.561915491073,1213.2380845089272,1258.9,91.32383098214586,-3.1578947368421053,91.74367931583853,83.11966632196314,108.9917053035893,96.04709412253527,26.41509433962264,17.61006289308176,27.25247703630917,99.99999999999999,1305.0,1302.0,1218.0,0,0,183925.65,210318,1258.376569735289,0.8571428571428571,0.14285714285714285,0.0,7391380.952380952,0.0,-8.943089430894336,0.9547384800094421,-2.341998112108367,59.570267131242744,27.640780272359223,3.0,0.35,117281.55,0.0,0.0,0.14194340355726123,2.196972740095603,0.1,1.0
2014-02-10,,,,1290.6,1272.5,1260.2,1295.3666666666666,1274.9976290422871,24.071428571428573,57.2289156626506,0.7029456036968895,-6.4230942462035845,7.126039849900474,1306.863859564676,1213.5361404353241,1260.2,93.32771912935186,-29.0,84.82911954389236,83.68948406260621,87.10839050646464,67.2825001020741,26.40949554896142,18.694362017804153,25.38410930847896,74.61833456984921,1310.0,1302.0,1218.0,0,0,184119.45,21480,1259.5291764847948,0.23684210526315788,0.7631578947368421,0.5526315789473685,4969421.052631579,-1.6129032258064502,-8.943089430894336,1.512111692367404,-1.6563573439396666,59.570267131242744,27.640780272359223,2.0,0.4,114057.3,3289.0,3.720377806685149,0.1303438995024844,2.092493926845017,-0.3,0.0
2014-02-11,,,,1293.8,1279.9,1262.9,1295.1,1276.6169024668313,24.928571428571427,59.42857142857142,1.8312926929199875,-4.77221685837887,6.603509551298858,1310.3969251082108,1215.4030748917894,1262.9,94.99385021642138,-18.0,82.56900652519653,83.31599155013632,81.07503647531695,57.82630695054447,24.068767908309457,18.051575931232094,23.69515786583293,79.82653946227234,1210.0,1302.0,1218.0,0,0,179729.0,180373,1262.100088188328,0.8695652173913043,0.13043478260869565,0.4782608695652174,6908391.304347826,-0.7680491551459334,-8.943089430894336,3.1691980967546285,-1.6563573439396666,59.570267131242744,27.640780272359223,2.0,0.45,112059.35,10800.0,11.778306105088653,0.12019583354067939,1.9482169474635072,-0.2,0.0
2014-02-12,,,,1294.2,1285.8,1266.0,1294.9166666666667,1278.2724355652283,24.285714285714285,63.855421686746986,2.854000039828179,-3.2469734787374605,6.10097351856564,1313.0967648905532,1218.9032351094468,1266.0,94.19352978110646,-16.0,79.02261253726553,81.88486521251272,73.29810718677115,63.39620291277678,23.23529411764706,17.35294117647059,22.50708113787714,90.16812794126264,1210.0,1302.0,1218.0,0,0,179435.9,322443,1264.4975959846013,0.7692307692307693,0.23076923076923078,0.15384615384615385,10928461.53846154,-0.6144393241167556,-7.936507936507963,3.6721126437823317,-1.6563573439396666,59.85967256932844,27.640780272359223,2.0,0.5,110599.95,9016.0,8.796612484633236,0.1054510311686198,1.6790605565457752,0.1,0.0
2014-02-13,,,,1296.0,1290.5,1269.2,1295.0,1281.389346463778,24.642857142857142,66.4804469273743,4.978867618860704,-1.6018052592178273,6.5806728780785315,1319.4524154957357,1218.9475845042643,1269.2,100.50483099147141,-5.607476635514018,82.24149011918331,82.00374018140292,82.7169899947441,85.35053670000978,28.695652173913043,13.623188405797102,22.15780322660859,96.47329391631884,1210.0,1311.0,1218.0,1,0,186305.85,654882,1269.2578404453393,0.75,0.25,0.7083333333333334,13851625.0,0.0,-7.936507936507963,3.7262532412853355,-1.6563573439396666,59.85967256932844,27.640780272359223,2.0,0.55,110953.2,19952.0,17.892565689175854,0.10993377276003999,1.8336630067130137,0.4,0.0
2014-02-14,,,,1296.8,1293.7,1271.95,1295.0333333333333,1283.7332182291325,24.5,65.74585635359117,6.18805027914118,-0.04383415154602588,6.231884430687206,1323.9964367555124,1219.9035632444877,1271.95,104.09287351102466,-10.280373831775702,80.82766007945554,81.61171348075379,79.25955327685904,78.18025364478152,27.113702623906708,13.70262390670554,22.770048124567776,94.70884783796129,1317.0,1311.0,1218.0,0,0,191083.75,434027,1272.2868809269933,0.21428571428571427,0.7857142857142857,0.35714285714285715,15775357.142857144,-0.3813882532417989,-7.936507936507963,3.1892043786890123,-1.6563573439396666,60.89523442021996,27.640780272359223,2.0,0.6,111526.6,-3599.0,-2.737673243979244,0.11409775540538629,1.8279643432751473,0.5,0.0
2014-02-17,,,,1301.8,1296.2,1274.95,1295.2,1285.8538641120722,23.071428571428573,79.33333333333333,7.064896519769718,1.3779119827171231,5.686984537052595,1327.6116808654751,1222.288319134525,1274.95,105.32336173095018,-10.280373831775702,79.88510671963704,81.03617789371488,77.58296437148135,63.38325553044849,28.792569659442723,7.120743034055727,24.417671058662858,100.0,1317.0,1311.0,1218.0,0,0,193924.75,434027,1274.0499551157513,0.6153846153846154,0.38461538461538464,0.0,11334846.153846154,-0.3813882532417989,-7.936507936507963,3.503743159342577,-1.6563573439396666,63.47530968946208,27.640780272359223,2.0,0.65,112174.4,3044.0,2.3806730641389606,0.11929653647549002,1.6412032134353336,0.7,0.0
2014-02-18,,,,1306.4,1300.1,1277.85,1295.2666666666667,1288.6296865775892,22.642857142857142,78.16901408450704,8.3893213918318,2.780193864540059,5.609127527291741,1332.692453782087,1223.007546217913,1277.85,109.68490756417395,-9.375,80.82084037719392,80.96439872154122,80.53372368849932,70.89431979433526,33.4384858044164,5.362776025236593,27.088270946081536,96.6742296289316,1228.0,1315.0,1218.0,1,0,199879.75,649601,1276.7165680031785,0.6086956521739131,0.391304347826087,0.391304347826087,9372782.608695652,0.0,-7.936507936507963,3.3789099428069997,-1.6563573439396666,63.85853089778468,27.640780272359223,2.0,0.7,113148.3,1941.0,1.4827320158585788,0.1251435511168057,1.6556922761204338,0.7,0.0
2014-02-19,,,,1307.2,1300.7,1279.8,1295.0833333333333,1289.5220973797236,21.642857142857142,63.07692307692307,7.9752460478139255,3.8192043011948322,4.156041746619094,1334.5937760583727,1225.0062239416272,1279.8,109.58755211674543,-36.61971830985915,70.54722691812928,77.49200812040391,56.657664513580016,46.5001042136817,26.402640264026402,7.920792079207921,29.99250956460587,31.046074747874243,1324.0,1315.0,1218.0,0,0,209032.45,399273,1278.5915441996365,0.17391304347826086,0.8260869565217391,0.7391304347826086,10883826.086956521,-1.2927756653992373,-7.936507936507963,2.2125803486006865,-1.6563573439396666,63.85853089778468,27.640780272359223,2.0,0.75,114671.25,11450.0,8.618872696615675,0.13763648348084337,1.7478408122499407,0.3,0.0
2014-02-20,,,,1304.2,1300.1,1282.2,1294.9666666666667,1290.1390404864164,21.357142857142858,59.01639344262295,7.400397888850648,4.535443018725996,2.8649548701246523,1335.3080328942149,1229.0919671057852,1282.2,106.21606578842966,-46.666666666666664,62.416099996701575,72.46670541250313,42.314889165098464,31.067470704973545,23.411371237458194,10.03344481605351,32.76659594334341,8.086518299656884,1324.0,1315.0,1218.0,0,0,217278.2,127620,1280.2927494183339,0.4444444444444444,0.5555555555555556,0.1111111111111111,15091833.333333334,-1.444866920152088,-7.936507936507963,2.770197418813287,-1.6563573439396666,63.85853089778468,27.640780272359223,2.0,0.8,115788.05,-4988.0,-3.45673536708756,0.1443764653081683,1.6320818621384092,0.2,0.0
2014-02-21,,,,1301.0,1298.9,1284.1,1294.6666666666667,1290.1257985353293,21.214285714285715,53.71900826446281,6.38705077981831,4.905764570944459,1.4812862088738505,1335.3451281381265,1232.8548718618733,1284.1,102.49025627625315,-59.64912280701754,53.149194869595924,66.02753523153406,27.392514145719645,19.39780168090276,20.875420875420875,11.11111111111111,33.16133278544867,0.0,1324.0,1315.0,1218.0,0,0,221608.35,-96233,1281.9112016762906,0.29411764705882354,0.7058823529411765,0.35294117647058826,13167823.529411765,-1.9011406844106404,-7.936507936507963,2.1953224780736766,-1.6563573439396666,63.85853089778468,27.640780272359223,2.0,0.85,116979.7,-5819.0,-4.177015289641806,0.14619728480376742,1.6220090888119292,0.2,0.0
2014-02-24,,,,1298.8,1300.3,1286.4,1294.2666666666667,1290.5900081986313,21.214285714285715,57.85123966942149,5.919191355023031,5.108449927760174,0.8107414272628573,1335.0768074029684,1237.7231925970318,1286.4,97.35361480593656,-50.87719298245614,44.599463246397285,58.88484456982181,16.028700599548245,20.521720849364357,20.875420875420875,11.11111111111111,33.46208466514793,16.132501613250174,1267.0,1315.0,1218.0,0,0,228044.5,159123,1283.465095920606,0.5294117647058824,0.47058823529411764,0.29411764705882354,15020941.176470587,-1.520912547528508,-7.936507936507963,2.6443909092988465,-1.6563573439396666,63.85853089778468,27.640780272359223,2.0,0.9,118243.95,2890.0,2.164939958499068,0.14861133870075224,1.7713573044101263,0.4,0.0
2014-02-25,,,,1289.0,1297.7,1288.8,1293.35,1288.2481026559046,21.714285714285715,40.298507462686565,3.1717893400975754,4.721117810227654,-1.549328470130079,1326.8503821130048,1250.749617886995,1288.8,76.10076422600969,-85.29411764705883,34.63493628191192,50.80154180718518,2.3017252313653955,-36.06178789365888,15.460526315789473,20.723684210526315,32.952594155657415,0.0,1324.0,1315.0,1235.0,0,0,236690.25,-205814,1284.8716817303064,0.2631578947368421,0.7368421052631579,0.7631578947368421,9603605.263157895,-3.726235741444861,-6.155015197568414,2.8917467133638084,-1.6442271764852394,63.85853089778468,27.640780272359223,2.0,0.9,117555.15,-17181.0,-12.59779588065786,0.14657985546267047,2.0591253729985803,0.3,-1.0
2014-02-26,,,,1281.4,1294.3,1290.05,1292.3666666666666,1285.557807164866,21.428571428571427,33.846153846153854,0.5044881678329602,3.8777918817487156,-3.3733037139157553,1321.7756330034879,1258.324366996512,1290.05,63.45126600697586,-94.11764705882354,25.050741835000107,42.21794181645683,-9.283658127913341,-72.90262844188791,13.666666666666666,21.0,32.6898535405678,0.0,1324.0,1315.0,1260.0,0,0,235709.0,-423463,1286.8166901419404,0.058823529411764705,0.9411764705882353,0.35294117647058826,12802882.352941176,-4.1825095057034245,-4.1825095057034245,1.5747132669005752,-1.6442271764852394,63.85853089778468,27.640780272359223,2.0,0.9,117541.7,-2058.0,-1.7265100671140954,0.14659852902838563,2.0837641818489727,0.6,-1.0
2014-02-27,,,,1274.6,1289.4,1289.95,1291.5166666666667,1283.3142064824979,21.0,34.848484848484844,-1.431482701238565,2.8159369651512596,-4.247419666389824,1322.0319673894428,1257.8680326105573,1289.95,64.1639347788855,-87.32394366197182,20.925846669342796,35.12057676741882,-7.463613526809247,-91.77138937006394,13.945578231292515,23.46938775510204,33.07946393017819,2.2035461719790663,1253.0,1315.0,1260.0,0,0,225048.25,-265046,1288.7552335999058,0.6,0.4,0.13333333333333333,10561133.333333334,-4.030418250950573,-4.1825095057034245,-0.06561685022992847,-1.6442271764852394,63.85853089778468,27.640780272359223,1.0,0.85,117270.85,547.0,0.46695463625343603,0.14651447737063264,1.9629792609116763,0.7,-1.0
2014-02-28,,,,1266.0,1283.5,1288.6,1290.35,1279.8557106270218,19.714285714285715,36.507936507936506,-4.12853699807556,1.4270421725058955,-5.555579170581456,1325.429050318556,1251.7709496814439,1288.6,73.65810063711206,-95.06172839506173,15.596654981207957,28.612602838681866,-10.43524073373986,-110.35433579012312,13.043478260869566,24.27536231884058,34.0074513745172,5.85172062060448,1324.0,1315.0,1247.0,0,1,222655.05,-462983,1288.2594817259553,0.2,0.8,0.75,9896850.0,-5.17110266159696,-5.17110266159696,-1.7325805062700124,-1.6442271764852394,63.85853089778468,27.640780272359223,1.0,0.8,117694.75,3266.0,2.775110673045056,0.14581748187950058,1.95488666578221,0.4,-1.0
2014-03-03,,,,1256.4,1277.6,1286.9,1289.0833333333333,1276.7265953292103,18.928571428571427,30.434782608695656,-6.194564871687817,-0.09727923633284719,-6.09728563535497,1328.0871211347276,1245.7128788652726,1286.9,82.37424226945495,-95.06172839506173,12.199571789273774,23.14159248887917,-9.684469609937018,-101.72039916864281,13.58490566037736,25.28301886792453,35.13683516686909,0.0,1324.0,1315.0,1247.0,0,0,214487.4,-462983,1287.8976137992256,0.3333333333333333,0.6666666666666666,0.0,10707666.666666666,-5.17110266159696,-5.17110266159696,-2.2240829099444452,-1.6442271764852394,63.85853089778468,27.640780272359223,1.0,0.75,117515.2,-11508.0,-9.514282171055354,0.14663531066808363,1.81521444857318,0.2,-1.0
2014-03-04,,,,1251.2,1270.1,1285.1,1287.6833333333334,1273.228824345476,19.0,27.5,-8.301058905182344,-1.7380351701027468,-6.5630237350795975,1331.1521443583063,1239.0478556416936,1285.1,92.1042887166127,-94.38202247191012,10.480465699891436,18.921216892549925,-6.401036685425542,-102.33719495160149,12.781954887218044,28.19548872180451,36.78840125800439,0.0,1324.0,1315.0,1240.0,0,1,209027.0,-595983,1287.124838976145,0.35714285714285715,0.6428571428571429,0.5,9500000.0,-5.703422053231932,-5.703422053231932,-2.3616867964032777,-1.6442271764852394,63.85853089778468,27.263157894736846,1.0,0.7,117787.05,2612.0,2.386543258380769,0.1451204689174562,1.4402790001537802,-0.1,-1.0
2014-03-05,,,,1247.0,1264.2,1282.45,1286.3333333333333,1269.9689363125735,18.428571428571427,15.384615384615387,-9.936619086351357,-3.377751953352469,-6.558867132998888,1332.735396017431,1232.1646039825691,1282.45,100.57079203486182,-86.73469387755102,12.614682760966584,16.819038848688812,4.205970585522124,-97.45719011209721,5.426356589147288,32.55813953488372,39.346410763176316,0.0,1324.0,1315.0,1239.0,0,1,202954.2,-736985,1285.410047603515,0.8125,0.1875,0.0625,8812625.0,-5.779467680608363,-5.779467680608363,-3.7326687270185994,-1.6442271764852394,63.85853089778468,26.283400809716607,1.0,0.65,118296.4,-1691.0,-1.5090264949713994,0.14106975440751537,1.3241928948631472,-0.1,0.0
2014-03-06,,,,1245.0,1259.8,1279.95,1285.2333333333333,1268.2576090447094,18.928571428571427,25.89285714285714,-10.06776601933143,-4.715754766548262,-5.352011252783168,1331.1070337809126,1228.7929662190875,1279.95,102.31406756182514,-73.46938775510205,19.66519976272231,17.767759153366644,23.46008098143364,-58.52495976462314,12.075471698113208,31.698113207547173,40.20144243101588,16.432294650017177,1226.0,1315.0,1239.0,0,0,204124.1,-558368,1283.4784625300654,0.5555555555555556,0.4444444444444444,0.7222222222222222,9923166.666666666,-4.790874524714816,-5.779467680608363,-3.411720326566518,-1.6442271764852394,63.85853089778468,26.101648351648358,1.0,0.6,119013.95,-7612.0,-6.896926645404466,0.13115070140479237,1.4026326610847373,-0.4,0.0
2014-03-07,,,,1246.8,1256.4,1277.65,1284.1833333333334,1267.0902177071182,18.857142857142858,28.448275862068968,-9.736695770021242,-5.719942967242858,-4.0167528027783845,1328.7691590409202,1226.53084095908,1277.65,102.23831808184013,-69.38775510204081,27.81601552808938,21.117177944940888,41.213690694386365,-48.16552914905085,12.12121212121212,29.924242424242426,38.91555062788268,20.807176222070158,1226.0,1315.0,1239.0,0,0,201692.05,-451790,1282.179314868054,0.75,0.25,0.3333333333333333,8881500.0,-4.486692015209115,-5.779467680608363,-3.1051317325468513,-1.6442271764852394,63.23262279888786,26.101648351648358,1.0,0.55,119788.95,1149.0,1.1181828798318305,0.11973075857039298,1.2804874309570786,0.0,0.0
2014-03-10,,,,1244.4,1250.4,1275.35,1282.7833333333333,1264.0340064969166,19.214285714285715,18.75,-11.041564426316654,-6.784267259057618,-4.257297167259036,1329.8613218563314,1220.8386781436684,1275.35,109.02264371266301,-90.10989010989012,24.544010352059587,22.259455413980454,29.113120228217852,-68.80436427784852,7.063197026022305,36.43122676579925,38.57009662389209,7.056451612903222,1317.0,1315.0,1235.0,0,1,204116.9,-689125,1279.4345466576588,0.25925925925925924,0.7407407407407407,0.7777777777777778,8790185.185185185,-6.083650190114065,-6.083650190114065,-3.1396417705084874,-1.700344908147458,63.23262279888786,25.86134453781512,1.0,0.5,120945.2,10914.0,10.50382560993215,0.1059022536510261,1.4590923866184762,-0.2,0.0
2014-03-11,,,,1234.6,1242.9,1270.3,1280.6666666666667,1257.0783868305434,21.0,15.483870967741922,-15.448039135079853,-8.517021634262065,-6.931017500817788,1335.9019897002354,1204.6980102997645,1270.3,131.20397940047087,-96.63865546218487,18.008764103019153,20.842558310326687,12.341175688404086,-110.08523520879035,6.462585034013606,44.89795918367347,40.06925971245916,0.2274846168189081,1317.0,1315.0,1191.0,0,1,206911.25,-903905,1275.2371929188641,0.08695652173913043,0.9130434782608695,0.9565217391304348,4669130.434782609,-9.429657794676805,-9.429657794676805,-5.542186512602263,-2.3055507792349874,63.23262279888786,25.73109243697479,2.0,0.45,121529.0,-649.0,-0.5652374606990085,0.10016922751416107,1.5979633813766987,0.1,0.0
2014-03-12,,,,1231.6,1239.3,1266.8,1279.05,1253.9280642752537,22.785714285714285,30.645161290322577,-16.091880697386387,-10.03199344688693,-6.059887250499457,1334.5133276160632,1199.0866723839367,1266.8,135.42665523212645,-68.10344827586206,28.233912910784696,23.306343177146022,38.08905237806204,-79.33750326242851,5.956112852664577,39.49843260188088,42.483052815907435,35.935387289936244,1187.0,1315.0,1191.0,0,0,212579.45,-648471,1271.1092132063252,0.7906976744186046,0.20930232558139536,0.7674418604651163,5940325.581395349,-6.920152091254749,-9.429657794676805,-3.1776687448469194,-2.3055507792349874,60.420262664165115,25.73109243697479,3.0,0.4,120685.8,-19524.0,-17.10081457475694,0.11122929385404373,1.882218046256117,-0.1,0.0
2014-03-13,,,,1227.0,1236.0,1262.7,1276.9833333333333,1251.5539629157058,23.857142857142858,33.5135135135135,-16.014071315177716,-11.228409020545087,-4.78566229463263,1329.0613711352137,1196.3386288647864,1262.7,132.72274227042726,-63.793103448275865,38.000690798970616,28.204459051087554,57.593154294736735,-62.49870545422285,6.287425149700598,36.82634730538923,45.36212549761169,42.68975562388733,1187.0,1315.0,1191.0,0,0,205268.85,-462244,1265.9903451822656,0.8125,0.1875,0.15625,5819593.75,-6.539923954372629,-9.429657794676805,-3.8305276164324784,-2.3055507792349874,59.570267131242744,25.73109243697479,3.0,0.35,118367.5,-9550.0,-10.090230965915092,0.129535332758338,1.9722522022379316,-0.1,0.0
2014-03-14,,,,1221.2,1234.0,1258.75,1275.1833333333334,1249.2154902570671,23.285714285714285,31.318681318681314,-15.930157168829965,-12.168758650202063,-3.7613985186279013,1323.6478955136715,1193.8521044863285,1258.75,129.79579102734306,-62.61682242990654,43.59863404862881,33.335850716934644,64.12420071201714,-50.05634191425358,6.134969325153374,37.73006134969326,48.32652951464729,63.9565503620803,1294.0,1315.0,1191.0,0,0,197674.15,-531205,1262.932002658584,0.4444444444444444,0.5555555555555556,0.2222222222222222,7662333.333333333,-6.692015209125479,-9.429657794676805,-3.6963711007587037,-2.3055507792349874,59.44761904761904,25.73109243697479,3.0,0.3,116251.2,441.0,0.5182382250634499,0.14454599712836594,1.9283496210299975,-0.5,-1.0
2014-03-17,,,,1219.6,1232.0,1254.8,1273.5166666666667,1247.0997292802037,21.642857142857142,37.254901960784316,-15.682872214639247,-12.8715813630895,-2.811290851549746,1317.1558548299765,1192.4441451700234,1254.8,124.71170965995316,-55.056179775280896,47.33059621506761,38.00076588297896,65.99025687924491,-52.756254814601995,6.600660066006601,34.32343234323432,52.12627815310561,100.0,1294.0,1315.0,1191.0,0,0,195067.7,-531205,1260.352176962152,0.9375,0.0625,0.0,5951500.0,-6.692015209125479,-9.429657794676805,-3.6963711007587037,-2.3055507792349874,59.44761904761904,25.73109243697479,3.0,0.25,113756.15,-4531.0,-5.297122882495298,0.15966376152243497,1.7500460048991666,-0.3,0.0
2014-03-18,,,,1222.8,1228.7,1249.4,1271.4666666666667,1243.2807074439938,22.285714285714285,34.1317365269461,-16.905849846374167,-13.678435059746434,-3.227414786627733,1308.4214947464345,1190.3785052535657,1249.4,118.04298949286886,-75.30864197530865,40.686150901369274,38.8958942224424,44.26666425922302,-61.188857681888265,7.371794871794871,35.57692307692308,55.30612069861979,85.71959529217422,1294.0,1298.0,1191.0,0,0,189112.7,-627679,1256.158650635309,0.07692307692307693,0.9230769230769231,0.7692307692307693,3710538.4615384615,-7.010785824345145,-9.429657794676805,-5.069544026515711,-2.3055507792349874,59.44761904761904,25.73109243697479,3.0,0.2,111287.75,2474.0,3.054094758412962,0.16871420961203867,1.604930865650577,-0.6,0.0
2014-03-19,,,,1233.0,1232.3,1248.25,1270.5666666666666,1246.3015924493277,26.857142857142858,52.78969957081545,-12.246862522560832,-13.392120552309315,1.145258029748483,1304.095180727834,1192.404819272166,1248.25,111.69036145566815,-11.11111111111111,56.75373023054247,44.84850622514242,80.56417824134256,39.63750865551269,20.74468085106383,27.925531914893618,54.541803049056234,100.0,1187.0,1296.0,1191.0,0,0,187378.1,-412043,1253.8645589674923,0.6857142857142857,0.3142857142857143,1.9428571428571428,6161028.571428571,-1.620370370370372,-9.429657794676805,-0.6207559724145807,-2.3055507792349874,59.09882903981264,25.73109243697479,4.0,0.2,110730.55,49674.0,59.504072831816,0.1615548242184456,1.389053364943749,-0.3,0.0
2014-03-20,,,,1241.8,1234.4,1247.1,1269.65,1248.844297930344,26.428571428571427,55.90909090909091,-8.61663755350446,-12.437023952548346,3.820386399043885,1299.6553342477512,1194.5446657522486,1247.1,105.11066849550252,-13.131313131313131,66.79204910992394,52.163020520069594,96.05010628963262,51.45102160176507,21.08108108108108,25.675675675675677,53.09391035025159,100.0,1286.0,1295.0,1191.0,0,0,180049.65,-537127,1251.34664105151,0.35714285714285715,0.6428571428571429,0.14285714285714285,8934571.42857143,-1.698841698841702,-9.429657794676805,-0.6219353973957652,-2.3055507792349874,59.09882903981264,25.73109243697479,4.0,0.2,110625.6,4057.0,3.0468480105742213,0.1601609463158056,1.1336900917888353,-0.4,0.0
2014-03-21,,,,1250.0,1235.6,1246.0,1268.8,1250.6686505084067,27.142857142857142,54.66666666666667,-6.073109300784836,-11.164241022195645,5.091131721410809,1295.6132410169769,1196.3867589830231,1246.0,99.22648203395374,-18.181818181818183,71.80076001267656,58.70893368427192,97.98441266948585,51.89956344314077,21.31578947368421,26.315789473684212,51.693921078138736,96.93413862525168,1286.0,1295.0,1191.0,0,0,176401.65,-688020,1249.6293819625082,0.22727272727272727,0.7727272727272727,0.22727272727272727,6858772.727272727,-2.0849420849420874,-9.429657794676805,-0.5923217017954503,-2.3055507792349874,59.09882903981264,25.73109243697479,4.0,0.2,110866.15,1091.0,0.7951257552237134,0.16302325259915773,1.1906555681833868,-0.4,0.0
2014-03-24,,,,1257.6,1238.6,1244.5,1268.0,1252.0335409361774,27.142857142857142,55.65610859728507,-4.2504235267081185,-9.78147752309814,5.531053996390021,1289.4725062208854,1199.5274937791146,1244.5,89.94501244177081,-21.21212121212121,73.90884000845104,63.77556912566496,94.17538177402321,50.1917936007305,21.31578947368421,24.47368421052632,49.49976913707126,99.37572958432727,1286.0,1275.0,1191.0,0,0,172032.7,-855997,1247.1674395817386,0.21428571428571427,0.7857142857142857,0.21428571428571427,11998357.142857144,-0.7843137254901933,-9.429657794676805,-0.859065823792169,-2.3055507792349874,59.09882903981264,25.73109243697479,4.0,0.2,110456.45,-10115.0,-7.313704790964703,0.15888825558358788,1.2176331738871242,-0.3,0.0
2014-03-25,,,,1266.0,1244.4,1243.65,1266.9333333333334,1251.744632275589,28.071428571428573,52.118644067796616,-4.050308763238036,-8.635243771126119,4.584935007888083,1287.5411332611209,1199.7588667388793,1243.65,87.78226652224157,-37.37373737373738,67.74645558796334,65.09919794643108,73.04097087102787,12.508689252847535,20.610687022900763,27.989821882951652,45.48224589740891,90.62355913760354,1286.0,1275.0,1191.0,0,0,162461.75,-1029515,1244.5118424285513,0.4642857142857143,0.5357142857142857,0.5714285714285714,6197071.428571428,-2.039215686274509,-9.429657794676805,-0.4554107830692357,-1.7665134480002085,59.09882903981264,25.73109243697479,3.0,0.25,111555.4,12992.0,10.13519311630664,0.1682764237977446,1.2323151266336663,-0.3,0.0
2014-03-26,,,,1263.0,1248.0,1243.65,1265.8833333333334,1252.530857773152,29.142857142857142,51.70940170940171,-2.9698734498269914,-7.502169706866293,4.5322962570393015,1287.5411332611209,1199.7588667388793,1243.65,87.78226652224157,-26.262626262626263,67.79804858127598,65.99881482471271,71.39651609440253,42.162960251660856,19.607843137254903,26.96078431372549,43.408095002931326,89.61121496486025,1187.0,1275.0,1191.0,0,0,164697.4,-767153,1244.5510054601145,0.4166666666666667,0.5833333333333334,0.3055555555555556,7287833.333333333,-1.17647058823529,-9.429657794676805,0.1357151409802645,-1.7665134480002085,59.09882903981264,25.73109243697479,3.0,0.3,112399.8,-7149.0,-5.063784273865091,0.17264971512580277,1.2999229210286398,-0.6,0.0
2014-03-27,,,,1255.2,1248.5,1242.25,1264.5333333333333,1250.7660141757092,30.714285714285715,45.703125,-4.163607908552649,-6.834457347203564,2.670849438650915,1285.457577308155,1199.042422691845,1242.25,86.41515461630979,-52.525252525252526,57.13285543278481,63.04349502740341,45.31157624354759,0.040189921807494706,18.6046511627907,28.837209302325583,41.92425822497692,74.75346844396084,1286.0,1275.0,1191.0,0,0,174606.85,-1123759,1243.6804698670185,0.08823529411764706,0.9117647058823529,0.7647058823529411,10488411.764705883,-3.215686274509799,-9.429657794676805,-0.8050709214595348,-2.1384551121393267,59.09882903981264,25.73109243697479,3.0,0.3,115949.4,54651.0,40.7751995821831,0.2229222041502899,1.4955981909988676,-0.6,0.0
2014-03-28,,,,1249.6,1249.8,1241.9,1263.2666666666667,1249.7406794923083,30.0,51.03734439834026,-4.572788947058143,-6.38212366717448,1.809334720116337,1285.0589473555622,1198.741052644438,1241.9,86.31789471112415,-46.464646464646464,52.49186246959316,59.5262841748,38.42301905917947,-6.693722523657218,19.047619047619047,25.0,38.06655436727305,87.94874457623526,1187.0,1275.0,1191.0,0,0,179353.7,-830885,1242.9760740927006,0.5,0.5,0.3333333333333333,16270777.777777778,-2.7450980392156765,-9.429657794676805,-0.09989990320825094,-2.1384551121393267,59.09882903981264,25.73109243697479,3.0,0.3,117816.1,-30392.0,-16.107610199225142,0.23360223716594644,1.6474399305446359,-0.5,0.0
2014-03-31,,,,1248.6,1253.1,1242.55,1262.35,1250.7177576358981,28.285714285714285,65.89861751152074,-3.2458192313906693,-5.754862780017719,2.5090435486270497,1286.418103746502,1198.6818962534978,1242.55,87.73620749300426,-27.083333333333332,52.570332555486345,57.207633635028785,43.29573039640147,23.333212509942832,23.232323232323232,16.161616161616163,34.00328871460343,100.0,1187.0,1275.0,1191.0,0,0,185378.1,-581905,1243.4411772480137,0.9583333333333334,0.041666666666666664,0.8333333333333334,10374166.666666666,-1.1764705882352788,-9.429657794676805,0.5742499496166842,-2.1384551121393267,60.158241758241765,25.73109243697479,3.0,0.35,118556.5,-34034.0,-21.501178224639737,0.23182419875964602,1.7861152610584299,-0.7,0.0
2014-04-01,,,,1251.2,1258.6,1243.65,1261.8833333333334,1251.7922569086697,26.071428571428573,60.215053763440864,-2.009637041265023,-5.0058176322671795,2.9961805910021564,1288.3444009209466,1198.9555990790536,1243.65,89.38880184189293,-28.91566265060241,54.18269083946003,56.1993193698392,50.14943377870168,45.32507315737832,27.671232876712327,17.534246575342465,30.334084355743897,83.56398428156501,1187.0,1275.0,1191.0,0,0,187700.3,-402461,1244.4667140471627,0.3333333333333333,0.6666666666666666,0.16666666666666666,14953666.666666666,-1.019607843137238,-9.429657794676805,0.8770489018252082,-2.1384551121393267,60.787427626137315,25.73109243697479,3.0,0.4,118871.7,-5892.0,-4.74186149450726,0.23085346374410246,1.8435121164075412,-0.6,0.0
2014-04-02,,,,1251.8,1257.4,1244.85,1261.4333333333334,1252.859661012606,24.785714285714285,59.34065934065934,-0.9384443049411857,-4.192342966801981,3.253898661860795,1290.3010725945835,1199.3989274054163,1244.85,90.90214518916719,-28.395061728395063,55.87488031272644,56.09117301746828,55.442294903242754,40.73318018484154,28.530259365994237,19.020172910662826,26.70313197479151,81.03536647872886,1187.0,1275.0,1191.0,0,0,186764.65,-280172,1245.405660814292,0.5,0.5,0.07142857142857142,8734928.57142857,-0.9411764705882231,-9.429657794676805,0.9441375237306764,-2.1384551121393267,60.787427626137315,25.86134453781512,3.0,0.45,119383.3,2237.0,1.8899487170821905,0.22926447421643092,1.6548156854830023,-0.3,0.0
2014-04-03,,,,1254.6,1254.9,1244.65,1260.8833333333334,1252.3968361542627,25.928571428571427,55.38461538461538,-1.28507741118392,-3.6108898556783684,2.3258124444944483,1290.0036976963836,1199.2963023036166,1244.65,90.70739539276701,-46.91358024691358,48.583253541817626,53.5885331922514,38.5726942409501,20.21966879038567,27.272727272727273,21.212121212121215,22.45113397279351,66.90263003153898,1286.0,1275.0,1191.0,0,0,186883.55,-461167,1245.5547057690917,0.12,0.88,0.6,7239800.0,-2.117647058823524,-9.429657794676805,0.008631883363212519,-2.1384551121393267,60.787427626137315,26.101648351648358,3.0,0.5,121449.15,23473.0,19.463515754560532,0.2273176491132782,1.5280714132071154,-0.3,0.0
2014-04-04,,,,1257.6,1253.6,1244.6,1260.3833333333334,1252.6447565205235,25.714285714285715,56.93069306930693,-0.9836067404489768,-3.0854332326324903,2.1018264921835135,1289.9031891522718,1199.296810847728,1244.6,90.6063783045438,-38.27160493827161,48.38883569454508,51.85530069301596,41.4559056976033,15.074358062424919,27.499999999999996,18.61111111111111,18.989360612069508,71.76957836506375,1205.0,1275.0,1191.0,0,0,189955.5,-293150,1245.602831891329,0.8461538461538461,0.15384615384615385,0.5384615384615384,12924384.615384616,-1.5686274509803755,-9.429657794676805,0.10901084432408258,-2.1384551121393267,60.787427626137315,26.283400809716607,3.0,0.55,123306.15,-3028.0,-2.1017123263900928,0.2239501210563518,1.3962676438967394,-0.3,0.0
2014-04-07,,,,1256.8,1252.7,1245.65,1260.4,1252.964303518569,25.071428571428573,63.387978142076506,-0.6564304971043384,-2.5996326855268603,1.943202188422522,1290.9897699248709,1200.3102300751293,1245.65,90.67953984974156,-54.54545454545455,48.92589046303006,50.878830616353994,45.0200101563822,17.2595688532192,28.49002849002849,17.094017094017094,16.084243341280594,87.56831818777377,1205.0,1275.0,1191.0,0,0,190270.4,-49517,1246.5101163922502,0.7058823529411765,0.29411764705882354,0.058823529411764705,14331352.94117647,-1.4901960784313606,-9.429657794676805,0.8561397006216995,-2.1384551121393267,63.139134089953764,27.263157894736846,3.0,0.6,125422.75,16106.0,11.419050657591544,0.2275233471439647,1.305573431876231,0.0,0.0
2014-04-09,,,,1260.8,1256.0,1250.2,1261.1333333333334,1255.729607945372,21.5,52.4822695035461,1.6814589299842737,-1.7434143624246334,3.424873292408907,1290.4235856445373,1209.9764143554628,1250.2,80.4471712890745,-5.555555555555555,64.69273200679991,55.4834644131693,83.11126719406113,60.08064946938791,22.591362126245844,19.93355481727575,15.4768077440909,33.56761168205659,1205.0,1282.0,1207.0,1,0,193829.5,236445,1250.8870707675214,0.9310344827586207,0.06896551724137931,0.896551724137931,9860758.620689657,0.0,-7.010785824345145,3.564087095558386,-1.6516668607133123,63.139134089953764,27.87762237762238,2.0,0.65,126898.65,-13463.0,-8.56691971416027,0.22606165422289448,1.4003956607849144,0.0,0.0
2014-04-10,,,,1262.6,1257.2,1252.6,1261.8,1257.2791690934318,21.857142857142858,49.664429530201346,2.6962559577034426,-0.8554802983990182,3.551736256102461,1291.9601454853732,1213.2398545146266,1252.6,78.72029097074665,-26.785714285714285,67.53324990929518,59.500059578544594,83.59963057079634,60.29346351477708,23.202614379084967,19.6078431372549,15.37469038477017,19.614795370509416,1287.0,1282.0,1207.0,0,0,189144.55,74710,1254.3247105630765,0.21052631578947367,0.7894736842105263,0.5263157894736842,8512368.421052631,-0.7800312012480548,-7.010785824345145,2.001733471243206,-1.6516668607133123,63.139134089953764,28.353026284060768,1.0,0.7,129392.4,833.0,0.5797283002060061,0.21556481182917014,1.4214168092547559,-0.4,0.0
2014-04-11,,,,1268.0,1261.3,1254.9,1262.2666666666667,1258.9668672750097,21.142857142857142,52.38095238095238,3.6999145297604628,0.055598667232877985,3.6443158625275847,1293.8271924981455,1215.9728075018547,1254.9,77.85438499629072,-21.428571428571427,70.35549993953012,63.11853969887311,84.82942042084414,55.50412670494951,22.972972972972972,18.58108108108108,15.379823822055608,33.06592982143387,1231.0,1282.0,1207.0,0,0,190128.75,280621,1257.0471293794337,0.4166666666666667,0.5833333333333334,0.25,17159250.0,-0.5460218408736561,-7.010785824345145,1.9181599383644974,-1.6516668607133123,63.139134089953764,28.458885941644567,1.0,0.75,132429.5,1317.0,0.9112862490572304,0.1968010566714911,1.4525454292291726,0.0,0.0
2014-04-14,,,,1266.6,1262.1,1255.95,1262.2166666666667,1257.9224037250087,22.214285714285715,45.029239766081865,2.2902462938534427,0.502528192556991,1.7877181012964516,1292.7851948406083,1219.1148051593918,1255.95,73.67038968121642,-69.64285714285714,50.00444182015187,58.74717373929936,32.51897798185688,-1.467325793676193,21.864951768488744,25.08038585209003,15.376449775223836,0.0,1287.0,1282.0,1207.0,0,0,199341.6,27403,1257.5157588782272,0.06896551724137931,0.9310344827586207,0.9310344827586207,8731655.172413794,-2.6521060842433775,-7.010785824345145,0.91733011467463,-2.06619981325864,63.139134089953764,30.04013377926422,1.0,0.75,136002.5,11159.0,7.651640861778142,0.1773593662298751,1.5368763438810924,-0.1,0.0
2014-04-15,,,,1266.4,1261.6,1257.35,1262.3666666666666,1257.6440795607223,21.214285714285715,51.85185185185185,1.7181102538252162,0.7456446048106361,0.9724656490145801,1291.5892510985227,1223.110748901477,1257.35,68.4785021970456,-57.142857142857146,41.86342632971365,53.11925793610412,19.351763116932702,-12.607253341140476,22.895622895622893,17.50841750841751,15.244313150940613,32.69197658402203,1231.0,1282.0,1207.0,0,0,203737.4,210543,1258.2098946977826,0.5333333333333333,0.4666666666666667,0.4666666666666667,12209333.333333334,-2.1060842433697324,-7.010785824345145,1.1767356114781624,-2.06619981325864,63.139134089953764,30.603085553997193,1.0,0.75,139862.7,1213.0,0.7726262285266516,0.14876517788612376,1.4583291220096468,-0.1,0.0
2014-04-16,,,,1261.6,1261.2,1259.9,1262.3833333333334,1257.6779767454154,19.642857142857142,49.350649350649356,1.48959215689365,0.894434115227239,0.5951580416664111,1284.625013969414,1235.174986030586,1259.9,49.45002793882804,-51.785714285714285,38.76166406477034,48.333393312326194,19.61820556965864,-12.136607857834981,19.636363636363637,18.90909090909091,14.251264491556304,20.70694027047337,1231.0,1282.0,1234.0,0,0,207455.6,381381,1259.2214579890829,0.5,0.5,0.21428571428571427,12202714.285714285,-1.8720748829953227,-3.215686274509799,2.10921468842152,-2.06619981325864,63.139134089953764,31.183977313009567,1.0,0.75,143377.1,-4442.0,-2.8076607041274237,0.11306151909009289,1.282499553988123,-0.1,0.0
2014-04-17,,,,1260.0,1261.3,1259.35,1262.4666666666667,1258.280074198233,18.571428571428573,61.19402985074626,1.7722108312989349,1.0699894584415781,0.7022213728573568,1283.132125087604,1235.5678749123958,1259.35,47.564250175208144,-41.07142857142857,41.344985345505805,46.003923990052726,32.02710805641196,18.89185755195355,24.23076923076923,14.615384615384615,14.478682191309472,77.45698162082147,1231.0,1282.0,1234.0,0,0,212212.15,692148,1259.0142604150296,0.47368421052631576,0.5263157894736842,0.3157894736842105,16356157.894736841,-1.404056162246503,-3.215686274509799,-0.5664509626135354,-2.06619981325864,63.139134089953764,32.7100172554718,0.0,0.75,144183.55,-4485.0,-2.9167316997034454,0.11149480917954989,1.4750235450164262,0.0,0.0
2014-04-18,,,,1257.4,1262.7,1258.8,1262.7,1258.6343528460204,18.071428571428573,58.46153846153846,1.813895424279508,1.218770651609164,0.5951247726703439,1281.7470787040718,1235.8529212959281,1258.8,45.894157408143656,-50.0,41.51681193576356,44.508219971956336,35.53399586337801,12.922408497911302,24.901185770750985,15.019762845849803,15.281465172310275,64.36367609663064,1287.0,1282.0,1234.0,0,0,211689.5,577517,1258.6515352280896,0.45454545454545453,0.5454545454545454,0.18181818181818182,10421000.0,-1.5600624024961207,-3.215686274509799,-0.5674658601669936,-2.06619981325864,63.139134089953764,33.42238105874468,0.0,0.75,144592.45,-3894.0,-2.608468479331205,0.11060621548136929,1.350329036170137,-0.1,0.0
2014-04-21,,,,1257.2,1261.9,1257.75,1262.6166666666666,1257.5263192416376,18.0,44.800000000000004,0.6293019239162732,1.1008769060705859,-0.4715749821543127,1280.845909867979,1234.654090132021,1257.75,46.19181973595778,-86.95652173913044,32.0257007107989,40.34738021823719,15.382341695922321,-40.38831474359449,20.238095238095237,21.42857142857143,14.203495522912055,0.0,1287.0,1282.0,1234.0,0,0,214664.9,367116,1257.7910745228185,0.2608695652173913,0.7391304347826086,0.6521739130434783,9147869.565217393,-2.7301092043681807,-3.215686274509799,-1.1313156249305283,-2.06619981325864,63.139134089953764,33.77962577962578,0.0,0.7,145027.05,1605.0,1.1039349606916549,0.10984755569332891,1.3140237201426417,-0.1,0.0
2014-04-22,,,,1252.8,1259.6,1256.15,1262.35,1255.1904793138624,18.928571428571427,39.416058394160586,-1.4227790455865943,0.5961457157391499,-2.018924761325744,1281.4588293309564,1230.8411706690438,1256.15,50.61765866191263,-93.10344827586206,23.649317715245246,34.78135938390655,1.385234377922643,-87.48232609498083,15.849056603773587,24.905660377358494,14.189065508482042,0.0,1287.0,1282.0,1233.0,0,1,218826.35,115910,1256.314324044309,0.16,0.84,0.56,10048240.0,-3.8221528861154597,-3.8221528861154597,-1.7366585326686983,-2.06619981325864,63.139134089953764,34.07461999078765,0.0,0.65,147044.9,21550.0,14.660462331795854,0.11043219437269075,1.3805981648928478,-0.5,0.0
2014-04-23,,,,1246.0,1253.8,1254.9,1262.45,1252.219957474447,21.071428571428573,36.55172413793104,-3.7322695026548445,-0.269537327939649,-3.4627321747151956,1283.896551519072,1225.903448480928,1254.9,57.993103038144,-64.28571428571429,28.311014677547007,32.624577815120034,19.683888402400953,-142.53437173425473,14.23728813559322,35.25423728813559,15.793762181671866,0.0,1287.0,1282.0,1224.0,0,1,223735.3,-155787,1254.0838034200833,0.7954545454545454,0.20454545454545456,0.20454545454545456,6174931.818181818,-4.5241809672387,-4.5241809672387,-1.384345077695042,-2.06619981325864,63.139134089953764,34.705135184177095,0.0,0.6,148331.55,-1632.0,-0.9682931460034183,0.11299236984769885,1.4839530659665272,-0.3,0.0
2014-04-24,,,,1238.6,1249.3,1253.25,1262.3166666666666,1249.818056762595,20.071428571428573,42.10526315789474,-5.259850122834905,-1.2675998869187002,-3.992250235916205,1284.6782809282251,1221.8217190717749,1253.25,62.8565618564503,-61.224489795918366,33.602691955573974,32.95061586193801,34.9068441428459,-94.59678600604725,14.94661921708185,33.096085409252666,17.59931773722742,20.694166254000393,1189.0,1282.0,1224.0,0,0,219316.3,18195,1252.4170441655879,0.9090909090909091,0.09090909090909091,0.2727272727272727,15816545.454545453,-4.29017160686429,-4.5241809672387,-1.881563539182812,-2.06619981325864,63.139134089953764,34.705135184177095,0.0,0.55,149462.0,-10273.0,-6.154740222392641,0.11043263143911931,1.2897508419638757,-0.3,0.0
2014-04-25,,,,1232.2,1244.8,1253.05,1261.75,1247.930622785205,19.928571428571427,40.310077519379846,-6.157414994795317,-2.2455629084940236,-3.9118520863012938,1285.0399655319447,1221.0600344680552,1253.05,63.97993106388958,-58.16326530612245,38.48022600959833,34.79381924449145,45.85303953981209,-70.8826377235152,17.56272401433692,32.97491039426524,18.400699556297013,14.004761547078232,1189.0,1282.0,1224.0,0,0,207185.9,132193,1252.5728965307646,0.5454545454545454,0.45454545454545453,0.2727272727272727,10363454.545454547,-4.056162246489858,-4.5241809672387,-0.1914823960528106,-1.2350424163326177,63.139134089953764,34.705135184177095,0.0,0.55,147547.35,-6251.0,-3.990704741475626,0.09284487781163861,1.2836673397653526,-0.5,0.0
2014-04-28,,,,1228.0,1242.6,1252.35,1260.95,1245.841992043757,19.428571428571427,38.63636363636364,-7.109553683712647,-3.2183610635377486,-3.8911926201748988,1286.1062469851802,1218.5937530148196,1252.35,67.51249397036054,-62.244897959183675,40.16328792796752,36.58364213898348,47.32257950593559,-69.4401325961557,16.544117647058826,33.82352941176471,19.065454509373133,8.45959595959596,1287.0,1282.0,1224.0,0,0,197767.2,27693,1252.8722569600354,0.1,0.9,0.4,10450000.0,-4.368174726989082,-4.5241809672387,-0.8578828571129723,-1.2350424163326177,63.139134089953764,34.705135184177095,0.0,0.55,147443.0,5814.0,3.865999946804277,0.09237882291454375,1.1311968949658309,-0.5,0.0
2014-04-29,,,,1227.0,1239.9,1250.75,1260.0666666666666,1244.1427547062565,18.571428571428573,25.000000000000014,-7.61496657464545,-4.09768216575929,-3.5172844088861606,1285.9808178490644,1215.5191821509356,1250.75,70.4616356981287,-60.204081632653065,42.0696429323705,38.412309070112485,49.38431065688653,-76.26705460861984,8.46153846153846,40.38461538461538,23.287192417134666,0.0,1189.0,1282.0,1224.0,0,0,193258.5,186499,1251.6581562173635,0.9411764705882353,0.058823529411764705,0.11764705882352941,9341529.411764706,-4.212168486739487,-4.5241809672387,-2.232011878845137,-1.2350424163326177,61.57060849598163,34.07461999078765,0.0,0.5,149567.2,10537.0,6.745752295105056,0.0877030547735703,1.0235919050292799,-0.1,0.0
2014-04-30,,,,1230.6,1238.3,1249.75,1259.5,1243.93868282947,18.5,36.60714285714286,-6.807355972673577,-4.639616927142147,-2.1677390455314294,1284.7710463037397,1214.7289536962603,1249.75,70.04209260747939,-43.01075268817204,50.409297819892565,42.411305320039176,66.40528281959934,-30.076441866678618,13.8996138996139,40.54054054054054,26.182851249126127,32.06921944035345,1189.0,1282.0,1224.0,0,0,191609.2,332957,1250.6149526397132,0.7777777777777778,0.2222222222222222,0.7777777777777778,8136555.555555556,-3.1201248049922192,-4.5241809672387,-1.2923953934190504,-1.2350424163326177,60.410848980901946,34.07461999078765,0.0,0.45,150992.1,-19878.0,-11.921626014309794,0.07226802627146457,0.8974859069276542,-0.3,0.0
2014-05-01,,,,1230.4,1234.5,1247.9,1258.4,1242.230236845711,19.285714285714285,30.400000000000006,-7.373389193662433,-5.186371380446205,-2.1870178132162286,1283.8701630740964,1211.9298369259038,1247.9,71.94032614819253,-56.97674418604651,50.05064299103949,44.957751210372614,60.23642655237323,-46.314122446564795,13.333333333333336,41.111111111111114,29.07222999714101,14.919587628865964,1275.0,1282.0,1224.0,0,0,191031.15,222229,1249.650063004559,0.17391304347826086,0.8260869565217391,0.6956521739130435,4814260.869565217,-4.368174726989094,-4.5241809672387,-2.3639556021780086,-1.3297148811215254,59.58586789554531,33.77962577962578,0.0,0.4,152518.0,4257.0,2.8986592764586927,0.054069034514062184,0.8218870803813987,-0.4,0.0
2014-05-02,,,,1229.6,1230.9,1246.8,1257.1333333333334,1240.6845000032624,18.571428571428573,38.775510204081634,-7.732835287671833,-5.695664161891331,-2.0371711257805014,1284.0790331927694,1209.5209668072305,1246.8,74.55806638553895,-56.470588235294116,52.34145430171863,47.41898557415462,62.18639175684666,-39.140172276502135,13.846153846153847,33.46153846153846,31.544665680401952,38.06017252261728,1275.0,1282.0,1224.0,0,0,187517.8,222229,1248.9127742361882,0.0,1.0,0.0,5827789.473684211,-4.368174726989094,-4.5241809672387,-1.436534981431457,-1.3297148811215254,59.35824175824176,33.77962577962578,0.0,0.35,152870.25,0.0,0.0,0.05242335848016359,0.816826983091049,-0.3,0.0
2014-05-05,,,,1229.6,1228.8,1245.35,1255.8666666666666,1239.285976193428,19.142857142857142,34.06593406593406,-7.926329118731246,-6.141797153259315,-1.7845319654719312,1283.5311471802263,1207.1688528197735,1245.35,76.36229436045278,-56.470588235294116,56.53172976839721,50.45656697223548,68.68205536072068,-39.29319168344801,13.432835820895525,33.95522388059702,33.6856480576048,25.048147728560053,1275.0,1282.0,1224.0,0,0,184653.35,222229,1248.2352473793012,0.17391304347826086,0.8260869565217391,0.0,4814260.869565217,-4.368174726989094,-4.5241809672387,-1.9369725779775955,-1.3297148811215254,59.08124662223023,33.77962577962578,0.0,0.3,153373.9,0.0,0.0,0.04912064305549085,0.8295709633661057,-0.1,0.0
2014-05-06,,,,1231.4,1229.2,1244.4,1255.1333333333334,1239.0682641750063,19.428571428571427,39.39393939393939,-7.110105435159767,-6.335458809639405,-0.7746466255203615,1282.4105248582298,1206.3894751417704,1244.4,76.0210497164594,-43.529411764705884,62.197623767166775,54.37025257054591,77.85236616040852,-34.33072170220264,12.132352941176473,34.19117647058824,36.95223771233462,39.76882224304902,1189.0,1282.0,1224.0,0,0,176416.05,301116,1247.4897600492322,0.9444444444444444,0.05555555555555555,0.6111111111111112,4382611.111111111,-3.5101404056162355,-4.5241809672387,-1.2001986434712157,-1.3297148811215254,59.08124662223023,33.77962577962578,0.0,0.25,152751.65,-6412.0,-4.243041861326913,0.050520898426386775,0.7481171580172663,-0.4,0.0
2014-05-07,,,,1227.8,1229.2,1241.5,1254.0,1237.6331913964343,19.357142857142858,31.132075471698116,-7.426624139653313,-6.553691875642188,-0.8729322640111254,1276.131898894671,1206.868101105329,1241.5,69.26379778934188,-55.69620253164557,53.22978839379746,53.99009784496309,51.70916949146621,-38.2154764722395,9.59409594095941,34.31734317343174,39.205812409540236,18.32574278898284,1268.0,1275.0,1224.0,0,0,168015.15,183172,1244.6014278077503,0.1111111111111111,0.8888888888888888,0.7222222222222222,6552444.444444444,-3.9999999999999813,-4.5241809672387,-4.36424389575377,-1.3297148811215254,58.57250945775536,33.07454707454706,0.0,0.2,153615.65,16262.0,11.237958343123289,0.04957596333469943,0.6952093886428543,-0.5,0.0
2014-05-08,,,,1224.4,1227.4,1238.35,1252.5833333333333,1234.90622078725,19.642857142857142,27.73109243697479,-8.786556182893037,-7.000264737092358,-1.7862914458006784,1272.7609835586213,1203.9390164413785,1238.35,68.82196711724282,-73.33333333333333,35.48652559586498,47.822240428597055,10.815095930400844,-73.01645677377871,9.454545454545455,38.54545454545455,41.766782792292794,13.793396146337264,1268.0,1275.0,1209.0,0,1,169315.65,-4573,1241.4210952541403,0.0,1.0,1.0,12516333.333333334,-5.176470588235271,-5.176470588235271,-4.670587431853795,-1.3297148811215254,57.973299427844886,31.281360149284673,0.0,0.15,155464.65,20533.0,12.755951493464535,0.061351056914253056,0.7555447075315355,-0.5,0.0
2014-05-09,,,,1222.0,1225.8,1235.3,1250.9666666666667,1232.9151521408453,18.642857142857142,34.86238532110093,-9.353037912691661,-7.470819372212219,-1.8822185404794425,1266.7163886161698,1203.8836113838302,1235.3,62.832777232339595,-61.53846153846154,28.16218823508116,41.26888969742509,1.9487853103933048,-70.41475266017245,9.96168582375479,34.48275862068966,45.503587859147125,57.657021877205395,1189.0,1264.0,1209.0,0,0,165217.65,119378,1238.2459717025795,0.5555555555555556,0.4444444444444444,0.5555555555555556,13772333.333333334,-3.9556962025316333,-5.176470588235271,-4.471846354408205,-1.3297148811215254,57.114802389329846,31.281360149284673,0.0,0.1,157406.7,3178.0,1.7509545401953819,0.07160681322240886,0.743233618759909,-0.3,0.0
2014-05-12,,,,1220.2,1224.9,1233.75,1249.4833333333333,1231.3994233655267,17.428571428571427,41.83673469387755,-9.450959063813798,-7.866847310532536,-1.5841117532812623,1265.5842748092298,1201.9157251907702,1233.75,63.668549618459565,-50.87719298245614,25.98199936392798,36.17325958625939,5.599478919265152,-54.52690492842096,11.885245901639347,31.9672131147541,47.18731430922872,98.43014128728413,1189.0,1264.0,1209.0,0,0,156799.75,204238,1236.2105798425487,0.5,0.5,0.375,10607500.0,-3.7183544303797222,-5.176470588235271,-2.643263719441365,-1.2286279245997873,56.11341134113412,31.281360149284673,0.0,0.1,158484.1,-6134.0,-3.3214388208729795,0.07710614905951227,0.6917458032615305,-0.4,0.0
2014-05-13,,,,1216.6,1224.0,1231.95,1248.0333333333333,1230.2185259021433,15.0,47.252747252747255,-9.26043051766942,-8.145563951959913,-1.114866565709507,1262.780436089547,1201.119563910453,1231.95,61.660872179093985,-72.97297297297297,26.580592168544577,32.97570378035445,13.790368944924836,-43.74963438191078,15.238095238095237,18.095238095238095,44.766291105426646,100.0,1189.0,1264.0,1209.0,0,0,153337.0,318123,1234.4692927995202,0.5,0.5,0.2,11388500.0,-3.5601265822784556,-5.176470588235271,-3.1288714772305437,-1.2286279245997873,55.70670505964624,31.281360149284673,0.0,0.1,159536.45,712.0,0.39877901929485926,0.08193623135050211,0.7097784571743804,-0.1,0.0
2014-05-14,,,,1213.8,1220.8,1229.55,1246.2833333333333,1228.292952006701,15.285714285714286,41.23711340206185,-9.723572761941796,-8.46116571395629,-1.262407047985505,1259.2961187206886,1199.8038812793113,1229.55,59.492237441377256,-94.73684210526316,19.522196580831523,28.491201380513473,1.5841869814676244,-56.21222407578103,14.953271028037381,20.5607476635514,43.19569795588613,72.96678121420385,1246.0,1264.0,1209.0,0,0,150557.0,202885,1232.338142475386,0.13333333333333333,0.8666666666666667,0.6,7682533.333333334,-4.272151898734156,-5.176470588235271,-4.165351776300293,-1.2286279245997873,55.438914027149316,31.281360149284673,0.0,0.1,161115.6,6094.0,3.3995883005963456,0.0881200207135,0.6875807456785801,-0.1,0.0
2014-05-15,,,,1214.4,1219.4,1226.95,1244.85,1226.7412422917769,15.5,40.625,-9.816079389084734,-8.732148448981981,-1.0839309401027535,1252.8605749595556,1201.0394250404445,1226.95,51.82114991911112,-85.0,18.143002848759476,25.041801869928808,4.3454048064208095,-58.073193630428825,11.520737327188941,21.198156682027648,43.13005587645921,70.21604938271602,1206.0,1262.0,1209.0,0,0,139976.15,302035,1228.0897486226522,0.42857142857142855,0.5714285714285714,0.14285714285714285,7082142.857142857,-3.961965134706802,-5.176470588235271,-4.577582440684197,-1.2286279245997873,54.810256410256414,31.281360149284673,0.0,0.05,162427.0,-9840.0,-5.308846458880723,0.08778230778781486,0.5936847141657299,0.0,0.0
2014-05-16,,,,1211.4,1216.7,1223.8,1243.2333333333333,1224.0992192163694,15.857142857142858,37.14285714285714,-10.813728975716913,-9.148464554328967,-1.6652644213879455,1246.9389396108304,1200.6610603891695,1223.8,46.277879221660896,-97.91666666666667,12.888986026157113,20.990863255338247,-3.314768432205156,-94.69570542332211,11.26126126126126,24.324324324324323,43.30164812048979,54.56790123456784,1246.0,1247.0,1199.0,0,1,140181.35,183300,1225.6411956131587,0.06666666666666667,0.9333333333333333,0.8666666666666667,7915666.666666667,-3.8492381716118573,-5.176470588235271,-5.396722863504764,-1.2286279245997873,53.90853994490358,31.281360149284673,0.0,0.0,164445.5,10248.0,5.83895026522554,0.08862084774193454,0.5872884011213084,-0.4,0.0
2014-05-19,,,,1204.8,1212.5,1220.65,1241.4666666666667,1220.2802459576676,16.428571428571427,31.355932203389827,-12.66871108517853,-9.852513860498881,-2.816197224679648,1247.3670357636815,1193.9329642363186,1220.65,53.4340715273629,-92.53731343283582,11.324897787929878,17.768874766202124,-1.5630561686146152,-133.11680660369112,10.869565217391306,26.086956521739133,41.57465811188791,18.568301717364438,1246.0,1242.0,1184.0,0,1,137901.3,18500,1221.5426652975716,0.2,0.8,0.6,6592000.0,-4.669887278582907,-5.176470588235271,-5.4323012779396,-1.2529026469991722,53.1650929899857,31.281360149284673,0.0,0.0,166503.3,2391.0,1.2871516319532317,0.08937847637453057,0.6674105108013009,-0.5,0.0
2014-05-20,,,,1197.8,1207.2,1218.2,1239.6166666666666,1216.8249844378897,16.214285714285715,22.115384615384613,-13.97767187082286,-10.677545462563678,-3.3001264082591817,1248.8463700949692,1187.553629905031,1218.2,61.292740189938286,-91.04477611940298,11.89775794557644,15.811835825993564,4.069602184742191,-120.51576311006468,3.5242290748898673,26.872246696035237,43.56575982546882,0.0,1246.0,1242.0,1184.0,0,0,129737.6,18500,1218.6464649929294,0.4,0.6,0.0,5862133.333333333,-4.669887278582907,-5.176470588235271,-4.39942629995261,-1.2529026469991722,52.54375551699997,31.034692635423006,0.0,0.0,167144.2,-6788.0,-3.6077597661440364,0.0912139234549544,0.63731562647451,-0.7,0.0
2014-05-21,,,,1187.4,1200.6,1214.9,1237.8166666666666,1211.2226049676144,17.5,20.175438596491233,-16.917995314039445,-11.925635432858831,-4.992359881180613,1255.5106027119689,1174.2893972880313,1214.9,81.22120542393759,-85.29411764705883,14.104678136557133,15.242783262848087,11.828467883975225,-143.6784207155615,3.265306122448979,36.734693877551024,45.898121341503796,0.0,1246.0,1242.0,1158.0,0,1,128497.9,-228403,1213.490498936818,0.375,0.625,0.65,6172575.0,-6.763285024154575,-6.763285024154575,-5.148784492734655,-1.3336298254776462,52.54375551699997,30.603085553997193,0.0,0.0,168855.3,19772.0,10.901953000077192,0.10087935257018439,0.7584808785121332,-0.7,0.0
2014-05-22,,,,1175.2,1194.8,1211.1,1236.0,1205.4871187802228,17.0,19.00826446280992,-19.58727441839369,-13.457963229965804,-6.129311188427886,1260.2652423224915,1161.9347576775083,1211.1,98.33048464498324,-92.15686274509804,12.695299827663604,14.393622117786594,9.298655247417624,-126.18501595269746,3.3613445378151257,37.81512605042017,48.91312525247586,0.0,1246.0,1242.0,1151.0,0,1,127026.1,-372949,1209.3291007386147,0.25,0.75,0.5833333333333334,12045500.0,-7.326892109500783,-7.326892109500783,-5.9923587499604,-1.3336298254776462,52.54375551699997,30.427826086956525,0.0,0.0,170472.8,-12145.0,-6.038263048514924,0.10175235427806996,0.7984641401990327,-0.5,0.0
2014-05-23,,,,1166.0,1188.7,1207.25,1234.1833333333334,1200.4883455630588,16.428571428571427,20.325203252032523,-21.295828993960185,-15.025536382764681,-6.270292611195504,1261.9332987107805,1152.5667012892195,1207.25,109.36659742156098,-89.69072164948453,12.578759555890962,13.78866793048805,10.158942806696786,-102.07927653786071,4.782608695652174,37.39130434782609,51.34258961066819,4.6626408386270395,1143.0,1242.0,1151.0,0,0,128600.0,-227473,1205.3358993001555,0.3333333333333333,0.6666666666666666,0.13333333333333333,9698400.0,-7.165861513687588,-7.326892109500783,-6.076504651924742,-1.3336298254776462,52.54375551699997,30.0096551724138,0.0,0.0,171780.9,-12439.0,-6.581864552963401,0.09737448717083264,0.8354250986526924,-0.4,-1.0
2014-05-26,,,,1159.0,1181.9,1203.4,1232.55,1195.584693604672,16.285714285714285,12.06896551724138,-22.71084093784907,-16.562597293781558,-6.148243644067513,1263.1341478641016,1143.6658521358986,1203.4,119.46829572820297,-93.81443298969072,10.885839703927308,12.82105852163447,7.015402068512984,-92.84863808185129,4.824561403508772,38.59649122807018,53.49678462200607,0.0,1240.0,1242.0,1149.0,0,1,130851.55,-377004,1201.2996587863627,0.3125,0.6875,0.25,9345687.5,-7.4879227053139985,-7.4879227053139985,-6.097002734648883,-1.3336298254776462,52.54375551699997,28.304839177050134,0.0,0.0,173155.4,7142.0,4.045312942509205,0.09533381439317154,0.8230519396028603,-0.4,-1.0
2014-05-27,,,,1153.0,1175.4,1199.7,1231.0,1191.6242465947034,16.714285714285715,17.592592592592595,-23.161795128213726,-17.88243686066799,-5.279358267545735,1262.1250287186476,1137.2749712813525,1199.7,124.85005743729516,-86.41975308641975,12.019131231189634,12.553749424819525,10.949894843929854,-75.24403640583182,7.264957264957264,37.6068376068376,54.30510795133779,15.699355790901297,1143.0,1242.0,1149.0,0,0,132758.4,-180061,1196.5922766469014,0.4166666666666667,0.5833333333333334,0.20833333333333334,8205958.333333334,-7.085346215780975,-7.4879227053139985,-5.766024771769888,-1.3336298254776462,52.54375551699997,27.68487394957983,0.0,0.0,174356.2,7063.0,3.845023190993624,0.09684439767131181,0.932571348983035,-0.2,0.0
2014-05-28,,,,1151.0,1169.2,1195.0,1229.4666666666667,1187.4695564428268,17.071428571428573,19.191919191919197,-23.72978721322079,-19.05190693117855,-4.6778802820422385,1258.1656135633918,1131.8343864366082,1195.0,126.33122712678369,-90.47619047619048,11.665722190656105,12.25774034676505,10.481685878438213,-75.67723816456304,7.11297071129707,33.05439330543933,54.58919886042871,20.244991650484394,1224.0,1237.0,1148.0,0,1,136501.5,-401381,1190.5038892124505,0.4,0.6,0.3,11066000.0,-7.19482619240096,-7.4879227053139985,-7.998502757543536,-1.3336298254776462,52.54375551699997,27.363445378151262,0.0,0.0,176302.15,-4975.0,-2.6080574558989267,0.08936205474905885,0.9253207039770153,0.1,0.0
2014-05-29,,,,1150.6,1162.9,1191.15,1227.9666666666667,1183.8057891625576,17.357142857142858,15.78947368421052,-23.824598251750785,-20.006445195292997,-3.8181530564577884,1255.7305087101424,1126.5694912898578,1191.15,129.16101742028468,-89.28571428571429,12.46464812710407,12.326709606878058,12.740525167556093,-67.770974497362,6.99588477366255,32.510288065843625,55.261407399016555,10.574497633421172,1140.0,1237.0,1148.0,0,0,138997.8,-240727,1186.5116433497508,0.46153846153846156,0.5384615384615384,0.07692307692307693,12358000.0,-7.113985448666115,-7.4879227053139985,-6.792011872836514,-1.298287705971188,52.54375551699997,27.363445378151262,0.0,0.0,177785.1,-5003.0,-2.692970179782539,0.08220039882817416,0.9500902830855221,-0.1,0.0
2014-05-30,,,,1146.2,1156.1,1186.4,1225.95,1178.7766663851712,18.571428571428573,10.909090909090907,-25.063272447160443,-21.017810645666486,-4.045461801493957,1254.0878283390798,1118.7121716609204,1186.4,135.37565667815943,-100.0,8.30976541806938,10.987728210608498,2.953839832991143,-74.2839060177938,5.384615384615384,35.0,57.22847459972861,0.0,1224.0,1237.0,1131.0,0,1,141502.5,-401549,1182.0378516280632,0.0,1.0,0.72,6432880.0,-8.569118835893274,-8.569118835893274,-7.969707925535639,-1.5980479500388083,52.54375551699997,27.18487394957984,0.0,0.0,179433.95,3318.0,1.8354104781028502,0.0738038388041456,0.9600079574198851,-0.2,0.0
2014-06-02,,,,1139.2,1149.1,1180.8,1223.5833333333333,1172.607460062774,19.714285714285715,8.0,-27.104247700576252,-22.23509805664844,-4.869149643927813,1253.0702530345766,1108.5297469654233,1180.8,144.54050606915325,-93.96551724137932,8.610019050642745,10.195158490619914,5.439740170688406,-92.45537838228049,3.985507246376811,41.66666666666666,62.51192131174675,0.0,1224.0,1237.0,1114.0,0,1,147489.0,-632007,1175.1968275600213,0.2692307692307692,0.7307692307692307,0.6538461538461539,8863769.23076923,-9.943411479385599,-9.943411479385599,-9.117605043900316,-1.5980479500388083,52.54375551699997,24.423076923076938,0.0,0.0,180810.85,-5439.0,-2.954452864010426,0.06335213246131977,1.055192513882681,0.1,-1.0
2014-06-04,,,,1127.0,1140.0,1173.6,1221.2166666666667,1165.0257971996525,20.5,7.299270072992712,-30.069635745838696,-23.80200559448649,-6.267630151352204,1250.8184870147008,1096.381512985299,1173.6,154.43697402940188,-99.21875,6.178609191656567,8.856308724298799,0.8232101263721034,-100.15960463142248,3.832752613240418,43.20557491289199,67.36293774171055,0.0,1224.0,1224.0,1093.0,0,1,155575.3,-872620,1168.027483368718,0.038461538461538464,0.9615384615384616,0.8076923076923077,9254346.153846154,-10.702614379084952,-10.702614379084952,-11.919308718660274,-1.9006411034014217,52.54375551699997,24.423076923076938,0.0,0.0,183346.15,16756.0,9.378918144366821,0.04466344379536131,1.0949668667074064,-0.3,0.0
2014-06-05,,,,1115.8,1133.4,1167.0,1219.5666666666666,1158.0709593711142,20.428571428571427,5.882352941176464,-32.13004363604887,-25.467613202798965,-6.662430433249902,1248.524939677813,1085.475060322187,1167.0,163.04987935562622,-96.8,5.785739461104378,7.832785636567325,1.6916471101784847,-95.41415090252981,3.8461538461538463,44.05594405594406,71.24609067390223,0.0,1224.0,1219.0,1092.0,0,1,158944.25,-1057943,1161.442533781499,0.3076923076923077,0.6923076923076923,0.07692307692307693,14255615.384615384,-10.418375717801476,-10.702614379084952,-10.972264100143738,-1.9006411034014217,52.54375551699997,24.423076923076938,0.0,0.0,185162.7,1887.0,0.9656520582154604,0.03721109232532108,1.0445666087912637,-0.6,0.0
2014-06-06,,,,1105.4,1128.0,1161.4,1217.45,1152.254677526246,20.428571428571427,10.15625,-32.97930857981987,-26.96995227820315,-6.009356301616723,1246.1023270667556,1076.6976729332446,1161.4,169.40465413351103,-90.67796610169492,8.328704356183406,7.998091876439353,8.989929315671512,-82.7171057587751,3.8461538461538463,41.95804195804196,74.56732253895476,16.777764187866953,1086.0,1219.0,1092.0,0,0,162635.75,-796368,1153.039000445269,0.7333333333333333,0.26666666666666666,0.3333333333333333,17438333.333333332,-10.008203445447084,-10.702614379084952,-9.171757485033137,-1.9006411034014217,52.54375551699997,21.757348342714195,0.0,0.0,185521.05,-8631.0,-4.374578685142849,0.037063187481828866,1.1441154228930774,-0.6,0.0
2014-06-09,,,,1098.4,1122.3,1155.5,1215.2333333333333,1146.897089190413,19.5,11.403508771929836,-33.34862660038334,-28.245687142639188,-5.102939457744153,1241.208195272327,1069.791804727673,1155.5,171.41639054465395,-90.65420560747664,9.617510221195442,8.537897991358049,11.776734680870227,-71.8989414774144,4.761904761904762,36.996336996337,77.13993052951942,34.01185891558174,1193.0,1219.0,1092.0,0,0,165501.95,-977643,1147.6814337635699,0.4166666666666667,0.5833333333333334,0.08333333333333333,15106250.0,-10.090237899917964,-10.702614379084952,-9.903783601478274,-1.9006411034014217,52.54375551699997,20.295250320924264,0.0,0.0,185566.05,-3089.0,-1.6372675811478388,0.03703880667292087,1.1647606520872213,-0.3,0.0
2014-06-10,,,,1088.8,1114.0,1147.95,1212.55,1139.1926045056116,20.571428571428573,9.027777777777786,-35.651099390279114,-29.726769592167173,-5.924329798111941,1237.3702967657869,1058.5297032342132,1147.95,178.84059353157363,-100.0,6.411673480796962,7.829156487837686,3.5767074667155114,-87.31333750819131,4.513888888888888,43.40277777777778,77.45048953573061,21.77842163355417,1193.0,1219.0,1066.0,0,1,178877.45,-1330013,1138.747116717805,0.0,1.0,1.3043478260869565,15320434.782608695,-12.551271534044295,-12.551271534044295,-11.175411013089805,-2.223009962517259,52.54375551699997,19.978734715576827,1.0,0.0,188422.3,50091.0,26.991739367062006,0.06882733753555652,1.2058066652485346,-0.6,0.0
2014-06-11,,,,1083.4,1105.2,1140.3,1209.8666666666666,1132.2218802669818,18.5,11.016949152542367,-37.048750728342384,-31.191165819402215,-5.857584908940169,1230.3037426122248,1050.296257387775,1140.3,180.00748522444974,-98.07692307692308,4.999086668357395,6.885799881344256,1.2256602423836735,-83.41765338424844,5.01930501930502,35.52123552123552,76.8479628107549,35.551128072735416,1193.0,1212.0,1066.0,0,0,184703.7,-1330013,1131.901873198353,0.16666666666666666,0.8333333333333334,0.0,19200833.333333332,-12.046204620462042,-12.551271534044295,-11.399989360416757,-2.223009962517259,52.54375551699997,19.155188246097342,1.0,0.0,190543.75,-13984.0,-5.933720880892778,0.07735648779126177,1.1674150008301742,-0.4,0.0
2014-06-12,,,,1077.0,1096.4,1132.8,1207.4166666666667,1125.3436059558408,18.714285714285715,11.111111111111114,-38.20020119858168,-32.59297289523811,-5.607228303343568,1223.3459464639343,1042.2540535360656,1132.8,181.09189292786868,-98.18181818181819,4.0129965544151345,5.928198772367883,0.1825921185096373,-80.3800794901173,4.961832061068702,37.404580152671755,76.34104189567071,36.203090507726316,1193.0,1212.0,1060.0,0,1,186761.2,-1486401,1126.5223889294637,0.13333333333333333,0.8666666666666667,0.4,10425866.666666666,-12.541254125412538,-12.551271534044295,-11.248298292509878,-2.223009962517259,52.54375551699997,18.725130088766456,1.0,0.0,192099.7,-5216.0,-2.3528774933915586,0.08208923362916674,1.124044256532724,-0.1,0.0
2014-06-13,,,,1070.2,1087.8,1125.35,1203.8833333333334,1119.406119674332,18.642857142857142,11.86440677966101,-38.42768859038074,-33.75991603426664,-4.667772556114102,1212.9285962796432,1037.7714037203566,1125.35,175.1571925592866,-93.75,5.705634066579787,5.854010537105184,5.408881125528993,-74.51957356777326,3.831417624521073,38.31417624521073,76.66237005205042,44.94552058111376,1056.0,1199.0,1060.0,0,0,192871.1,-1265053,1120.6630977027319,0.5,0.5,0.21428571428571427,15810571.42857143,-11.342785654712262,-12.551271534044295,-11.077183282614131,-2.223009962517259,52.401215805471125,17.231968810916182,1.0,0.0,193885.3,-5247.0,-2.423892456229504,0.08156312839764905,1.056345254425923,-0.1,0.0
2014-06-16,,,,1064.4,1081.4,1118.75,1200.45,1114.415060657729,18.642857142857142,15.254237288135585,-37.84890875671476,-34.577714578756265,-3.271194177958499,1202.7822619749609,1034.7177380250391,1118.75,168.06452394992175,-90.17857142857143,9.71773453901018,7.141918537740183,14.869366541550177,-61.97432852620602,7.279693486590039,36.7816091954023,75.88942319214702,70.41464891041154,1056.0,1184.0,1060.0,0,0,200386.9,-996002,1114.7903357621349,0.25,0.75,0.25,16815687.5,-9.881756756756754,-12.551271534044295,-9.619840268049515,-2.223009962517259,52.17110573042777,15.682426404995534,1.0,0.0,195040.75,-2355.0,-1.1149354000274614,0.08219628836842922,1.118611494340693,-0.3,0.0
2014-06-17,,,,1060.4,1074.6,1111.85,1196.75,1107.8993405950882,19.0,9.701492537313442,-38.63933585276891,-35.39003883355879,-3.2492970192101183,1195.9859176070229,1027.714082392977,1111.85,168.27183521404595,-96.61016949152543,8.664282042400231,7.649373039293532,10.69410004861363,-74.66293926870468,4.135338345864661,43.98496240601504,76.97466979078649,28.694696162047,1160.0,1184.0,1046.0,0,1,208141.35,-1315891,1107.1042605581897,0.13793103448275862,0.8620689655172413,0.7241379310344828,11030655.172413794,-11.655405405405418,-12.551271534044295,-9.811665418073702,-2.223009962517259,51.9052102950408,14.617182933956746,2.0,0.0,196438.8,7243.0,3.467740391060392,0.08454494746616721,1.1156160917502194,-0.3,0.0
2014-06-18,,,,1057.8,1070.6,1105.3,1193.2166666666667,1102.6708319669847,18.857142857142858,14.814814814814824,-38.2598774710134,-35.964006561049715,-2.295870909963682,1186.1171425275143,1024.4828574724856,1105.3,161.6342850550286,-88.03418803418803,13.067854694933487,9.455533591173516,20.29249690245343,-72.34772650678163,4.166666666666666,43.939393939393945,78.26708636371487,90.1620370370372,1039.0,1158.0,1046.0,0,0,216398.4,-1062818,1102.1630427951409,0.7777777777777778,0.2222222222222222,0.3888888888888889,14059611.111111112,-9.067357512953379,-12.551271534044295,-8.981522445026009,-2.223009962517259,51.73789173789174,14.265644955300138,2.0,0.0,197104.05,-21444.0,-9.922678623485147,0.08236501938140517,1.167751561645812,-0.4,0.0
2014-06-19,,,,1056.4,1066.7,1100.05,1189.95,1097.9402765415575,19.5,14.17910447761193,-37.52657101840123,-36.27651945252002,-1.2500515658812077,1180.0907133243475,1020.0092866756524,1100.05,160.08142664869501,-88.03418803418803,16.003569796622326,11.638212326323119,24.734284737220737,-61.1815254523863,6.95970695970696,42.490842490842496,78.78626625789477,88.52810416005079,1156.0,1154.0,1046.0,0,0,226650.75,-1062818,1094.104993255041,0.45454545454545453,0.5454545454545454,0.0,20543181.81818182,-8.752166377816305,-12.551271534044295,-7.788388811685092,-2.0065895238030134,51.17175586055255,13.757076685537822,2.0,0.0,196688.95,-1835.0,-0.9426353721997072,0.08252700827012674,1.4920122559683509,-0.5,0.0
2014-06-20,,,,1054.6,1062.4,1095.2,1186.5166666666667,1093.7554882995043,18.5,17.09401709401709,-36.444617860162225,-36.31013913404846,-0.13447872611376255,1173.9871215765143,1016.4128784234857,1095.2,157.57424315302853,-84.04255319148936,20.66904653108155,14.648490394575928,32.710158804092785,-52.55980596055897,7.335907335907336,40.15444015444016,78.48429180957885,100.0,1039.0,1154.0,1046.0,0,0,229046.8,-870351,1090.6596633671954,0.18181818181818182,0.8181818181818182,0.09090909090909091,17497000.0,-8.66551126516465,-12.551271534044295,-7.152015491932358,-2.0065895238030134,49.93901250382913,13.757076685537822,2.0,0.0,196831.05,-1001.0,-0.5191047129107229,0.08216960498057045,1.4830883154797434,-0.5,0.0
2014-06-23,,,,1055.8,1060.1,1091.2,1183.8333333333333,1091.778775128123,18.285714285714285,32.773109243697476,-33.66594096569952,-35.78129950037867,2.115358534679153,1165.6342875151724,1016.7657124848276,1091.2,148.8685750303448,-56.962025316455694,42.112697687387694,23.803226158846513,78.73164074447006,-34.671720837525655,12.5,31.250000000000004,75.64982468939745,100.0,1039.0,1154.0,1046.0,0,0,238552.7,-534757,1087.0672372044694,0.8695652173913043,0.13043478260869565,0.8260869565217391,14591043.47826087,-7.01906412478337,-12.551271534044295,-5.18920899931909,-2.0065895238030134,49.93901250382913,13.757076685537822,2.0,0.0,198221.1,12520.0,6.526578081749035,0.07829747177448994,1.553909132116689,-0.2,0.0
2014-06-24,,,,1062.6,1061.5,1087.75,1181.1666666666667,1090.6569870206827,18.071428571428573,43.80952380952381,-30.546852903477202,-34.73441018099838,4.187557277521179,1157.1288227965001,1018.3711772034999,1087.75,138.75764559300023,-35.9375,52.0517399787263,33.21939743213977,89.71642507189938,-8.569649165572889,20.553359683794465,25.691699604743082,70.46463950421227,100.0,1039.0,1154.0,1046.0,0,0,244312.95,-270021,1084.9445625648032,0.2,0.8,0.35,13236800.0,-6.41247833622185,-12.551271534044295,-4.361883273465443,-2.0065895238030134,49.41340538655975,13.757076685537822,2.0,0.0,198652.6,-12029.0,-5.8864404872009395,0.07657544663523504,1.5331727032883349,-0.1,1.0
2014-06-25,,,,1066.6,1062.2,1083.7,1178.05,1088.975369209189,18.142857142857142,41.44144144144144,-28.313415214802035,-33.450211187759116,5.136795972957081,1145.8783512841696,1021.5216487158303,1083.7,124.3567025683393,-46.875,54.58420092149005,40.34099859525653,83.07060557395711,-20.38843689353333,20.472440944881892,27.95275590551181,65.57217869222146,93.19159433249564,1103.0,1149.0,1046.0,0,0,243322.6,-447157,1081.6611873838817,0.5,0.5,0.5,12652571.42857143,-6.61444734551786,-12.551271534044295,-5.195460054011735,-2.0065895238030134,47.67232767232768,13.757076685537822,2.0,0.0,199008.9,5559.0,2.890464949407767,0.07587720419361287,1.452199494733244,-0.2,0.0
2014-06-26,,,,1070.2,1063.3,1079.85,1174.8666666666666,1087.2634292845044,18.071428571428573,37.96296296296296,-26.40045502891894,-32.04025995599108,5.6398049270721415,1134.3226875067407,1025.377312493259,1079.85,108.94537501348168,-50.0,55.102917573391025,45.26163825463469,74.78547621090368,-15.10657412644053,21.34387351778656,27.272727272727273,60.49996548372077,83.19072066932877,1103.0,1149.0,1046.0,0,0,239290.5,-587835,1078.296688474191,0.21428571428571427,0.7857142857142857,0.14285714285714285,10048428.57142857,-6.788511749347281,-12.551271534044295,-4.953396835505384,-2.0065895238030134,45.47394126341495,13.757076685537822,2.0,0.0,199590.85,-462.0,-0.23347365335731896,0.07407430817410199,1.1259666789961569,-0.1,0.0
2014-06-27,,,,1076.8,1065.7,1076.75,1171.9333333333334,1087.238340781218,19.214285714285715,46.34146341463414,-23.324483885803602,-30.29710474195359,6.972620856149987,1120.6919473491855,1032.8080526508145,1076.75,87.88389469837102,-15.789473684210526,64.80545382085717,51.77624344337551,90.86387457582047,9.160817637491306,24.163568773234203,26.022304832713754,55.25073128711815,100.0,1039.0,1131.0,1046.0,0,0,247422.6,-264539,1076.2977281245396,0.7142857142857143,0.2857142857142857,0.5714285714285714,11546285.714285715,-3.8903625110522033,-12.551271534044295,-3.6882107276623044,-2.0065895238030134,45.291684495792325,13.757076685537822,2.0,0.05,199913.55,-10188.0,-5.160597510877885,0.07212212621548479,1.2706481162837753,-0.1,1.0
2014-06-30,,,,1075.8,1065.8,1073.6,1168.9333333333334,1085.4061178496736,18.642857142857142,50.89285714285714,-22.164398416003223,-28.67056347676352,6.506165060760296,1109.4558517575529,1037.744148242447,1073.6,71.71170351510591,-49.12280701754386,60.16270020805682,54.571729031602615,71.34464256096521,-2.443918549722885,24.904214559386975,17.24137931034483,50.75233113654409,100.0,1096.0,1114.0,1046.0,0,0,249334.5,-463599,1074.1997049479046,0.045454545454545456,0.9545454545454546,0.8636363636363636,9048181.818181818,-4.129263913824088,-12.551271534044295,-3.775278735819621,-2.0065895238030134,45.291684495792325,13.757076685537822,2.0,0.05,199828.55,-4836.0,-2.5829056085797775,0.07266728680026178,1.1604730428266758,-0.2,0.0
2014-07-01,,,,1073.6,1068.1,1071.35,1165.8333333333333,1083.8436304354188,19.142857142857142,51.32743362831859,-20.923141726945914,-27.121079126799998,6.197937399854084,1101.7665813504584,1040.9334186495414,1071.35,60.833162700917,-47.36842105263158,56.460668063232845,55.20137537547936,58.97925343873982,-20.87193349352843,24.253731343283587,20.149253731343286,46.0384455823224,100.0,1039.0,1097.0,1046.0,0,0,247695.55,-265920,1071.8615014816912,0.6842105263157895,0.3157894736842105,0.05263157894736842,10404157.894736841,-2.552415679124931,-12.551271534044295,-2.7768250944880437,-2.0065895238030134,45.291684495792325,13.757076685537822,2.0,0.05,198961.75,-21075.0,-11.554593053537655,0.08174514472736542,1.1302449513721824,-0.2,0.0
2014-07-02,,,,1073.4,1070.0,1070.3,1162.7666666666667,1082.7156656320456,19.285714285714285,55.45454545454545,-19.47289056911518,-25.591441415263038,6.118550846147858,1098.9694409101692,1041.6305590898307,1070.3,57.33888182033843,-42.10526315789474,52.79196052700372,54.39823709265415,49.57940739570286,9.840524700331988,27.40740740740741,17.77777777777778,42.09093835612665,99.99999999999999,1039.0,1097.0,1046.0,0,0,249133.05,3443,1070.5880290337498,0.29411764705882354,0.7058823529411765,0.17647058823529413,15844882.352941176,-2.2789425706472577,-12.551271534044295,-1.3512203739021686,-2.0065895238030134,45.291684495792325,13.757076685537822,2.0,0.1,197306.4,985.0,0.6105876518720521,0.0923059528434839,1.2831340969999567,0.2,0.0
2014-07-03,,,,1074.6,1072.4,1069.55,1159.35,1082.1713165242318,19.5,56.25,-17.715880225297724,-24.016329177269977,6.300448951972253,1096.5663693068245,1042.5336306931754,1069.55,54.032738613649144,-33.333333333333336,53.79929151412651,54.19858856647827,53.00069740942298,15.684270788784682,27.106227106227106,17.58241758241758,37.76903075553053,100.0,1039.0,1097.0,1046.0,0,0,250776.3,221631,1069.9127075272531,0.7058823529411765,0.29411764705882354,0.29411764705882354,12834588.235294117,-1.8231540565178062,-12.551271534044295,-0.932722454864674,-2.0065895238030134,45.291684495792325,13.757076685537822,2.0,0.15,195751.0,3886.0,2.394257724654203,0.09959758794713085,1.403191901755703,0.3,0.0
2014-07-04,,,,1073.2,1075.0,1068.7,1156.15,1081.9645244743049,19.5,55.85585585585586,-15.89809855734643,-22.392683053285268,6.494584495938838,1093.0146046646128,1044.3853953353873,1068.7,48.62920932922543,-28.07017543859649,55.866194342751,54.75445715856918,58.089668711114655,53.71516703707421,27.47252747252747,17.58241758241758,34.55436631074944,99.15326147791079,1039.0,1096.0,1046.0,0,0,249833.1,464342,1069.2363578591735,0.25,0.75,0.1875,15169437.5,-1.4598540145985717,-12.551271534044295,-1.0681046627827344,-2.0065895238030134,45.291684495792325,13.757076685537822,2.0,0.2,194645.9,375.0,0.2256439879415817,0.10541470508651762,1.3492766040671722,0.6,0.0
2014-07-07,,,,1074.0,1074.9,1067.5,1152.7666666666667,1081.0155221434188,18.285714285714285,63.26530612244898,-14.930912366702387,-20.900328915968693,5.969416549266306,1088.2491280729062,1046.7508719270938,1067.5,41.49825614581232,-42.10526315789474,50.919343237047684,53.476085851395354,45.805858008352345,28.403181417052377,29.296875,12.890625000000002,31.416965517098642,100.0,1096.0,1087.0,1046.0,0,0,247488.0,329969,1068.3791966344495,0.16666666666666666,0.8333333333333334,0.6666666666666666,11197750.0,-1.3799448022079108,-12.551271534044295,-1.5318692406402517,-2.0065895238030134,45.291684495792325,13.757076685537822,2.0,0.25,193063.85,-12628.0,-7.581379153008417,0.1159667370603597,1.3055837521691487,0.6,0.0
2014-07-08,,,,1074.6,1074.1,1067.8,1149.8333333333333,1080.1569009869029,17.714285714285715,60.43956043956044,-14.002992560736857,-19.520861644922327,5.51786908418547,1088.6311507627797,1046.9688492372202,1067.8,41.66230152555954,-45.283018867924525,47.621442499912135,51.52453806756761,39.815251364601195,12.334484820410657,30.241935483870964,13.709677419354836,28.198216484580914,94.24329936275328,1096.0,1087.0,1046.0,0,0,237624.45,329969,1068.0835700338637,0.6,0.4,0.0,15509900.0,-1.3799448022079108,-12.541254125412538,0.5657788027569497,-1.7589403265481391,46.52372018225677,13.757076685537822,1.0,0.3,187875.7,-22031.0,-14.311605971235174,0.12754898063115674,1.2956710550070771,0.7,0.0
2014-07-09,,,,1075.2,1074.3,1068.25,1146.8333333333333,1079.6657675595789,17.285714285714285,61.70212765957447,-12.877095361638567,-18.192108388265574,5.315013026627007,1089.3050656486766,1047.1949343513234,1068.25,42.11013129735329,-47.72727272727273,47.986944572591,50.34534023590874,43.27015324595551,16.397128153425303,28.925619834710744,15.289256198347108,25.268878601972006,96.61439284939192,1052.0,1087.0,1046.0,0,0,234379.25,495475,1068.2049566390083,0.75,0.25,0.1875,10344125.0,-1.1039558417663242,-12.541254125412538,0.812634960188724,-1.7589403265481391,46.52372018225677,13.757076685537822,1.0,0.35,183238.7,-2961.0,-2.244763356000823,0.14170428144008282,1.2204549642003681,0.4,0.0
2014-07-10,,,,1069.4,1072.0,1067.65,1143.3333333333333,1076.6499801729524,18.928571428571427,47.5,-14.002080799819169,-17.354102870576295,3.352022070757126,1090.3171568573653,1044.982843142635,1067.65,45.33431371473034,-96.0,33.44057174404618,44.71041740528789,10.90088042156276,-52.85693696297283,26.79245283018868,20.37735849056604,21.304186383621246,48.297244094488185,1096.0,1087.0,1046.0,0,0,240872.6,209220,1067.7458994920967,0.058823529411764705,0.9411764705882353,0.7941176470588235,8419264.705882354,-3.5878564857405704,-11.655405405405418,-0.7744080243613555,-1.9953096052832373,46.52372018225677,13.757076685537822,2.0,0.35,178955.05,1851.0,1.4354846214694517,0.15216638876388433,1.3955887911331453,0.0,-1.0
2014-07-11,,,,1059.6,1066.4,1066.05,1139.45,1072.3023630136236,18.714285714285715,32.203389830508485,-16.080037131159543,-17.099289722692944,1.0192525915334016,1094.000896793758,1038.0991032062418,1066.05,55.901793587516295,-98.48484848484848,22.831348904632943,37.417394571736246,-6.340742429573666,-122.9494273555792,22.137404580152673,26.717557251908396,18.91260475096819,0.0,1096.0,1087.0,1031.0,0,1,239432.6,16672,1066.7290024416056,0.05,0.95,0.85,9627400.0,-5.151793928242865,-11.655405405405418,-2.099976656760348,-1.9953096052832373,45.10829268292684,13.757076685537822,2.0,0.35,174843.7,-1801.0,-1.3769428962437935,0.1617985999985752,1.4026928557361884,-0.1,-1.0
2014-07-14,,,,1051.4,1062.7,1064.25,1135.6,1068.3688046313737,18.214285714285715,27.927927927927925,-17.52481730948989,-17.184395240052336,-0.3404220694375546,1096.2820563120024,1032.2179436879976,1064.25,64.06411262400479,-85.33333333333333,20.313491862347888,31.716093668606796,-2.4917117501699266,-120.95804256988355,14.901960784313726,31.372549019607842,20.661326838673325,0.0,1096.0,1087.0,1031.0,0,0,232545.7,16672,1065.493828023194,0.6875,0.3125,0.0,8207062.5,-5.151793928242865,-11.655405405405418,-2.38229328183588,-1.9953096052832373,44.00761904761905,13.757076685537822,2.0,0.35,170502.3,-6956.0,-5.392415268690498,0.17262250045075236,1.4433088372331895,-0.2,-1.0
2014-07-15,,,,1032.2,1053.4,1060.75,1131.0833333333333,1059.571775618862,21.214285714285715,19.496855345911953,-22.844518961349877,-18.316419984311846,-4.528098977038031,1111.1875591044743,1010.3124408955257,1060.75,100.8751182089486,-99.16666666666667,13.827228193132212,25.75313851011527,-10.024592440833906,-167.2739029972383,12.794612794612794,38.72053872053871,23.152729903964484,0.0,1096.0,1087.0,976.0,0,1,225267.85,-157660,1063.1372736944043,0.05263157894736842,0.9473684210526315,2.8947368421052633,9175368.421052631,-10.211591536338528,-10.211591536338528,-3.4053671594397557,-2.652777840434889,42.44611528822056,13.757076685537822,2.0,0.35,168996.25,63950.0,52.40085217961323,0.16388112187074722,1.3956085106806295,-0.4,0.0
2014-07-16,,,,1014.6,1044.9,1057.45,1126.9833333333333,1052.6601779408752,21.285714285714285,25.0,-25.874547104985595,-19.8280454084466,-6.046501696538996,1117.703761620914,997.196238379086,1057.45,120.50752324182804,-90.0,12.636955547558227,21.381077522596257,-4.851288402517838,-125.40218684667954,12.080536912751679,38.59060402684563,26.01864124992752,12.573313782991193,975.0,1087.0,976.0,0,0,223587.6,61808,1060.0483858824612,0.7333333333333333,0.26666666666666666,0.7333333333333333,14631200.0,-9.199632014719395,-10.211591536338528,-3.1341415641548602,-2.652777840434889,42.44611528822056,13.757076685537822,2.0,0.35,168987.8,8508.0,4.574439485993875,0.16384067416746315,1.364578959350418,-0.1,0.0
2014-07-17,,,,1003.2,1036.3,1054.35,1123.1,1046.787780041744,20.285714285714285,19.23076923076924,-27.634545826010708,-21.38934549195942,-6.245200334051287,1121.5473527047197,987.1526472952801,1054.35,134.39470540943967,-86.32478632478633,13.409060707717945,18.723738584303486,2.7797049545468653,-98.0393909437986,10.211267605633804,40.140845070422536,29.999845231131502,0.0,975.0,1087.0,976.0,0,0,211138.5,264776,1057.380538288059,0.5714285714285714,0.42857142857142855,0.2857142857142857,14497714.285714285,-8.831646734130628,-10.211591536338528,-2.917389207947953,-2.652777840434889,42.44611528822056,13.757076685537822,2.0,0.35,168929.85,-2825.0,-1.4524570946744975,0.16359279866284412,1.138655840915064,0.0,0.0
2014-07-18,,,,997.0,1028.3,1051.65,1119.3166666666666,1042.3318009901495,19.857142857142858,26.71232876712328,-27.980589885776908,-22.707594370722923,-5.272995515053985,1123.1107731924258,980.1892268075743,1051.65,142.92154638485147,-78.63247863247864,16.87588174165323,18.10778630342007,14.412072618119552,-77.36017760392227,12.949640287769785,41.007194244604314,32.415429646715914,16.99020828754911,975.0,1087.0,976.0,0,0,213713.65,508746,1054.0002759143679,0.75,0.25,0.5625,15248125.0,-8.003679852805877,-10.211591536338528,-2.477016937859024,-2.652777840434889,42.23129251700681,13.757076685537822,2.0,0.35,168535.05,-7738.0,-4.037083992007218,0.16225829212076232,1.1054010481817358,-0.2,0.0
2014-07-21,,,,988.8,1020.1,1047.5,1115.3166666666666,1037.3478199434687,19.714285714285715,24.516129032258064,-28.730560703134643,-23.91218763720527,-4.8183730659293715,1123.2516718592387,971.7483281407613,1047.5,151.50334371847748,-87.17948717948718,16.012492589673585,17.409355065504574,13.218767638011606,-74.45120351667815,13.043478260869566,38.405797101449274,35.276292301637035,12.002760048300823,1092.0,1087.0,976.0,0,0,208037.0,286685,1049.633668770459,0.29411764705882354,0.7058823529411765,0.5882352941176471,13062411.764705883,-8.923643054277818,-10.211591536338528,-4.035336553563686,-2.652777840434889,42.23129251700681,13.757076685537822,2.0,0.35,166997.55,-10334.0,-5.618289069508253,0.1560546876958301,1.1460335628388585,-0.1,0.0
2014-07-22,,,,998.0,1015.1,1044.6,1111.9166666666667,1035.8861228059955,21.714285714285715,36.41304347826087,-26.43802432695452,-24.41735497515512,-2.0206693517993983,1119.5495268760478,969.650473123952,1044.6,149.89905375209582,-59.82905982905983,25.595629980417307,20.138113370475487,36.510663200300954,-41.864534561803936,18.749999999999996,34.868421052631575,35.901283321880996,39.0199953499186,975.0,1087.0,976.0,0,0,224291.9,876519,1042.8762767774197,0.7777777777777778,0.2222222222222222,0.7111111111111111,13107422.222222222,-5.979760809567603,-10.211591536338528,-2.405508921898544,-2.652777840434889,42.23129251700681,13.757076685537822,3.0,0.35,167515.55,29081.0,16.751631615025264,0.15930501426966434,1.5405987119244453,0.3,0.0
2014-07-23,,,,1004.4,1009.5,1041.9,1108.4333333333334,1034.277920633996,21.5,34.06593406593406,-24.579905806278475,-24.449865141379796,-0.13004066489867938,1116.4312368282851,967.368763171715,1041.9,149.0624736565701,-62.39316239316239,36.61930887583375,25.631845205594907,58.594236216311444,-30.522508386748758,18.93687707641196,34.5514950166113,36.46421697716777,33.68983957219248,1092.0,1087.0,976.0,0,0,230806.7,569087,1040.1745846921542,0.42857142857142855,0.5714285714285714,0.21428571428571427,21959428.57142857,-6.255749770009189,-10.211591536338528,-2.245358497974148,-2.652777840434889,42.23129251700681,13.757076685537822,3.0,0.35,167323.4,-8644.0,-4.2648089124835975,0.1581898779648052,1.6318004926273069,0.2,0.0
2014-07-24,,,,1009.0,1006.1,1039.05,1104.6333333333334,1032.346690097425,21.642857142857142,32.065217391304344,-23.242862454680107,-24.20846460403986,0.9656021493597535,1113.2544827699369,964.8455172300629,1039.05,148.40896553987398,-63.55140186915888,45.72434799372523,32.32934613497168,72.51435171123232,-31.81981857051832,15.511551155115512,35.973597359735976,37.73510056512453,29.146322560644784,1092.0,1087.0,976.0,0,0,237092.95,302684,1037.822810631864,0.3333333333333333,0.6666666666666666,0.2777777777777778,14800166.666666666,-6.715731370745159,-10.211591536338528,-2.384492883867303,-2.652777840434889,42.23129251700681,13.757076685537822,3.0,0.35,167516.85,7250.0,3.736381533514055,0.15946700270592104,1.6847131377844093,0.1,0.0
2014-07-25,,,,1011.8,1004.4,1035.4,1101.1,1030.5993862786227,22.357142857142858,33.522727272727266,-21.930445441836127,-23.752860771599114,1.8224153297629861,1106.8021966343226,963.9978033656776,1035.4,142.80439326864507,-62.857142857142854,52.89669176593176,39.18512801195837,80.31981927387855,-23.834735505930624,17.252396166134186,32.9073482428115,37.186622150404084,33.650814503415624,1092.0,1080.0,976.0,0,0,244130.0,302684,1033.0742327858109,0.13636363636363635,0.8636363636363636,0.0,21092590.909090906,-6.1111111111111,-10.211591536338528,-3.16139991779688,-2.652777840434889,42.23129251700681,13.757076685537822,3.0,0.3,167450.0,-15394.0,-7.6477484996621765,0.1592302450733117,1.9186836770597964,0.2,0.0
2014-07-28,,,,1014.8,1001.8,1032.25,1097.4166666666667,1028.1613494901824,23.357142857142858,31.891891891891902,-21.370227606225058,-23.2763341385243,1.906106532299244,1103.1535668317863,961.3464331682138,1032.25,141.80713366357247,-71.42857142857143,52.22352550477322,43.531260509563324,69.60805549519301,-40.31136045767948,16.513761467889907,36.08562691131498,37.157666680868275,29.810967036400566,1092.0,1080.0,976.0,0,0,259410.6,-201988,1028.682716576218,0.5416666666666666,0.4583333333333333,0.375,21028000.0,-6.944444444444442,-10.211591536338528,-2.7994243069754523,-2.652777840434889,42.23129251700681,13.757076685537822,3.0,0.3,167990.15,7304.0,3.9291208968551983,0.1612466115015397,2.185294696461094,-0.1,0.0
2014-07-29,,,,1013.0,1005.5,1029.45,1093.8666666666666,1026.7174114434983,23.5,33.684210526315795,-20.049598503039988,-22.63098701142744,2.5813885083874517,1098.645299505675,960.2547004943251,1029.45,138.39059901134988,-63.80952380952381,54.81568366984881,47.29273489632516,69.86158121689613,-31.921108466585352,15.501519756838906,34.95440729483282,37.70860206459277,51.12781954887218,975.0,1080.0,976.0,0,0,266849.55,144470,1025.9115281126262,0.9444444444444444,0.05555555555555555,0.4444444444444444,19247666.666666668,-6.203703703703701,-10.211591536338528,-2.437215114428533,-2.652777840434889,42.23129251700681,13.757076685537822,3.0,0.3,168826.1,-15159.0,-7.846354517127507,0.1606926392105509,1.99245908421222,-0.4,0.0
2014-07-30,,,,1016.0,1010.2,1027.55,1090.4833333333333,1027.4109913060222,22.642857142857142,46.19565217391304,-17.111218453501465,-21.527033299842245,4.41581484634078,1093.852258435743,961.2477415642571,1027.55,132.60451687148577,-21.333333333333332,69.2104557798992,54.598641857516505,98.43408362466461,0.39830431747635203,22.397476340694006,30.914826498422713,37.878340018946105,100.0,975.0,1080.0,976.0,0,0,273573.85,548319,1023.6818531205863,0.95,0.05,1.05,20192450.0,-4.2592592592592515,-10.211591536338528,-1.5118352762519691,-2.652777840434889,44.28674948240166,13.757076685537822,3.0,0.3,170640.1,20546.0,11.540168165401955,0.16334302379205484,2.082307537568837,-0.3,0.0
2014-07-31,,,,1020.6,1014.8,1025.55,1087.3666666666666,1028.324230229258,22.5,51.76470588235294,-14.374752962227717,-20.09657723231934,5.7218242700916235,1087.8649048656648,963.2350951343352,1025.55,124.6298097313296,-6.0606060606060606,77.09268480564708,62.09665617356003,107.08474206982119,12.609604374040432,24.444444444444443,26.031746031746028,37.433315310949695,100.0,975.0,1080.0,976.0,0,0,290593.35,1106897,1022.7274305026825,0.7777777777777778,0.2222222222222222,0.16666666666666666,31032111.11111111,-3.981481481481486,-10.211591536338528,-1.5949320234721154,-2.652777840434889,46.22481442205726,13.757076685537822,3.0,0.3,172898.35,12771.0,6.430999320190356,0.16938957340033586,2.34617521620567,0.1,0.0
2014-08-01,,,,1023.6,1017.7,1023.0,1084.3666666666666,1028.388589255043,22.714285714285715,49.438202247191015,-12.705160307101778,-18.61829384727583,5.9131335401740515,1079.8691943248157,966.1308056751842,1023.0,113.73838864963147,-22.857142857142858,75.53305423824747,66.57545552845585,93.44825165783072,17.58037942204312,25.471698113207545,22.641509433962266,35.31111049682066,92.84899438983608,1045.0,1075.0,976.0,0,0,298715.7,701739,1021.0116108170187,0.15789473684210525,0.8421052631578947,0.42105263157894735,21324105.263157893,-4.279069767441868,-10.211591536338528,-2.072983448394691,-2.652777840434889,46.52372018225677,13.757076685537822,3.0,0.3,174310.1,-16555.0,-7.832756108177675,0.1700659288384774,2.26289735238893,0.2,0.0
2014-08-04,,,,1027.4,1021.1,1020.6,1081.2,1027.9706283736102,19.571428571428573,68.75,-11.651147140754006,-17.224864505971468,5.573717365217462,1072.6056677072793,968.5943322927209,1020.6,104.0113354145584,-30.434782608695652,70.48115565568699,67.87735557086623,75.68875582532851,9.982580911398802,29.562043795620436,11.67883211678832,34.81368438773395,100.0,1045.0,1075.0,976.0,0,0,307889.05,383899,1020.0982491366071,0.25,0.75,0.4166666666666667,26486666.666666668,-4.744186046511645,-10.211591536338528,-1.9600574783538844,-2.652777840434889,47.3021978021978,13.757076685537822,3.0,0.3,175983.55,-7394.0,-3.7956684000595486,0.1669311216077537,2.079654736827382,0.5,0.0
2014-08-05,,,,1034.2,1023.6,1019.35,1078.3666666666666,1029.7829494808855,20.285714285714285,71.42857142857143,-8.857818909105617,-15.551455386598299,6.6936364774926815,1067.1886542672448,971.5113457327552,1019.35,95.67730853448961,-1.5384615384615385,79.72553234188655,71.82674782787299,95.52310136991366,42.43683661725451,33.80281690140845,11.267605633802816,34.64812147382667,100.0,983.0,1075.0,976.0,0,0,319123.9,763695,1019.9978018986775,0.96,0.04,0.92,15191840.0,-2.6046511627907165,-10.211591536338528,-0.8891643559457373,-2.652777840434889,47.88764044943821,13.757076685537822,3.0,0.3,180092.6,26681.0,14.23692818304545,0.15894805209206475,2.045264989999884,0.8,0.0
2014-08-06,,,,1036.2,1026.1,1017.8,1075.45,1031.1369542922296,20.285714285714285,69.06474820143885,-6.807686318393962,-13.802701572957433,6.995015254563471,1059.685055744651,975.9149442553488,1017.8,83.77011148930217,-16.901408450704224,80.23368822792438,74.62906129455679,91.44294209465954,68.91280297824758,34.50704225352113,11.267605633802816,34.02874085444605,94.96120196180972,1056.0,1048.0,976.0,0,0,328522.65,410214,1020.1501120242394,0.14285714285714285,0.8571428571428571,0.21428571428571427,25248642.85714286,-0.3816793893129944,-10.211591536338528,-1.137235487299377,-2.652777840434889,49.729133226324244,13.757076685537822,3.0,0.3,183871.55,-9563.0,-4.466854751317218,0.14369738718322408,1.9841988320811237,0.7,0.0
2014-08-07,,,,1037.4,1029.0,1017.55,1072.6666666666667,1032.26676816916,20.0,66.41221374045801,-5.203648689564261,-12.082890996278799,6.879242306714538,1058.7298366602406,976.3701633397592,1017.55,82.35967332048142,-18.309859154929576,80.05162548528293,76.4365826914655,87.28171107291777,65.72810603826636,32.5,12.857142857142858,33.407818469744136,89.30697820903133,1056.0,1047.0,976.0,0,0,327566.35,143085,1019.4551740433656,0.4166666666666667,0.5833333333333334,0.08333333333333333,22260750.0,-0.382043935052534,-10.211591536338528,-0.08720917647694275,-1.8077618631581243,50.97977243994943,13.757076685537822,2.0,0.35,187568.4,209.0,0.10218799657744082,0.12598082297722765,1.716585070776772,0.3,0.0
2014-08-08,,,,1040.4,1032.0,1018.2,1069.8666666666666,1033.3842188197161,19.714285714285715,72.1311475409836,-3.807851132052974,-10.427883023433633,6.620031891380659,1060.664102486638,975.735897513362,1018.2,84.92820497327602,-17.391304347826086,80.03441699018862,77.63586079103987,84.8315293884861,69.19102019568872,34.42028985507246,11.956521739130434,33.34651313775218,100.0,987.0,1047.0,976.0,0,0,330431.9,392944,1019.96019926244,0.23076923076923078,0.7692307692307693,0.07692307692307693,19219923.07692308,-0.2865329512893977,-10.211591536338528,0.7183194722912255,-1.2167313288069839,51.41488807912546,13.757076685537822,2.0,0.4,191222.6,-2654.0,-1.2963161956489833,0.10124749145020041,1.5479011131825224,0.1,0.0
2014-08-11,,,,1041.2,1034.3,1018.05,1067.0166666666667,1032.8714360749811,18.0,52.83018867924528,-3.9472365085662204,-9.13175372046015,5.1845172118939296,1060.3445809642685,975.7554190357315,1018.05,84.58916192853701,-43.75,63.92538368451599,73.0657017555319,45.64474754248417,39.21241991194454,25.793650793650798,18.650793650793652,32.34723305762198,52.03450324714445,1056.0,1047.0,976.0,0,0,338071.45,108840,1020.3885734312474,0.047619047619047616,0.9523809523809523,0.7619047619047619,13528761.904761905,-1.8147086914995336,-10.211591536338528,-0.0021512743943200756,-1.7226700261249923,51.97780244173141,13.757076685537822,2.0,0.45,195285.9,1226.0,0.6066904196357914,0.05449135184035799,1.4881876652263244,-0.2,0.0
2014-08-12,,,,1037.0,1035.6,1020.55,1064.3833333333334,1032.2170135916497,17.785714285714285,53.33333333333333,-4.171002982944856,-8.139603572957093,3.9686005900122368,1058.0142285526922,983.0857714473077,1020.55,74.9284571053845,-46.875,47.37882721824876,64.5034102431042,13.129661168537865,22.643128380827914,26.104417670682736,19.67871485943775,31.26455742443964,53.28488585480435,1056.0,1047.0,987.0,0,0,340620.55,-116474,1021.6642954063303,0.09090909090909091,0.9090909090909091,0.18181818181818182,20483090.909090906,-2.005730659025795,-9.199632014719395,3.426816587243901,-1.0266283524904223,52.930817610062896,13.757076685537822,1.0,0.5,196144.55,-143.0,-0.07033732403372017,0.053757444949264,1.3551901690348553,-0.3,-1.0
2014-08-13,,,,1033.6,1034.9,1022.55,1061.7666666666667,1031.7201551543496,17.357142857142858,56.43564356435643,-4.219013719475697,-7.3554856022608135,3.1364718827851163,1056.586976796852,988.513023203148,1022.55,68.073953593704,-45.3125,38.79309201937305,55.93330416852715,4.512667721064844,9.560651480224541,26.74897119341564,20.5761316872428,29.357406604245345,60.99454693322227,992.0,1047.0,990.0,0,0,339491.85,80420,1022.9762324191288,0.6666666666666666,0.3333333333333333,0.08333333333333333,16407833.333333332,-1.9102196752626588,-8.923643054277818,2.7806840445111964,-1.0266283524904223,53.75757575757576,13.757076685537822,1.0,0.55,196392.1,-3714.0,-1.8280887760074416,0.05377834658636494,1.2069676778538299,-0.5,0.0
2014-08-14,,,,1030.8,1034.1,1024.45,1059.6166666666666,1031.4610927586973,17.142857142857142,57.28155339805825,-4.0490048809233485,-6.694189457993321,2.6451845770699727,1055.1504200210595,993.7495799789407,1024.45,61.40084004211883,-42.1875,34.87107035525771,48.91255956410401,6.788091937565113,28.146363167725234,30.000000000000004,20.833333333333336,28.41616344727701,63.09674743384438,992.0,1047.0,990.0,0,0,348271.6,458983,1024.490320724783,0.15789473684210525,0.8421052631578947,0.10526315789473684,19924368.42105263,-1.7191977077363974,-8.923643054277818,2.6402340730713063,-1.0266283524904223,55.534807534807534,13.757076685537822,1.0,0.6,196354.0,-8538.0,-4.280793586330345,0.053886953556415755,1.3426012615135368,-0.4,0.0
2014-08-15,,,,1022.2,1031.3,1024.5,1057.1166666666666,1028.560036305488,17.785714285714285,48.36065573770492,-6.103282800793295,-6.576008126553316,0.47272532576002124,1055.035570284954,993.9644297150461,1024.5,61.071140569907925,-91.66666666666667,26.025158014616252,41.28342571427476,-4.491377384700769,-56.42365556195209,28.915662650602414,24.497991967871485,26.34911875914472,38.17324955116696,1056.0,1047.0,990.0,0,0,356190.95,56626,1024.507813201505,0.15625,0.84375,0.875,12573656.25,-4.393505253104113,-8.923643054277818,0.15928032544788115,-1.5919931190867167,55.534807534807534,13.757076685537822,2.0,0.6,196984.65,5637.0,2.952684758866697,0.051626596897231355,1.5047377007662017,-0.5,-1.0
2014-08-18,,,,1020.0,1030.6,1025.85,1054.85,1027.45908046687,17.857142857142858,51.53846153846153,-6.3668534468363305,-6.5341771906099195,0.16732374377358905,1052.0418026548687,999.6581973451312,1025.85,52.383605309737504,-65.0,29.01677200974417,37.1945411460979,12.66123373703671,-55.90470191473165,28.8,24.399999999999995,24.186008746591828,20.600375234521568,996.0,1047.0,1001.0,0,0,357529.1,305450,1025.0485482626914,0.9473684210526315,0.05263157894736842,0.8421052631578947,13096000.0,-2.8653295128939993,-6.944444444444442,1.686312730787729,-1.5919931190867167,55.534807534807534,13.757076685537822,2.0,0.6,197772.35,-7193.0,-3.659665832264891,0.044384475991304795,1.4880657515755367,-0.4,0.0
2014-08-19,,,,1021.4,1029.2,1026.4,1052.9166666666667,1027.986787089073,17.5,49.6,-5.224444654455965,-6.272230683379129,1.0477860289231637,1052.7130945987778,1000.0869054012223,1026.4,52.626189197555505,-38.333333333333336,40.60888248925473,38.33265492715017,45.16133761346384,2.472495564990358,26.93877551020408,24.897959183673468,23.3260570689539,5.213793103448286,996.0,1047.0,1001.0,0,0,344332.3,631348,1026.1315177712536,1.0,0.0,0.9411764705882353,19170470.588235293,-1.3371537726838634,-6.944444444444442,0.8040192952557662,-1.5919931190867167,55.534807534807534,14.687672747374245,1.0,0.65,197706.8,12016.0,6.345752686752393,0.04422842129083611,1.589938794842144,-0.3,0.0
2014-08-20,,,,1026.0,1029.8,1027.95,1051.1833333333334,1030.0832835567803,17.857142857142858,54.67625899280576,-2.9137318438506554,-5.600530915473435,2.6867990716227794,1056.021150202299,999.878849797701,1027.95,56.142300404597904,-10.0,58.107071084790505,44.92412697969695,84.47295929497761,57.36583685352432,31.199999999999996,24.399999999999995,23.97502576461731,26.56908955594146,996.0,1050.0,1001.0,1,0,355088.65,1153907,1027.6525857228423,0.9565217391304348,0.043478260869565216,0.7391304347826086,22719956.521739133,0.0,-6.944444444444442,2.016710632493099,-1.5919931190867167,55.534807534807534,14.687672747374245,1.0,0.7,200373.05,45992.0,22.83943566849249,0.0702334597069869,1.8150046230766967,0.0,0.0
2014-08-21,,,,1029.0,1029.9,1029.45,1049.45,1031.4086851228012,17.285714285714285,55.47445255474454,-1.5487718715091887,-4.790179106680585,3.2414072351713967,1057.5885669031716,1001.3114330968286,1029.45,56.27713380634293,-20.0,66.80822282845682,52.218825595950236,95.98701729346999,62.80418285968149,31.404958677685954,25.206611570247933,24.336922348068214,29.92700729927013,1056.0,1050.0,1001.0,0,0,362479.95,739678,1029.1481706781299,0.18181818181818182,0.8181818181818182,0.5454545454545454,37657181.81818181,-0.5714285714285672,-6.944444444444442,1.9611916665621625,-1.5919931190867167,55.550733214966804,14.687672747374245,1.0,0.75,202860.6,3676.0,1.4860751203696676,0.08908563732698864,1.748430450904598,-0.1,0.0
2014-08-22,,,,1042.0,1032.1,1032.05,1048.0666666666666,1034.7030960634868,18.428571428571427,63.63636363636363,1.2932767891172716,-3.573487927521014,4.8667647166382855,1063.582606348885,1000.5173936511148,1032.05,63.06521269777022,-7.894736842105263,75.24056960493613,59.892740265612204,105.93622828358397,100.12965784525298,36.821705426356594,21.70542635658915,23.084421113148885,64.26332288401252,996.0,1066.0,1001.0,1,0,375388.8,1461892,1032.8829332414819,0.76,0.24,0.88,28888560.0,0.0,-6.944444444444442,3.1245196340766914,-1.5919931190867167,55.93468468468469,14.687672747374245,1.0,0.8,207427.65,26196.0,10.435032006978995,0.11616645224532993,1.8600189363840758,0.3,0.0
2014-08-25,,,,1053.0,1036.5,1035.4,1047.0833333333333,1038.2551821526786,17.5,59.12408759124087,3.9838473717834404,-2.0620208676601233,6.045868239443564,1069.0007518712257,1001.7992481287745,1035.4,67.20150374245122,-0.0,83.49371306995741,67.75973120039393,114.96167680908437,105.88175122678456,32.6530612244898,22.857142857142858,20.773496743400983,45.28064434935816,996.0,1072.0,1001.0,1,0,370843.05,1875649,1036.7845994417314,1.0,0.0,0.5,34479750.0,0.0,-6.203703703703701,4.084361198066506,-1.5919931190867167,56.28712871287129,15.166352793471432,1.0,0.85,211186.2,-8866.0,-3.198008909408989,0.12972623077267215,1.9055560831967946,0.3,0.0
2014-08-26,,,,1060.0,1040.7,1038.15,1046.3166666666666,1041.0880219476617,17.785714285714285,58.69565217391305,5.72735597789756,-0.5041454985485867,6.231501476446146,1073.0107757258274,1003.2892242741729,1038.15,69.72155145165459,-12.195121951219512,84.93076806289844,73.4834101545621,107.82548387957112,95.90164606662671,31.325301204819276,22.489959839357432,18.319831006153155,43.47826086956524,1078.0,1072.0,1001.0,0,0,375313.6,1439780,1039.9798667478788,0.4444444444444444,0.5555555555555556,0.2222222222222222,24214944.444444444,-0.3731343283582045,-4.744186046511645,3.3519501437662793,-1.5919931190867167,56.6048255310968,16.72606113284079,1.0,0.9,216642.65,18799.0,7.004907422243245,0.14340873554067973,1.8854406715210934,-0.1,0.0
2014-08-27,,,,1065.4,1045.7,1040.3,1046.05,1044.5082103335988,18.142857142857142,61.64383561643836,7.7460324530252365,1.1458900917661778,6.600142361259058,1079.1579057863541,1001.4420942136458,1040.3,77.71581157270839,-2.4096385542168677,89.15063252386,78.70581761099473,110.04026234959053,92.25481548932454,31.102362204724415,20.472440944881892,16.69865960677655,55.880963627775174,996.0,1077.0,1001.0,1,0,378175.05,1900858,1042.6121426660309,0.8823529411764706,0.11764705882352941,0.5294117647058824,27122235.29411765,0.0,-4.744186046511645,2.7276134236106375,-1.5919931190867167,57.56437315322921,18.80341880341881,1.0,0.9,221751.8,13600.0,4.735903721863166,0.16216110030326158,1.769537337974247,-0.1,0.0
2014-08-28,,,,1069.0,1049.0,1041.55,1045.55,1046.1740950637322,18.785714285714285,55.62499999999999,8.042761515270286,2.5252643764669997,5.517497138803286,1081.552499921829,1001.547500078171,1041.55,80.00499984365797,-23.25581395348837,84.73495983518377,80.71553168572441,92.7738161341025,70.30785296325189,29.657794676806084,20.53231939163498,14.537539476906419,47.55487804878046,1082.0,1077.0,1001.0,0,0,371972.4,1466333,1044.7666580011492,0.09090909090909091,0.9090909090909091,0.6818181818181818,19751136.363636363,-1.3927576601671432,-4.744186046511645,1.5751637303872146,-1.5919931190867167,57.56437315322921,19.44363812288341,1.0,0.9,224978.0,-24888.0,-8.274816469837221,0.1681225684258618,1.7545358158212665,0.2,0.0
2014-08-29,,,,1065.8,1053.9,1042.6,1044.7666666666667,1046.5384669624245,18.5,57.05128205128205,7.226321190644285,3.4654757393024567,3.760845451341828,1082.3168928661757,1002.883107133824,1042.6,79.4337857323518,-37.2093023255814,73.66169039517303,78.36425125554061,64.25656867443786,30.832968782270463,30.115830115830114,20.07722007722008,14.81815172180438,56.89180737961227,1082.0,1077.0,1001.0,0,0,378489.9,930825,1046.0553758942224,0.11764705882352941,0.8823529411764706,0.7058823529411765,31500470.588235293,-2.506963788300842,-4.744186046511645,1.3364145692840699,-1.5919931190867167,57.56437315322921,23.512274294988845,1.0,0.9,229269.9,4759.0,1.7250253733507304,0.17040617496300903,1.6151584473272613,-0.2,0.0
2014-09-01,,,,1064.2,1058.6,1044.6,1044.2333333333333,1048.2014701088603,19.071428571428573,61.3095238095238,7.621117845816116,4.296604160605189,3.3245136852109267,1084.4016132970582,1004.7983867029416,1044.6,79.60322659411668,-20.930232558139537,71.33001581900425,76.01950611002849,61.95103523695576,37.41614612108696,29.21348314606741,19.47565543071161,15.244216884711644,84.76771196283389,996.0,1077.0,1001.0,0,0,382571.0,1330287,1047.5294784933167,0.9473684210526315,0.05263157894736842,0.7368421052631579,21024315.789473683,-1.20705663881151,-4.393505253104113,2.4145144556657026,-1.5919931190867167,58.78133925737861,24.903225806451612,1.0,0.9,234270.0,6770.0,2.412351811401847,0.1699803876901023,1.5847837160281917,0.1,0.0
2014-09-02,,,,1053.2,1056.6,1042.9,1043.35,1044.8489491461116,21.857142857142858,46.78899082568807,3.7752050503431747,4.192324338552786,-0.4171192882096113,1085.102020405565,1000.6979795944351,1042.9,84.40404081113002,-80.23255813953489,47.55334387933617,66.53078536646439,9.598460905079719,-36.6643335170075,25.49019607843137,25.81699346405229,14.358035771446621,0.0,1082.0,1077.0,1001.0,0,0,400665.8,588595,1046.2954561715358,0.0,1.0,1.0,14542980.392156862,-5.942432683379762,-5.942432683379762,-1.470795149188358,-2.8246956677407833,58.78133925737861,26.369863013698627,2.0,0.85,237015.25,-18416.0,-6.407593359985253,0.1698077422206264,1.8326781648623025,0.4,-1.0
2014-09-03,,,,1041.4,1053.4,1041.6,1042.55,1042.2919063702914,21.928571428571427,47.511312217194565,1.1178636288148027,3.57743219660519,-2.459568567790387,1085.2367783073928,997.963221692607,1041.6,87.27355661478578,-74.4186046511628,37.685135235796764,56.915568656241845,-0.775731605093398,-67.54082174907704,20.846905537459282,28.664495114006517,14.197799114229811,4.287442318892526,996.0,1077.0,1001.0,0,0,410100.4,1130768,1044.204054056031,0.7,0.3,0.25,27108650.0,-5.478180129990706,-5.942432683379762,-1.0893764419529808,-2.8246956677407833,58.78133925737861,27.684808095766996,2.0,0.8,239072.8,-23317.0,-8.668255307758944,0.1654071531971393,1.9674501052718092,0.1,-1.0
2014-09-04,,,,1031.6,1050.3,1040.1,1041.7666666666667,1039.5022010016921,20.785714285714285,53.03030303030303,-1.3756986088933445,2.586806035505483,-3.9625046443988277,1085.5585988622859,994.641401137714,1040.1,90.9171977245719,-83.13253012048193,28.969577336685024,47.60023821638957,-8.291744422724065,-58.474287722264336,23.02405498281787,19.931271477663234,14.121322207677716,37.04620462046208,1082.0,1077.0,1001.0,0,0,421639.45,632858,1042.5951452123372,0.17647058823529413,0.8235294117647058,0.29411764705882354,29288823.529411767,-5.942432683379762,-5.942432683379762,-1.2783406108786517,-2.8246956677407833,58.78133925737861,31.09909909909911,2.0,0.75,241383.7,5276.0,2.1475439196339874,0.16063637500794933,2.049256877095723,-0.2,-1.0
2014-09-05,,,,1026.2,1046.0,1039.05,1041.1,1037.9305628110546,20.642857142857142,51.5625,-2.5159459619821973,1.5662556360079471,-4.082201597990144,1085.0956295428339,993.0043704571659,1039.05,92.09125908566796,-75.64102564102564,27.432709677448138,40.87772870340909,0.5426716255262249,-39.762450244791175,24.22145328719723,20.06920415224914,14.20020244398276,28.33384900990102,1004.0,1077.0,1001.0,0,0,430311.95,1056167,1041.5228044058115,0.5,0.5,0.7142857142857143,30236357.14285714,-5.013927576601674,-5.942432683379762,-0.8397475681226327,-2.8246956677407833,58.78133925737861,32.030552291421856,2.0,0.7,244493.1,13316.0,5.30619401319774,0.15518566504061873,1.9879855268261153,0.2,-1.0
2014-09-08,,,,1015.8,1040.0,1038.25,1040.1833333333334,1035.460985400478,21.5,44.38502673796792,-4.258123278938228,0.40137985301871204,-4.65950313195694,1085.6403165769027,990.8596834230973,1038.25,94.78063315380541,-87.5,22.455139784965425,34.73686573059454,-2.1083121062928,-54.64341113793639,18.6046511627907,23.9202657807309,14.811844738695923,0.0,1082.0,1077.0,1001.0,0,0,451595.7,346388,1039.6646409978364,0.3448275862068966,0.6551724137931034,0.3793103448275862,24475137.931034483,-6.035283194057572,-6.035283194057572,-0.6286975959548883,-2.8246956677407833,58.78133925737861,32.17575534266766,2.0,0.65,247369.0,-3444.0,-1.303222486263944,0.14884191843040656,2.254269897027659,0.1,-1.0
2014-09-10,,,,1017.0,1035.1,1037.9,1039.7333333333333,1033.8932725051943,20.642857142857142,41.24293785310734,-5.016146837476981,-0.6821254850804266,-4.3340213523965545,1085.7721982826877,990.0278017173125,1037.9,95.74439656537515,-78.75,22.053426523310286,30.509052661499787,5.142174246931276,-49.722077569842234,13.14878892733564,24.913494809688583,16.146050101678263,0.0,1002.0,1077.0,1001.0,0,0,461981.7,779422,1038.815613728134,0.9090909090909091,0.09090909090909091,0.6363636363636364,39366727.27272727,-5.385329619312895,-6.035283194057572,-0.2010913284133859,-2.8246956677407833,58.78133925737861,32.65916536105968,2.0,0.6,250454.0,4039.0,1.5485538140662003,0.14166484662107298,2.029798840042234,0.2,0.0
2014-09-11,,,,1013.8,1027.6,1036.65,1038.8833333333334,1030.8558179808902,22.071428571428573,38.829787234042556,-6.909001228497573,-1.9275006337638558,-4.981500594733717,1086.9638570427892,986.3361429572111,1036.65,100.62771408557808,-95.23809523809524,16.692334100117307,25.903479807705626,-1.7299573150593304,-60.12736006630176,14.563106796116504,26.86084142394822,17.48452116528619,0.0,1082.0,1077.0,1001.0,0,0,495311.5,-84068,1036.5361516607898,0.12903225806451613,0.8709677419354839,0.5483870967741935,27854516.129032258,-6.963788300835638,-6.963788300835638,-1.0222115118343424,-2.8246956677407833,58.78133925737861,33.37280366692131,2.0,0.55,256579.7,57100.0,21.558315053442723,0.14328432610889608,2.124817290933556,0.1,0.0
2014-09-12,,,,1014.6,1023.1,1036.05,1038.2833333333333,1029.5362162684244,21.285714285714285,36.46408839779006,-7.1166905521918125,-2.965338617449447,-4.151351934742365,1087.0297689490758,985.0702310509241,1036.05,101.95953789815167,-77.38095238095238,20.580959051819498,24.12930622241025,13.484264710637994,-52.48469838147431,8.724832214765101,27.852348993288594,19.37493283758011,0.0,998.0,1077.0,1001.0,0,0,507675.25,541770,1035.1021234210914,1.0,0.0,0.8823529411764706,36814000.0,-5.571030640668495,-6.963788300835638,-0.4043600284036373,-2.8246956677407833,58.78133925737861,33.65191387559809,2.0,0.5,262572.5,-11196.0,-3.4774182126517617,0.13418310308261133,2.130770290642544,0.2,0.0
2014-09-15,,,,1015.4,1020.8,1037.35,1037.8333333333333,1029.2946718619078,21.571428571428573,37.83783783783784,-6.400587423437173,-3.6523883786469926,-2.7481990447901805,1085.8312497667218,988.8687502332781,1037.35,96.96249953344375,-65.47619047619048,28.36710401434431,25.54190548638827,34.017501070256394,-30.338250414710213,12.582781456953642,27.483443708609272,20.770863110515734,5.455771371010321,998.0,1077.0,1002.0,0,0,512161.0,1033842,1035.5722386775515,0.875,0.125,0.625,30754500.0,-4.642525533890418,-6.963788300835638,1.3757757376409454,-1.8245487983944149,58.78133925737861,33.989589358010406,1.0,0.5,267540.55,-14858.0,-4.781073923550439,0.12079509567518013,2.1429901996716465,-0.1,0.0
2014-09-16,,,,1022.4,1019.1,1038.85,1037.4,1030.9808935893452,22.571428571428573,44.77611940298508,-4.171155200926478,-3.75614174310289,-0.415013457823588,1086.5299637936557,991.1700362063441,1038.85,95.35992758731163,-41.666666666666664,49.15831625647645,33.41404240975099,80.6468639499274,2.8473584271220056,17.40506329113924,26.265822784810126,21.047430583708774,33.01078018384185,998.0,1077.0,1002.0,0,0,535480.0,1749046,1036.4088313289012,0.84375,0.15625,0.625,22350125.0,-2.785515320334253,-6.963788300835638,1.5288738082863549,-1.8245487983944149,58.78133925737861,35.943621595795506,1.0,0.55,271981.25,-17740.0,-5.99508632721546,0.0978228588641757,2.112953884594019,-0.3,0.0
2014-09-17,,,,1028.4,1022.7,1039.65,1036.8833333333334,1032.6969989617885,22.357142857142858,42.78350515463917,-2.2173703519401897,-3.4483874648703496,1.23101711293016,1087.4534352431763,991.8465647568239,1039.65,95.60687048635236,-39.285714285714285,63.12935369479382,43.31914617143193,102.7497687415176,18.602049983135107,17.89137380191693,26.517571884984026,20.962700112905484,25.43492054828166,998.0,1077.0,1002.0,0,0,546677.7,2298898,1037.2455062035028,0.6428571428571429,0.35714285714285715,0.14285714285714285,39275142.85714286,-2.59981429897862,-6.963788300835638,0.8803535896886112,-1.8245487983944149,58.78133925737861,35.943621595795506,1.0,0.55,274205.55,-32312.0,-11.615960081820765,0.07958093472887814,2.2332608839942587,-0.6,1.0
2014-09-18,,,,1038.8,1026.3,1039.85,1036.5666666666666,1034.7258562035229,21.785714285714285,47.82608695652174,-0.2624976599774982,-2.8112095038917797,2.5487118439142815,1087.8687463392778,991.831253660722,1039.85,96.03749267855574,-16.417910447761194,74.27014384250623,53.636145395123364,115.53814073727196,24.35810610928392,18.0327868852459,26.557377049180328,21.02954503269158,45.73072828245045,998.0,1077.0,1002.0,0,0,543899.6,2765895,1037.5452471068804,0.8571428571428571,0.14285714285714285,0.35714285714285715,33356928.57142857,-2.135561745589565,-6.963788300835638,0.3121805073308731,-1.8245487983944149,58.78133925737861,35.943621595795506,1.0,0.55,274752.0,12435.0,5.057818162590455,0.07731753089437847,2.0584739776203227,-0.2,1.0
2014-09-19,,,,1045.2,1029.9,1040.1,1036.2,1036.085298469854,21.357142857142858,49.71751412429379,0.8732287814175379,-2.0743218468299163,2.947550628247454,1088.261570178942,991.9384298210576,1040.1,96.32314035788443,-23.880597014925375,78.82377405592369,62.032021615390136,112.40727893699079,19.57661690815356,18.394648829431436,23.076923076923077,20.40742521702338,53.343503572670514,1065.0,1077.0,1002.0,0,0,542397.15,2381715,1037.6035389689393,0.5454545454545454,0.45454545454545453,0.45454545454545453,34925454.54545455,-2.599814298978609,-6.963788300835638,0.3615576550553353,-1.8245487983944149,58.78133925737861,35.943621595795506,1.0,0.55,274806.6,-6161.0,-2.385284871385873,0.07707347903751058,1.9604503989263926,0.0,1.0
2014-09-22,,,,1047.8,1031.6,1038.8,1035.4166666666667,1036.4581271870106,21.785714285714285,43.02325581395349,1.0351429018105591,-1.452428897101821,2.4875717989123802,1085.3961371789112,992.2038628210888,1038.8,93.19227435782238,-36.36363636363637,76.68711373843189,66.91705232307072,96.22723656915423,-0.9576764721298092,18.0327868852459,27.86885245901639,20.509466033349913,39.59364019883192,1065.0,1077.0,1002.0,0,0,543506.85,1637307,1036.0547578501848,0.6,0.4,0.36,29776320.0,-3.435468895078886,-6.963788300835638,-1.187031211349656,-1.8245487983944149,58.78133925737861,35.943621595795506,1.0,0.55,273870.55,6383.0,2.531620467138107,0.07842722437375023,2.20378017429604,-0.1,0.0
2014-09-23,,,,1045.8,1034.1,1037.05,1034.9,1036.509734121581,20.571428571428573,59.67741935483871,0.9108859545194719,-0.9797659267775626,1.8906518812970345,1080.946888751951,993.153111248049,1037.05,87.7937775039021,-32.758620689655174,73.53853559573619,69.12421341395921,82.36717995929016,-12.737994493797148,19.097222222222218,22.569444444444446,21.059208223219485,100.00000000000001,1065.0,1077.0,1002.0,0,0,583846.45,416758,1034.464147180022,0.7352941176470589,0.2647058823529412,0.08823529411764706,35898500.0,-3.714020427112308,-6.963788300835638,-1.6451228191640968,-1.8245487983944149,59.23475394396044,35.943621595795506,1.0,0.5,276895.6,70356.0,27.21554732045459,0.08914736830824463,2.4318258989960917,-0.2,0.0
2014-09-24,,,,1050.4,1039.4,1037.25,1034.95,1039.8897594433352,21.642857142857142,67.53246753246754,3.595175970692935,-0.06477754728346308,3.6599535179763985,1081.7726140055886,992.7273859944114,1037.25,89.04522801117719,-0.0,82.3590237304908,73.53581685280308,100.00543748586625,59.31879432240198,26.73267326732673,18.48184818481848,21.23482975881029,100.0,998.0,1077.0,1002.0,0,0,620181.0,1579318,1035.6869082036803,1.0,0.0,1.0,33216000.0,-0.4642525533889885,-6.963788300835638,0.3041932004504176,-1.8245487983944149,59.82984757178306,35.943621595795506,2.0,0.5,277948.75,-20639.0,-6.2757320521786735,0.09202761790784143,2.7388750736054988,-0.2,0.0
2014-09-25,,,,1055.0,1046.9,1037.25,1035.0333333333333,1043.4240680677794,22.285714285714285,70.77922077922078,6.05614192671851,1.1594063475169316,4.896735579201579,1081.7726140055886,992.7273859944114,1037.25,89.04522801117719,-8.13953488372093,84.9986084129198,77.35674737284198,100.28233049307542,90.68220115664298,28.84615384615385,17.94871794871795,22.383949132587198,100.0,998.0,1077.0,1002.0,0,0,636501.6,2366808,1036.655730087717,0.7307692307692307,0.2692307692307692,0.19230769230769232,30288076.92307692,0.0,-6.963788300835638,0.12798282969999078,-1.8245487983944149,60.61355311355312,35.943621595795506,2.0,0.5,279101.95,15601.0,5.061463642527841,0.09722074107169829,2.863628275908712,-0.2,0.0
2014-09-26,,,,1053.2,1049.2,1036.15,1034.4166666666667,1043.0979663470384,24.642857142857142,54.696132596685075,4.963666343243176,1.9202583466621805,3.0434079965809957,1079.1593013195507,993.1406986804495,1036.15,86.01860263910112,-51.16279069767442,69.62870190490949,74.78073221686448,59.324641280999515,32.124970186950414,25.217391304347828,25.217391304347828,21.71430627544434,53.131207527443784,1084.0,1077.0,1002.0,0,0,664938.7,1363541,1036.462256646114,0.2653061224489796,0.7346938775510204,0.7551020408163265,20474836.734693877,-3.435468895078919,-6.963788300835638,-0.7693086328585924,-3.503357104460312,60.61355311355312,35.943621595795506,3.0,0.5,279309.8,-43795.0,-13.523987746732868,0.0971123776528389,3.275406535835598,-0.2,0.0
2014-09-29,,,,1052.8,1050.3,1035.55,1033.7166666666667,1042.6124457425585,23.928571428571427,57.558139534883715,3.8916280217940766,2.31453228168856,1.5770957401055168,1078.0778855884873,993.0221144115126,1035.55,85.05577117697476,-53.48837209302326,58.45617164031003,69.33921202467965,36.69009087157079,9.825625438186668,25.67164179104478,21.791044776119406,21.40545632036797,61.47157149977508,1084.0,1077.0,1002.0,0,0,675911.3,608581,1035.8588108627073,0.47368421052631576,0.5263157894736842,0.10526315789473684,39734736.84210526,-3.6211699164345412,-6.963788300835638,-0.36534892209522546,-3.503357104460312,60.61355311355312,35.943621595795506,3.0,0.5,277191.8,-41758.0,-14.91160096701507,0.10327642795600046,3.3331707603217366,0.1,0.0
2014-09-30,,,,1052.0,1048.9,1034.0,1033.0666666666666,1041.6969747194578,24.571428571428573,54.117647058823536,2.60850252183468,2.3733263297177842,0.23517619211689578,1074.3667398263276,993.6332601736725,1034.0,80.73347965265509,-59.30232558139535,48.69300331576225,62.45714245504052,21.164725037205713,-1.2824150748703598,25.0,22.96511627906977,19.50069441560607,51.44540450785647,1084.0,1077.0,1002.0,0,0,679730.85,132728,1035.0983560870698,0.5,0.5,0.25,23792650.0,-4.085422469823574,-6.963788300835638,-1.1783270290709238,-3.503357104460312,59.82984757178306,35.943621595795506,3.0,0.45,272792.8,-38850.0,-16.30441625153707,0.12223781822947309,3.0681178369103486,0.4,0.0
2014-10-01,,,,1045.6,1048.0,1035.35,1032.5333333333333,1041.5353580795095,23.714285714285715,61.87500000000001,2.1318827993957257,2.3250376236533725,-0.19315482425764685,1074.54868418839,996.1513158116096,1035.35,78.39736837678049,-52.38095238095238,45.42496517347112,56.779750027850724,22.715395464711918,9.120760703141073,23.79518072289157,20.48192771084337,17.914658215411702,74.05162049137482,1000.0,1077.0,1002.0,0,0,656378.85,407380,1035.4261926883637,0.7368421052631579,0.2631578947368421,0.3684210526315789,14455368.421052631,-3.435468895078919,-6.963788300835638,1.5853636075037463,-1.7566605890130225,60.003840245775734,35.943621595795506,2.0,0.5,268477.15,-16749.0,-8.39847765370132,0.14516578034077993,2.6144664237991027,0.4,-1.0
2014-10-02,,,,1038.2,1046.6,1036.45,1031.95,1041.3891335005087,23.285714285714285,57.931034482758626,1.7341678282607518,2.2068636645748487,-0.47269583631409695,1074.824744984527,998.0752550154731,1036.45,76.7494899690538,-61.111111111111114,43.24627307861037,52.26859104477061,25.201637146289883,13.651913484656134,24.23312883435583,20.858895705521473,14.713902159385102,60.99682178090498,1084.0,1077.0,1002.0,0,0,643002.8,407380,1036.3638604943349,0.5454545454545454,0.45454545454545453,0.0,24968363.636363637,-3.435468895078919,-6.963788300835638,1.3100882067694986,-1.7566605890130225,59.23475394396044,35.943621595795506,2.0,0.55,265327.35,0.0,0.0,0.16291942447666893,2.4288012206501657,0.2,-1.0
2014-10-03,,,,1038.2,1045.7,1037.8,1031.8166666666666,1041.2568350718889,22.928571428571427,54.81481481481482,1.4028051833174686,2.046051968323373,-0.6432467850059043,1074.5672623259234,1001.0327376740765,1037.8,73.53452465184682,-61.111111111111114,41.79381168203655,48.776997923859255,27.827439198391133,10.609679084961304,20.87227414330218,21.18380062305296,12.11037773767886,42.975538905715865,1084.0,1077.0,1002.0,0,0,631839.9,407380,1037.2117455439793,0.5454545454545454,0.45454545454545453,0.0,24968363.636363637,-3.435468895078919,-6.963788300835638,1.5942102354329457,-1.7566605890130225,59.23475394396044,35.943621595795506,2.0,0.6,261913.75,0.0,0.0,0.17928315424967764,2.0129685388418044,0.1,0.0
2014-10-06,,,,1038.6,1045.7,1038.65,1031.9666666666667,1041.1371364936138,22.0,46.95652173913044,1.1272041916004127,1.862282412978781,-0.7350782213783682,1074.7567131824264,1002.5432868175736,1038.65,72.21342636485281,-61.111111111111114,37.1521586076965,44.90205148513834,21.65237285281283,0.4115063121806894,14.285714285714285,24.675324675324678,12.565864280121925,14.90591146320672,1084.0,1077.0,1002.0,0,0,624407.05,407380,1037.688822432952,0.7368421052631579,0.2631578947368421,0.0,14455368.421052631,-3.435468895078919,-6.963788300835638,1.0465194029195688,-1.7566605890130225,59.23475394396044,36.453879413884216,2.0,0.65,257834.35,0.0,0.0,0.19460225041592438,1.6799831313012181,0.0,0.0
2014-10-09,,,,1036.6,1044.3,1039.2,1031.8333333333333,1039.4097901608886,23.071428571428573,40.0,-0.45769349925035385,1.3982872305329541,-1.855980729783308,1073.9053764983273,1004.4946235016729,1039.2,69.41075299665442,-84.72222222222223,26.330605738464335,38.711569569580334,1.5686780762323451,-22.60121770050994,14.241486068111454,25.386996904024763,13.18733139214659,0.0,1084.0,1077.0,1002.0,0,0,605677.65,72189,1038.8239383055768,0.10344827586206896,0.896551724137931,0.5862068965517241,11558310.344827587,-5.013927576601674,-6.963788300835638,0.7116924911557495,-1.7566605890130225,59.23475394396044,37.56308794982829,2.0,0.65,255191.9,25295.0,13.846617035252894,0.20136384590330375,1.525105462174445,-0.3,0.0
2014-10-10,,,,1035.8,1040.7,1040.05,1032.8333333333333,1039.085048240804,23.571428571428573,43.47826086956522,-0.6571695419481784,0.9871958760367276,-1.644365417984906,1073.4816270050744,1006.6183729949254,1040.05,66.86325401014903,-66.66666666666667,28.288200435812385,35.237113191657684,14.390374924121787,-27.312287883581448,13.333333333333332,25.757575757575754,14.091995583404486,11.300678774536786,1012.0,1077.0,1002.0,0,0,607965.1,550972,1039.302451297506,0.9047619047619048,0.09523809523809523,0.6190476190476191,22799190.476190478,-3.8068709377901633,-6.963788300835638,1.0215636418148701,-1.7566605890130225,59.23475394396044,38.631397354801614,2.0,0.65,252733.5,7720.0,3.7119846135352796,0.20603111895234957,1.6683580004871945,0.0,0.0
2014-10-13,,,,1032.4,1035.3,1041.1,1033.4333333333334,1037.553138884537,23.857142857142858,41.0958904109589,-1.843002116233265,0.42115627758272917,-2.264158393815994,1070.58612519378,1011.6138748062198,1041.1,58.972250387560166,-84.72222222222223,25.108800290541588,31.861008891285653,11.604383089053464,-47.97555677912932,13.173652694610778,25.449101796407184,15.555754380246555,3.560487833073224,1084.0,1077.0,1017.0,0,0,585547.95,135825,1041.0278533978303,0.14285714285714285,0.8571428571428571,0.9285714285714286,29653357.14285714,-5.013927576601684,-5.571030640668495,1.2706867230277035,-1.7246580601385662,59.23475394396044,39.765957446808514,2.0,0.65,248246.65,16531.0,7.664062681100625,0.1997980410133958,1.7252031346105305,-0.2,0.0
2014-10-14,,,,1029.0,1033.6,1041.4,1033.9666666666667,1036.1671256574382,23.642857142857142,43.795620437956195,-2.7510703483230827,-0.21328904759843326,-2.5377813007246495,1069.9612914346842,1012.838708565316,1041.4,57.122582869368216,-84.72222222222223,22.989200193694394,28.903739325421903,11.160121930239384,-48.75163251738105,15.407854984894259,20.543806646525677,15.0455502986139,12.331762604330255,1084.0,1077.0,1023.0,0,0,590037.8,135825,1041.8328286199064,0.13636363636363635,0.8636363636363636,0.0,32528863.636363637,-5.013927576601684,-5.013927576601684,0.4429576894143426,-1.7246580601385662,59.23475394396044,40.87671232876712,2.0,0.65,245758.6,28780.0,12.393099825170317,0.19328579221612935,1.9728779185264382,-0.2,0.0
2014-10-15,,,,1026.6,1032.6,1041.45,1034.4333333333334,1035.3893041662536,23.071428571428573,46.76258992805756,-3.032308190007825,-0.7770928760803116,-2.2552153139275135,1069.9084646550411,1012.991535344959,1041.45,56.916929310082196,-70.0,33.103911240240706,30.303796630361504,38.70414045999911,-78.95622690009111,15.789473684210526,21.98142414860681,15.621272390729434,21.97128373250768,1004.0,1077.0,1023.0,0,0,605555.7,938255,1041.1956241735209,0.9230769230769231,0.07692307692307693,0.19230769230769232,30862692.307692308,-4.549675023212652,-5.013927576601684,0.15951563149042694,-1.7246580601385662,59.23475394396044,41.21352836467766,2.0,0.65,243249.3,-15283.0,-5.855420948177437,0.18916925048411992,2.325303533013753,-0.3,0.0
2014-10-16,,,,1027.0,1031.8,1040.35,1035.0166666666667,1034.3998466266105,21.571428571428573,28.037383177570092,-3.457411248991775,-1.3131565506626044,-2.1442546983291706,1069.5950625611645,1011.1049374388353,1040.35,58.49012512232912,-73.75,37.624829715716025,32.74414099214634,47.386207162855385,-53.786233452585165,9.271523178807946,23.509933774834433,17.420284408719557,0.0,1084.0,1077.0,1023.0,0,0,588375.75,566650,1040.798163730122,0.42857142857142855,0.5714285714285714,0.21428571428571427,26543214.285714287,-4.828226555246074,-5.013927576601684,-1.2125692357516504,-1.7246580601385662,59.23475394396044,41.21352836467766,2.0,0.6,241709.15,1643.0,0.6686390773350537,0.1873940293933245,2.3034152883450725,-0.3,0.0
2014-10-17,,,,1023.8,1029.8,1038.9,1034.9833333333333,1033.0284326621713,20.642857142857142,23.36448598130842,-4.1499289020532615,-1.8805110209407359,-2.269417881112526,1069.196082776076,1008.6039172239242,1038.9,60.59216555215187,-77.77777777777777,36.9350716623292,34.1411178822073,42.522979222573014,-64.6307016364834,5.536332179930795,25.951557093425603,20.387962523168706,0.0,1084.0,1077.0,1020.0,0,1,580305.55,178202,1039.8101310306843,0.38461538461538464,0.6153846153846154,0.38461538461538464,29880615.384615384,-5.292479108635117,-5.292479108635117,-1.630258226541543,-1.7246580601385662,59.23475394396044,41.21352836467766,2.0,0.55,241499.15,-5709.0,-2.307916205137328,0.18751347066475646,2.1809578961137417,-0.4,0.0
2014-10-20,,,,1022.2,1027.3,1036.95,1034.9166666666667,1031.3114390752978,18.571428571428573,33.33333333333333,-5.044067474656458,-2.5132223116838803,-2.530845162972578,1068.1604908137951,1005.7395091862049,1036.95,62.42098162759021,-75.55555555555556,32.771529256367614,33.68458834026074,30.945411088581366,-74.24688195446403,6.153846153846153,20.384615384615383,24.21819026643993,25.88604075029068,1084.0,1077.0,1015.0,0,1,587517.5,-433034,1038.140088961889,0.42857142857142855,0.5714285714285714,0.23809523809523808,29106476.19047619,-5.75673166202415,-5.75673166202415,-2.236698728029443,-1.7246580601385662,59.23475394396044,41.21352836467766,2.0,0.5,243717.15,60995.0,25.2403199576259,0.19365130587745374,2.2273408554377765,-0.4,0.0
2014-10-21,,,,1020.6,1024.8,1035.25,1034.9333333333334,1029.7579686871743,18.214285714285715,34.24657534246576,-5.687121142939077,-3.14800207793492,-2.539119065004157,1067.387042080442,1003.1129579195582,1035.25,64.27408416088372,-75.55555555555556,29.99583431905989,32.455003666527126,25.07749562412542,-69.43954164078012,6.274509803921568,20.784313725490193,27.464410821930375,28.257450305325904,1084.0,1077.0,1015.0,0,0,587113.85,-433034,1037.0545030860142,0.5,0.5,0.0,26864785.714285713,-5.75673166202415,-5.75673166202415,-1.9448740462740701,-1.7246580601385662,59.23475394396044,41.21352836467766,2.0,0.45,246475.2,4640.0,1.533113939441999,0.19993687178579655,1.9237621704370766,-0.4,0.0
2014-10-22,,,,1019.8,1023.2,1034.45,1035.1,1029.2095907169673,17.857142857142858,44.15584415584415,-5.4081789042097625,-3.6000374431898887,-1.8081414610198738,1066.8843872098748,1002.0156127901254,1034.45,64.86877441974946,-55.55555555555556,37.54108252849606,34.15036328718344,44.32252101112131,-46.19020702122233,8.0,18.8,30.039845337663397,53.988783853792164,1004.0,1077.0,1015.0,0,0,566637.3,-98157,1036.4763990122076,0.8666666666666667,0.13333333333333333,0.6,22325133.333333336,-4.9210770659238845,-5.75673166202415,-0.8569298129830211,-1.7246580601385662,59.23475394396044,42.47539169433281,2.0,0.4,246729.95,-43683.0,-14.2154693255926,0.20004907004040554,1.5247156271583329,-0.4,0.0
2014-10-23,,,,1019.2,1023.1,1033.7,1035.3833333333334,1028.5229630296371,17.214285714285715,37.5,-5.287546906296939,-3.937539335811299,-1.3500075704856398,1066.5768035326153,1000.8231964673848,1033.7,65.75360706523043,-60.0,40.81686203654124,36.372529536969374,49.705527035684966,-33.8580530802788,8.71369294605809,19.50207468879668,32.23643826054684,40.893622972217024,1049.0,1077.0,1015.0,0,0,516299.15,-311943,1036.7728076510166,0.3,0.7,0.2,21378600.0,-5.106778087279496,-5.75673166202415,-0.7999901985202867,-1.7246580601385662,59.23475394396044,42.47539169433281,2.0,0.4,242247.0,-24398.0,-9.255374437139851,0.1874928396506223,1.4030087071949768,-0.1,0.0
2014-10-24,,,,1020.6,1022.2,1031.45,1035.6166666666666,1028.3779189315765,17.5,41.55844155844156,-4.733917313558322,-4.096814931360704,-0.6371023821976181,1059.0217246467437,1003.8782753532563,1031.45,55.14344929348738,-48.888888888888886,47.38667995418538,40.04391300937471,62.07221384380672,-30.303067743192027,8.571428571428571,21.22448979591837,34.73520684821674,57.849810326147534,1004.0,1077.0,1015.0,0,0,470809.35,-59179,1033.5031678250798,0.8666666666666667,0.13333333333333333,0.3333333333333333,16850933.333333336,-4.64252553389044,-5.75673166202415,-3.2701267987354705,-1.7246580601385662,59.23475394396044,42.538492435399654,1.0,0.35,238684.15,-2237.0,-0.9351576641542403,0.1788286882109011,1.294847997293696,-0.3,0.0
2014-10-27,,,,1024.0,1023.1,1029.2,1035.5833333333333,1028.722879033331,17.428571428571427,45.12195121951219,-3.8473537601187218,-4.046922697112308,0.19956893699358602,1046.5823867295862,1011.8176132704137,1029.2,34.76477345917249,-37.77777777777778,60.75778663612358,46.948537551624334,88.3762848051221,11.927333520768968,11.475409836065575,21.311475409836067,36.82515393816383,92.22377187602393,1004.0,1040.0,1015.0,0,0,442714.55,166415,1029.935082925706,0.6,0.4,0.5,22559400.0,-0.7692307692307776,-5.75673166202415,-3.251832718568875,-1.7246580601385662,59.23475394396044,42.538492435399654,1.0,0.35,234401.1,1197.0,0.5051187050056027,0.160819245766171,1.0803666641603658,0.1,0.0
2014-10-28,,,,1026.4,1023.5,1028.55,1035.4166666666667,1028.558795315871,16.785714285714285,42.52873563218391,-3.5077685970520633,-3.939091877100259,0.43132328004819565,1045.188256487481,1011.9117435125188,1028.55,33.276512974962316,-48.888888888888886,63.83852442408239,52.57853317577701,86.35850692069315,-3.698376088419383,11.914893617021278,20.0,36.729915842925735,81.90513938433081,1049.0,1040.0,1015.0,0,0,398347.5,50489,1027.6691616825342,0.4,0.6,0.5,11592600.0,-1.2500000000000067,-5.75673166202415,-1.410542892358292,-1.2738157113157145,59.23475394396044,42.33467681743544,0.0,0.3,231929.15,-7573.0,-3.1796482359313316,0.15580085163686844,0.9361224484495683,0.2,0.0
2014-10-29,,,,1026.8,1023.3,1027.95,1035.3666666666666,1028.3151005238833,15.428571428571429,52.11267605633803,-3.2815093542271825,-3.807575372525644,0.5260660182984616,1044.0087736307028,1011.8912263692973,1027.95,32.117547261405434,-42.10526315789474,64.78123850494381,56.64610161883262,81.05151227716621,-11.084036210906842,11.11111111111111,19.90740740740741,36.74657362544173,100.0,1049.0,1040.0,1015.0,0,0,367562.2,-88765,1026.5423509726154,0.5,0.5,0.1,13925400.0,-1.3461538461538525,-5.75673166202415,-1.301364885870763,-1.2738157113157145,59.23475394396044,42.33467681743544,0.0,0.25,230943.75,-12027.0,-5.215569952905053,0.1568394938124215,0.8094736675749941,0.4,0.0
2014-10-30,,,,1029.2,1024.2,1028.0,1035.5333333333333,1028.8565195216086,14.571428571428571,48.484848484848484,-2.428667960512712,-3.531793890123058,1.103125929610346,1044.1310423194418,1011.8689576805581,1028.0,32.26208463888372,-21.05263157894737,74.29860344774032,62.53026889513519,97.83527255295057,24.094450821221123,13.23529411764706,19.607843137254903,35.86229072102692,87.38067488067486,1004.0,1040.0,1015.0,0,0,348802.2,11888,1026.1661756051615,1.0,0.0,0.8888888888888888,11183666.666666666,-0.576923076923086,-5.75673166202415,0.16272201144965937,-1.2738157113157145,58.78133925737861,42.33467681743544,0.0,0.3,231968.65,1356.0,0.6203933733203382,0.153324703783781,0.7222641508431585,0.5,0.0
2014-10-31,,,,1031.0,1025.8,1027.8,1035.35,1029.5368509957411,14.714285714285714,61.81818181818181,-1.5732660940925598,-3.1400883309169587,1.566822236824399,1043.3948709515607,1012.2051290484392,1027.8,31.189741903121558,-27.272727272727273,72.86573563182688,65.97542447403242,86.6463579474158,73.36829253449527,19.902912621359224,19.417475728155342,33.68026373279839,100.0,1004.0,1040.0,1015.0,0,0,349171.35,293923,1026.2314777544034,0.29411764705882354,0.7058823529411765,0.11764705882352941,16590294.11764706,-0.38461538461539435,-5.75673166202415,-0.39659266812067645,-1.2738157113157145,58.78133925737861,42.33467681743544,0.0,0.3,233064.3,-15334.0,-6.972313540402042,0.14709498080279915,0.7846412641809156,0.5,0.0
2014-11-03,,,,1033.4,1028.7,1028.0,1035.35,1030.9142937580514,14.214285714285714,66.66666666666666,-0.2469738500983567,-2.561465434753239,2.314491584654882,1044.3385240587052,1011.6614759412948,1028.0,32.67704811741032,-9.090909090909092,78.30688681761431,70.08591192189306,94.74883660905681,89.63499423337237,17.08542713567839,19.597989949748744,33.14909236013973,100.0,1004.0,1044.0,1015.0,1,0,342291.7,430982,1025.9881410601934,0.8,0.2,0.5333333333333333,9137266.666666666,0.0,-5.75673166202415,0.4855541606090519,-1.2738157113157145,58.78133925737861,42.33467681743544,0.0,0.3,234202.55,852.0,0.4164365349743182,0.14035084447998494,0.728629048072968,0.5,0.0
2014-11-04,,,,1037.2,1031.8,1028.3,1035.4,1032.351027685856,13.571428571428571,65.0,0.9545026812370452,-1.8582718115551822,2.8127744927922276,1045.7488726825138,1010.8511273174862,1028.3,34.89774536502762,-23.076923076923077,76.44701545416711,72.2062797659844,84.92848683053253,120.86678994560071,23.68421052631579,12.105263157894736,34.289056542534,96.15107913669067,1004.0,1046.0,1015.0,1,0,337921.25,618225,1026.0513431260488,0.29411764705882354,0.7058823529411765,0.11764705882352941,11014294.11764706,0.0,-5.75673166202415,0.7002759909291579,-1.2738157113157145,58.78133925737861,42.33467681743544,0.0,0.3,235423.05,1645.0,0.8007009175205138,0.13282914031320717,0.8089177328608848,0.6,0.0
2014-11-05,,,,1036.8,1031.8,1027.5,1035.0666666666666,1031.5556917157746,14.357142857142858,49.36708860759494,0.12996716953421128,-1.4606240153373036,1.5905911848715149,1044.138572813165,1010.861427186835,1027.5,33.27714562632991,-65.38461538461539,58.54043454520232,67.65099802572371,40.31930758415953,12.003255138871292,20.8955223880597,21.393034825870647,31.27063705352628,60.049175849194064,1058.0,1046.0,1015.0,0,0,336821.2,365574,1025.7405468638356,0.13043478260869565,0.8695652173913043,0.9565217391304348,10984826.086956521,-2.103250478011476,-5.75673166202415,-1.3787492136426802,-1.658047139285194,58.08395802098951,42.33467681743544,0.0,0.25,235477.1,-23329.0,-11.265150417692793,0.13239448628664327,0.9564733466858664,0.6,0.0
2014-11-06,,,,1033.4,1031.3,1027.2,1034.8833333333334,1030.1694353618914,14.285714285714286,48.148148148148145,-1.075922102250388,-1.3836836327199207,0.3077615304695327,1044.3875107654255,1010.0124892345744,1027.2,34.375021530851086,-78.84615384615384,39.82060715711901,58.374201069522144,2.713419332312725,-41.60166536252504,21.0,22.0,26.805666807825133,44.44444444444446,1058.0,1046.0,1015.0,0,0,326620.5,234397,1025.37919583533,0.08333333333333333,0.9166666666666666,0.5833333333333334,10931416.666666666,-2.7724665391969383,-5.75673166202415,-0.5356914278252373,-1.2972474659855187,58.08395802098951,42.33467681743544,0.0,0.25,234130.25,-2723.0,-1.4818160545491121,0.14076563917602206,1.0098567839261121,0.5,0.0
2014-11-07,,,,1030.2,1030.6,1026.4,1034.7833333333333,1029.200917708378,13.642857142857142,53.164556962025316,-1.7691296843920554,-1.4607728430543476,-0.3083568413377078,1043.3507025159815,1009.4492974840186,1026.4,33.901405031962895,-76.0,31.092525983533882,49.280309374192726,-5.283040797783798,-39.9289659678007,21.98952879581152,19.3717277486911,23.42751863055753,58.35264753075415,1008.0,1046.0,1015.0,0,0,307994.5,340660,1024.901335629911,0.5,0.5,0.25,8855250.0,-2.48565965583174,-5.75673166202415,-1.6415048938058152,-1.2972474659855187,58.08395802098951,42.33467681743544,0.0,0.25,232187.2,-4204.0,-2.32216440747246,0.15148412850709486,0.8543372153963811,0.5,0.0
2014-11-10,,,,1027.4,1030.4,1026.75,1034.8333333333333,1029.2770207837707,13.5,58.42696629213483,-1.4943592181568874,-1.4674901180748556,-0.026869100082031805,1043.694180805035,1009.8058191949648,1026.75,33.88836161007032,-59.57446808510638,32.84956277690138,43.80339384176228,10.94190064717958,3.584308663968909,25.396825396825395,19.576719576719576,20.52166063518547,71.74959871589087,1008.0,1046.0,1015.0,0,0,292498.0,445877,1024.8434545421392,0.8333333333333334,0.16666666666666666,0.8333333333333334,8768083.333333334,-1.5296367112810794,-5.75673166202415,0.8177776312784899,-0.7545765864005736,58.480703468490475,42.33467681743544,0.0,0.3,228857.15,-11209.0,-6.338713143400021,0.16688144426475118,0.8479652414585368,0.2,0.0
2014-11-11,,,,1027.0,1032.1,1027.8,1035.0833333333333,1030.6792092805545,13.571428571428571,60.638297872340424,-0.14524436035821964,-1.2030409665315285,1.0577966061733088,1046.2972259654491,1009.3027740345508,1027.8,36.99445193089832,-31.818181818181817,44.62698124520698,44.07792297624384,45.725097783133236,76.11312284118745,30.52631578947369,19.473684210526315,19.222143184843194,79.33130699088147,1008.0,1046.0,1015.0,0,0,266992.8,651408,1024.9976144175673,0.8461538461538461,0.15384615384615385,1.0769230769230769,15810076.923076924,-0.19120458891014325,-5.75673166202415,2.1604163886523753,-0.7545765864005736,58.78133925737861,42.33467681743544,0.0,0.35,224770.2,13642.0,8.236679245283018,0.17322973967964056,0.8964342977918045,0.2,0.0
2014-11-12,,,,1031.0,1033.9,1028.6,1035.8,1031.9478560157397,13.642857142857142,61.95652173913044,0.9134096662403408,-0.7797508399771547,1.6931605062174955,1048.4669257017272,1008.7330742982728,1028.6,39.73385140345442,-31.818181818181817,52.47859355741071,46.87814650329946,63.67948766563322,73.83044194743746,29.319371727748692,19.3717277486911,17.95034414264567,81.24062968515747,1058.0,1046.0,1015.0,0,0,232000.7,651408,1026.1298780564025,0.7272727272727273,0.2727272727272727,0.0,9326181.818181818,-0.19120458891014325,-5.75673166202415,1.6661061489802522,-0.7545765864005736,59.23475394396044,42.33467681743544,0.0,0.4,221659.6,4244.0,2.3674184317247438,0.178892836392755,0.7332623051380356,0.1,0.0
2014-11-13,,,,1038.2,1035.8,1030.0,1036.4,1033.9528221094788,13.928571428571429,63.541666666666664,2.4503789501422943,-0.13372488195326482,2.5841038320955594,1052.562194741975,1007.437805258025,1030.0,45.124389483949926,-15.217391304347826,63.246598603491194,52.33429720336338,85.07120140374684,101.23127061683537,35.38461538461539,16.41025641025641,17.533766281337034,87.05357142857144,1014.0,1053.0,1015.0,1,0,223179.9,846597,1027.270565210696,0.631578947368421,0.3684210526315789,0.47368421052631576,10273105.263157895,0.0,-5.75673166202415,2.815952437272325,-0.7545765864005736,59.86959505833906,42.33467681743544,0.0,0.45,218846.2,7587.0,4.134357068513594,0.1815406730154615,0.792627341083947,0.2,0.0
2014-11-14,,,,1043.2,1036.7,1031.25,1036.6,1035.0049342895286,14.071428571428571,56.56565656565656,2.988455979408627,0.49071129031911365,2.4977446890895134,1054.245422885437,1008.2545771145631,1031.25,45.990845770873875,-32.608695652173914,64.62816718493616,56.43225386388764,81.0199938270332,67.95291234483186,31.472081218274116,16.243654822335024,17.670544396838558,58.15295815295815,1060.0,1053.0,1015.0,0,0,207820.65,765334,1028.2227801552285,0.36363636363636365,0.6363636363636364,0.7272727272727273,7387545.454545455,-0.7597340930674212,-5.75673166202415,2.493649258136359,-0.8269099123146239,59.86959505833906,42.33467681743544,0.0,0.5,215249.65,-21372.0,-11.18379051586097,0.189534784111103,0.7682013083626229,0.4,1.0
2014-11-17,,,,1017.2,1022.3,1025.5,1034.1,1022.1473215000497,24.714285714285715,23.430962343096226,-8.190981743866132,-1.2456273165179357,-6.945354427348196,1088.433548914257,962.5664510857429,1025.5,125.86709782851415,-91.95402298850574,45.76743712712219,52.87731495163249,31.54768147810158,-200.10529887960703,17.91907514450867,53.179190751445084,19.40341315409756,0.0,1060.0,1053.0,900.0,0,1,196741.55,375680,1017.4569731203195,0.4827586206896552,0.5172413793103449,5.0,13436344.827586206,-14.529914529914523,-14.529914529914523,-2.677263647388922,-2.691867858417121,59.86959505833906,41.49534081737472,1.0,0.5,210534.15,38616.0,22.751964931713474,0.16735716471006862,1.0151990972217608,0.3,0.0
2014-11-18,,,,985.4,1006.2,1019.0,1031.45,1009.0856718333782,25.642857142857142,22.134387351778656,-18.053037148211047,-4.607109282856558,-13.445927865354488,1107.9683562905846,930.0316437094154,1019.0,177.9367125811691,-99.43181818181819,30.701018690808738,45.485216198024574,1.1326236763770652,-147.2171996197728,17.270194986072426,51.25348189415042,20.920219366935807,0.0,1060.0,1053.0,885.0,0,1,191309.85,108207,1008.9283301408683,0.043478260869565216,0.9565217391304348,0.6521739130434783,11629260.869565219,-15.954415954415946,-15.954415954415946,-3.080151325960633,-2.691867858417121,59.86959505833906,41.21352836467766,1.0,0.5,205224.5,-7243.0,-3.476495377792288,0.13108691550261428,1.051908820680268,0.2,0.0
2014-11-19,,,,951.6,991.3,1011.55,1028.2666666666667,996.315607849247,26.928571428571427,18.823529411764696,-26.371706913458866,-8.96002880897702,-17.411678104481844,1121.285519365983,901.814480634017,1011.55,219.47103873196602,-92.96482412060301,22.812404420338154,37.9276122721291,-7.418011283243743,-127.223340464373,15.649867374005307,54.907161803713535,23.50851312905966,0.0,1060.0,1053.0,875.0,0,1,187118.95,-142852,998.9007855698206,0.5185185185185185,0.48148148148148145,0.37037037037037035,9298481.481481481,-16.904083570750227,-16.904083570750227,-3.594646538571044,-2.691867858417121,59.23475394396044,40.87671232876712,1.0,0.5,200598.85,-30003.0,-14.919517252696435,0.12037719793151232,1.2335744902566124,0.3,-1.0
2014-11-20,,,,917.8,978.0,1004.65,1025.1333333333334,985.6188832921758,27.0,20.992366412213727,-31.870702234796,-13.542163494140816,-18.328538740655183,1128.1145058732345,881.1854941267654,1004.65,246.9290117464691,-88.44221105527639,19.060865928466644,31.63869682424162,-6.094795863083306,-102.05272108222887,11.904761904761905,54.761904761904766,28.012166442236783,4.533224877987728,861.0,1053.0,875.0,0,0,184187.15,12298,992.4469621433055,0.8888888888888888,0.1111111111111111,0.5,8619444.444444446,-16.049382716049376,-16.904083570750227,-3.270459204885127,-2.691867858417121,58.89200561009818,39.765957446808514,1.0,0.5,197229.8,734.0,0.4289989245803483,0.11741132615712267,1.20987837982664,0.3,-1.0
2014-11-21,,,,883.2,963.2,996.9,1021.8666666666667,974.7980372643495,27.142857142857142,17.669172932330824,-36.773097973908534,-18.18835039009436,-18.584747583814174,1133.2446098368928,860.5553901631072,996.9,272.6892196737856,-94.47236180904522,14.549790015962689,25.942394554815312,-8.235419061742554,-89.17146843593943,12.368421052631579,54.47368421052632,32.02236722193385,0.0,1060.0,1053.0,872.0,0,1,180949.25,-175708,984.2922767018929,0.058823529411764705,0.9411764705882353,0.7058823529411765,11059176.470588235,-17.18898385565051,-17.18898385565051,-3.7321174175657092,-2.691867858417121,58.67705690467561,38.631397354801614,1.0,0.5,194105.85,2665.0,1.5509515218529835,0.11169388779449434,1.3296063418015693,0.0,0.0
2014-11-24,,,,875.6,946.4,988.4,1018.2833333333333,964.0553670486972,27.071428571428573,16.423357664233563,-40.992660470661576,-22.749212406207803,-18.243448064453773,1136.2425905446157,840.5574094553842,988.4,295.6851810892315,-97.05882352941177,10.68025216750454,20.855013759045057,-9.669271015576498,-85.94422869820258,9.49868073878628,58.57519788918206,34.860944513315516,0.0,1060.0,1053.0,862.0,0,1,177521.95,-332756,975.9381296228438,0.4,0.6,0.6666666666666666,10469866.666666666,-18.13865147198479,-18.13865147198479,-4.149094873889457,-2.691867858417121,58.03022084463387,37.770270270270274,1.0,0.45,191267.6,6911.0,3.960571936158619,0.10027581067971846,1.128699382817834,0.0,-1.0
2014-11-25,,,,869.2,927.3,979.7,1014.8,953.4786654250117,26.571428571428573,17.241379310344826,-44.549381395802584,-27.109246204126762,-17.44013519167582,1138.0814183678312,821.3185816321688,979.7,316.7628367356624,-99.51923076923077,7.280424521926104,16.330150680005406,-10.8190277942325,-78.11950013173711,9.67741935483871,55.3763440860215,39.79462046303424,1.7361014506463317,1060.0,1053.0,853.0,0,1,179998.95,-498222,968.86690014951,0.05555555555555555,0.9444444444444444,0.5,9192555.555555554,-18.993352326685642,-18.993352326685642,-4.288062749404301,-2.691867858417121,58.03022084463387,37.29281767955801,1.0,0.45,189736.65,18573.0,10.238360362942789,0.08943743650143465,1.0281714904903985,-0.3,0.0
2014-11-26,,,,867.8,909.7,971.8,1011.7666666666667,945.3378401464391,27.214285714285715,22.30483271375465,-45.631719654579,-30.81374089421721,-14.81797876036179,1136.1085672238464,807.4914327761534,971.8,328.61713444769305,-90.56603773584905,8.121590204159887,13.593963854723567,-2.823157096967474,-67.68281038355181,9.448818897637796,53.80577427821522,44.63739902963796,12.4823559547041,848.0,1053.0,853.0,0,0,181145.05,-336046,961.8721415977601,0.9523809523809523,0.047619047619047616,0.7142857142857143,7722666.666666667,-17.56885090218423,-18.993352326685642,-3.772464683123163,-2.691867858417121,58.03022084463387,36.0205857867252,1.0,0.45,188171.9,-12703.0,-6.352166977532637,0.08266213028163247,0.9078946323114658,-0.5,0.0
2014-11-27,,,,864.0,890.9,963.35,1008.45,937.6866172753497,26.928571428571427,21.18959107806691,-46.19900211197273,-33.89079313776832,-12.308208974204412,1131.5269431596425,795.1730568403574,963.35,336.35388631928515,-91.98113207547169,13.872104912225993,13.68667754055771,14.242959655562558,-59.376347539271336,9.549071618037138,53.84615384615385,49.17635353416632,10.115459393050859,1060.0,1053.0,853.0,0,0,180585.2,-425502,957.5297708043995,0.625,0.375,0.375,11182000.0,-17.85375118708451,-18.993352326685642,-4.068634718197489,-2.691867858417121,57.632718524458696,34.06392694063928,1.0,0.4,186460.4,-1579.0,-0.8431406053098112,0.07316499805069028,0.8236553683127879,-0.6,0.0
2014-11-28,,,,865.4,874.3,955.5,1006.2166666666667,932.0974156300782,27.357142857142858,22.34432234432235,-45.00016070836989,-36.11266665188864,-8.887494056481252,1124.05484817145,786.94515182855,955.5,337.10969634289995,-85.37735849056604,26.762194235269305,18.045183105461575,44.196216494884766,-47.95592006501538,11.488250652741513,53.00261096605744,52.85001733166912,12.56616547886521,848.0,1053.0,853.0,0,0,174009.75,-274976,947.4118581477953,0.8333333333333334,0.16666666666666666,0.7777777777777778,8362555.555555555,-16.524216524216506,-18.993352326685642,-3.676700503145549,-2.691867858417121,57.632718524458696,32.27414330218068,1.0,0.35,184935.05,-11611.0,-6.252658901328512,0.07141320574458494,0.7811024559860682,-0.5,0.0
2014-12-01,,,,869.0,872.3,947.3,1003.9166666666666,927.1357569986423,27.214285714285715,18.461538461538453,-43.468303076391976,-37.583793936789306,-5.88450913960267,1113.6694050820752,780.9305949179246,947.3,332.73881016415055,-84.90566037735849,44.508129490179535,26.86616523370089,79.79205800313683,-40.997173527333445,8.923884514435695,53.28083989501312,56.36449974022215,4.32566626531449,848.0,1053.0,853.0,0,0,176876.4,-80584,940.0448443093595,0.5714285714285714,0.42857142857142855,0.07142857142857142,13885142.857142856,-16.429249762583076,-18.993352326685642,-3.8505581657439056,-2.691867858417121,57.632718524458696,27.11609901067532,1.0,0.3,183324.75,-847.0,-0.4865411348414006,0.06829404652964835,0.8323777336778424,-0.4,1.0
2014-12-02,,,,870.8,870.0,938.1,1001.4,920.9323515702001,28.5,17.26618705035972,-43.20866187667821,-38.70876752476709,-4.4998943519111165,1101.8172144760124,774.3827855239876,938.1,327.43442895202475,-93.39622641509433,41.33875299345303,31.69036115361827,60.635536673122544,-46.44615485668279,8.270676691729324,56.14035087719298,60.21371107029203,1.7887513452204598,1060.0,1053.0,853.0,0,0,177262.8,-275555,930.0518416723644,0.4782608695652174,0.5217391304347826,0.782608695652174,8477000.0,-18.13865147198479,-18.993352326685642,-4.388490114606523,-2.691867858417121,57.632718524458696,23.417667070738666,1.0,0.25,181214.35,-8357.0,-4.823971507570468,0.06534923004497113,0.9033919744006264,-0.1,0.0
2014-12-03,,,,873.0,870.4,930.85,999.0,916.9387942778001,29.285714285714285,19.580419580419573,-41.15670752503149,-39.19835552481997,-1.9583520002115193,1091.36138670871,770.3386132912901,930.85,321.0227734174198,-84.80392156862744,51.0440171471505,38.14157981812901,76.84889180519347,-31.445877171433025,9.26829268292683,54.63414634146341,62.66790414499753,7.864676420099336,848.0,1053.0,853.0,0,0,172581.85,-116523,920.4849004496513,0.38095238095238093,0.6190476190476191,0.8095238095238095,7572952.380952381,-16.524216524216516,-18.993352326685642,-3.353614091541724,-2.6369617224880417,57.632718524458696,23.160453253911207,1.0,0.25,180195.3,-1502.0,-0.910954500794503,0.06921225780691105,0.9248747702992492,-0.1,0.0
2014-12-04,,,,877.0,870.5,924.25,996.8833333333333,913.8970043465811,29.142857142857142,21.83098591549296,-38.60139619510858,-39.0789636588777,0.4775674637691196,1080.64878179629,767.8512182037101,924.25,312.7975635925799,-44.776119402985074,62.05964779507003,46.11426914377601,93.95040509765806,-26.41670833316987,9.313725490196079,54.90196078431373,65.459152201797,77.16799818304042,848.0,1053.0,853.0,0,0,172830.5,19627,915.2192248088927,0.8,0.2,0.6,13615000.0,-15.954415954415936,-18.993352326685642,-3.0148563694124664,-2.6369617224880417,57.632718524458696,22.33642441820881,1.0,0.25,180032.3,14398.0,8.812584159627868,0.06932883588689805,0.9816971304616251,0.0,1.0
2014-12-05,,,,877.8,871.6,917.4,994.6166666666667,910.9544325040496,18.928571428571427,43.97163120567376,-36.3190138574754,-38.52697369859724,2.2079598411218413,1068.0357055597003,766.7642944402996,917.4,301.2714111194007,-40.67796610169491,66.19579356550767,52.808110617686566,92.97115946114988,-21.183211151643057,17.358490566037737,26.037735849056606,63.345331063585604,100.0,907.0,1053.0,853.0,0,0,178440.05,-198827,910.2903441987005,0.25,0.75,0.125,13653375.0,-16.144349477682795,-18.993352326685642,-3.143791609430548,-2.6369617224880417,57.632718524458696,22.33642441820881,1.0,0.25,180237.3,3156.0,1.77524778094027,0.06912989781281191,1.0502378987864205,-0.1,0.0
2014-12-08,,,,878.8,873.9,910.15,992.6666666666666,908.4825817893782,18.5,50.0,-33.957386511951086,-37.613056261268014,3.655669749316928,1051.6476659654822,768.6523340345177,910.15,282.99533193096454,-21.27659574468085,70.37166379544483,58.66262834360599,93.78973469912253,-20.823002473229472,17.76061776061776,29.343629343629345,61.55937877783324,100.0,848.0,1053.0,853.0,0,0,180458.0,-53251,905.6833418302319,0.8823529411764706,0.11764705882352941,0.11764705882352941,8563294.11764706,-15.954415954415936,-18.993352326685642,-3.338340928916394,-2.6369617224880417,57.632718524458696,22.33642441820881,1.0,0.2,180461.0,-10835.0,-5.9883714503631165,0.06772386881805463,0.9969835038642767,-0.1,0.0
2014-12-09,,,,882.8,876.8,902.05,990.4166666666666,905.9604311427707,17.285714285714285,52.892561983471076,-31.95944615278586,-36.482334239571585,4.522888086785727,1029.094915389443,775.005084610557,902.05,254.08983077888604,-27.659574468085108,70.39929101514504,62.574849234119,86.04817457719713,-14.281992284315365,20.24793388429752,21.90082644628099,57.86526955519681,100.0,895.0,1053.0,853.0,0,0,176607.4,-181770,897.020485834682,0.2,0.8,0.3,12851900.0,-16.239316239316224,-18.993352326685642,-3.782506317940528,-2.6369617224880417,57.632718524458696,22.33642441820881,1.0,0.15,180153.7,3022.0,1.7766124433418184,0.06844104101134148,0.9089589206989995,-0.4,0.0
2014-12-10,,,,885.2,879.1,894.4,988.15,904.5356281767927,17.214285714285715,52.892561983471076,-29.31194933403492,-35.048257258464254,5.736307924429333,1002.4631394382842,786.3368605617158,894.4,216.12627887656845,-8.51063829787234,77.23589097979365,67.46186314934388,96.78394664069319,-7.635715663998448,21.16182572614108,24.066390041493776,53.73214841683322,100.0,848.0,1053.0,853.0,0,0,183420.85,57087,892.2392206229554,0.9411764705882353,0.058823529411764705,0.5294117647058824,14050411.764705883,-15.384615384615374,-18.993352326685642,-3.5141923645633475,-2.6369617224880417,57.632718524458696,22.33642441820881,1.0,0.1,180096.45,9245.0,5.340195585746388,0.06838640245586046,0.9762349159024133,-0.1,0.0
2014-12-11,,,,886.6,881.8,886.35,985.5666666666667,903.3417588266219,16.928571428571427,59.09090909090909,-26.8238883012923,-33.40338346702986,6.579495165737562,964.5192495738715,808.1807504261285,886.35,156.33849914774305,-13.72549019607843,79.96281620875132,71.62884750247969,96.63075362129459,7.705070920868267,23.628691983122366,24.472573839662452,49.35802412973753,100.0,848.0,1045.0,853.0,0,0,182306.25,229984,883.7268550401682,0.46153846153846156,0.5384615384615384,0.07692307692307693,13299769.23076923,-14.641148325358822,-18.993352326685642,-3.7106157400564457,-2.6369617224880417,58.03022084463387,22.33642441820881,1.0,0.1,179856.45,3932.0,2.156103659673403,0.06747565302857676,1.0086797294873424,-0.1,0.0
2014-12-12,,,,887.8,882.8,878.55,982.9,901.9758770336102,17.571428571428573,63.10679611650485,-24.808183636878084,-31.684343500999507,6.876159864121423,902.1472790580217,854.9527209419782,878.55,47.19455811604348,-33.87096774193548,74.77747069283987,72.67838856593309,78.97563494665343,66.8854040140245,27.235772357723572,17.886178861788615,45.68857394865944,100.0,910.0,900.0,853.0,0,0,199855.05,-202255,881.6107740751776,0.16,0.84,0.12,17289560.0,-1.2222222222222023,-18.993352326685642,-3.6070497247130047,-2.6369617224880417,58.559754851889686,22.33642441820881,1.0,0.1,180999.15,6282.0,3.3720168761876224,0.06744560606027589,1.2160989705642078,-0.1,0.0
2014-12-15,,,,891.2,885.0,878.65,980.3666666666667,901.9781744589807,17.357142857142858,72.89719626168224,-21.909176465193013,-29.729310093838208,7.820133628645195,902.6436395079381,854.6563604920618,878.65,47.98727901587631,-12.903225806451612,76.51831379522658,73.95836364236425,81.63821410095125,81.68268886056306,27.57201646090535,16.46090534979424,42.473267589767694,100.00000000000001,848.0,902.0,853.0,1,0,188905.9,-31584,880.4051354845631,0.9333333333333333,0.06666666666666667,0.8666666666666667,11378066.666666668,0.0,-18.993352326685642,0.23737698515141725,-1.6856060606060659,59.20821114369502,22.33642441820881,0.0,0.15,179977.9,-4663.0,-2.421331394745041,0.05856425795709203,1.2265778553441113,-0.1,0.0
2014-12-16,,,,896.8,889.8,879.9,978.05,902.7421578438397,17.0,71.0,-18.75002068720414,-27.533452212511396,8.783431525307254,907.6044552752811,852.1955447247188,879.9,55.40891055056227,-6.349206349206349,81.31523949984802,76.41065559485884,91.12440730982638,107.35375425787244,32.773109243697476,15.126050420168069,40.09595501372176,96.58967851099831,848.0,910.0,853.0,1,0,189925.3,256277,881.6293706876686,0.75,0.25,0.5,17991312.5,0.0,-18.993352326685642,2.0208504093957442,-1.3918654874537184,59.86959505833906,22.33642441820881,0.0,0.2,180475.7,23138.0,12.312882815285464,0.06513538368565891,1.3508877459145507,0.3,0.0
2014-12-17,,,,899.4,892.3,881.35,975.7833333333333,902.8619523349025,17.642857142857142,68.93203883495146,-16.539855668127757,-25.334732903634666,8.79487723550691,910.9456966999038,851.7543033000962,881.35,59.191393399807566,-15.873015873015873,79.9677354241411,77.59634887128625,84.71050852985078,77.44010110761134,31.57894736842105,16.59919028340081,37.32580929853193,92.87239709840864,914.0,910.0,853.0,0,0,191054.1,-17358,883.5694961095662,0.6470588235294118,0.35294117647058826,0.35294117647058826,16096176.470588235,-0.659340659340657,-18.993352326685642,2.395667535756652,-1.3918654874537184,60.87427466150871,22.33642441820881,0.0,0.25,182034.0,-8793.0,-4.16621259861174,0.06860979167816451,1.3595091106351533,0.2,0.0
2014-12-18,,,,900.0,893.3,881.9,973.4166666666666,902.1131949696737,17.5,58.16326530612245,-15.337705232462554,-23.335327369400247,7.997622136937693,912.1056111900293,851.6943888099706,881.9,60.41122238005869,-30.158730158730158,72.251217555488,75.81463843268683,65.12437580109034,49.24590325561143,26.122448979591834,18.77551020408163,33.89660692196113,73.51489544331149,914.0,910.0,853.0,0,0,193635.85,-224143,884.3851389950087,0.4375,0.5625,0.5625,12924062.5,-1.6483516483516536,-18.993352326685642,0.9538022550477692,-1.3918654874537184,60.87427466150871,22.33642441820881,0.0,0.3,183141.9,-8274.0,-4.090733800713931,0.06835823753258671,1.3870893381150216,0.1,0.0
2014-12-19,,,,901.2,894.5,883.05,970.4666666666667,901.4357478297047,17.214285714285715,57.731958762886606,-14.221060814406087,-21.512474058401416,7.291413243995329,913.4194791386468,852.6805208613531,883.05,60.738958277293705,-30.158730158730158,65.26149546434243,72.29692410990536,51.19063817321657,40.90747551654067,24.896265560165972,19.08713692946058,29.746573371402146,72.73959664979606,914.0,910.0,853.0,0,0,190382.9,-224143,885.0710070774913,0.6,0.4,0.0,12294700.0,-1.6483516483516536,-18.993352326685642,1.9961690740145395,-1.1917222685571298,59.400386847195364,22.33642441820881,0.0,0.35,183816.4,-6003.0,-3.094521310596532,0.06741302058286901,1.0690015279301057,0.3,0.0
2014-12-22,,,,901.0,896.1,885.0,967.5333333333333,901.3942480363995,16.0,72.94117647058823,-12.70550110436875,-19.751079467594884,7.045578363226134,914.6789842356167,855.3210157643833,885.0,59.357968471233335,-29.545454545454547,65.72988586511718,70.10791136164264,56.97383487206628,47.62394010393606,28.125,11.160714285714286,27.522484230970594,100.0,870.0,910.0,853.0,0,0,189236.1,-90031,886.4331775667187,0.9166666666666666,0.08333333333333333,0.5,11176000.0,-0.9890109890109855,-18.993352326685642,3.4527619762609225,-1.0941520776207585,59.400386847195364,22.33642441820881,0.0,0.4,184341.25,3918.0,2.084208846450508,0.06784117295481375,1.0271270532177144,0.6,0.0
2014-12-23,,,,896.8,896.8,886.8,965.0166666666667,900.2138434615043,15.071428571428571,56.25,-12.330569695030476,-18.266977513082004,5.936407818051528,912.3927621346162,861.2072378653837,886.8,51.185524269232474,-56.81818181818182,48.41762505950341,62.87781592759623,19.497243323317775,33.495864419683116,23.222748815165875,12.322274881516588,24.64207710628866,67.34276219808721,914.0,910.0,862.0,0,0,190586.75,-282510,888.0687431488986,0.0,1.0,0.7058823529411765,11322294.11764706,-2.3076923076923106,-18.13865147198479,3.1718952438543764,-1.3675335485823874,59.400386847195364,22.33642441820881,0.0,0.45,183817.9,-2391.0,-1.2459419602611765,0.06542840147106863,0.9574753294703979,0.5,-1.0
2014-12-24,,,,893.6,896.5,887.8,962.5166666666667,899.0506202746943,15.214285714285714,51.99999999999999,-11.976072782357619,-17.00879656693713,5.03272378457951,911.8140309861832,863.7859690138167,887.8,48.02806197236646,-59.09090909090909,40.121553961237574,55.292395272143345,9.779871339426037,-2.358483342995416,23.004694835680752,16.431924882629108,20.761669981606726,27.713133640552975,914.0,910.0,862.0,0,0,188398.8,-400927,889.1610413654439,0.6666666666666666,0.3333333333333333,0.08333333333333333,9868083.333333334,-2.41758241758242,-18.13865147198479,1.8854029788476003,-1.3675335485823874,59.400386847195364,22.33642441820881,0.0,0.5,182963.75,-19319.0,-10.194077419899529,0.06760962832102986,0.8260566649534681,0.5,0.0
2014-12-25,,,,896.0,898.0,889.9,960.4166666666666,899.8077040580569,15.5,63.04347826086957,-10.046184058384824,-15.61627406522667,5.570090006841845,912.8406557056546,866.9593442943453,889.9,45.8813114113093,-15.909090909090908,53.21829087611916,54.60102714013529,50.45281834808691,55.751831914403645,26.267281105990783,16.129032258064516,21.04117308719679,56.85618729096993,870.0,910.0,862.0,0,0,196859.0,-142267,890.5029288306182,0.95,0.05,0.95,12933000.0,-0.3296703296703396,-18.13865147198479,3.541224674487849,-1.3675335485823874,60.87427466150871,22.33642441820881,0.0,0.55,183680.1,29831.0,17.52774790972602,0.07044041046039214,0.871492029873626,0.6,0.0
2014-12-26,,,,898.0,899.6,891.2,958.1666666666666,900.30220843348,15.142857142857142,60.869565217391305,-8.579220709877632,-14.208863394156863,5.629642684279231,914.4840582462749,867.9159417537252,891.2,46.568116492549734,-23.076923076923077,59.988664505648075,56.39690626197288,67.17218099299846,69.86474042142727,28.773584905660375,12.264150943396228,22.158296024557142,42.35466536394727,914.0,910.0,862.0,0,0,199447.35,-344560,891.8569482957115,0.4166666666666667,0.5833333333333334,0.16666666666666666,16857750.0,-0.5494505494505586,-18.13865147198479,2.2971748801760237,-1.3675335485823874,60.6845513413506,22.33642441820881,0.0,0.6,185100.7,2474.0,1.2368515778106604,0.07229488643326762,0.9404844413085265,0.4,0.0
2014-12-29,,,,898.6,899.8,892.4,955.9,900.6543790588629,15.0,62.22222222222223,-7.411893633868999,-12.849469442099291,5.437575808230292,915.7274177963938,869.0725822036062,892.4,46.65483559278755,-25.641025641025642,64.99244300376537,59.26208517590371,76.45315865948871,58.84066724355646,27.619047619047624,12.380952380952381,24.59927241511337,48.81398252184774,914.0,910.0,862.0,0,0,194114.7,-432299,892.7735204151635,0.375,0.625,0.125,10967375.0,-0.6593406593406681,-18.13865147198479,2.1233058889657577,-1.3675335485823874,61.059288537549406,22.33642441820881,0.0,0.65,186440.05,-2472.0,-1.2207527975584997,0.07226106741671418,0.8884414234425393,0.3,0.0
2014-12-30,,,,907.6,902.2,896.0,954.1333333333333,903.8301524818283,16.642857142857142,69.36936936936937,-4.019692720940725,-11.08351409786758,7.063821376926855,921.6781701265401,870.3218298734599,896.0,51.356340253080134,-1.8181818181818181,76.05556806311631,64.85991280497457,98.4468785793998,126.86826606279541,35.193133047210296,11.587982832618026,27.744750789949542,82.94361777507845,880.0,934.0,879.0,1,0,204880.8,-22006,897.0815973645814,0.975,0.025,0.75,10257325.0,0.0,-16.524216524216516,5.686554065555954,-1.0123891349827667,61.84584980237154,22.33642441820881,0.0,0.7,190685.6,49767.0,24.88026556547649,0.09801423035665807,1.0138166266093895,0.4,0.0
2014-12-31,,,,920.8,907.2,899.75,952.7,908.6082331978447,17.142857142857142,73.84615384615384,0.2792646065209965,-8.810958356989865,9.090222963510861,935.0703385570467,864.4296614429533,899.75,70.64067711409348,-0.0,84.03704537541088,71.25229032845334,109.60655546932597,163.08962853666748,39.16666666666667,11.25,31.574573280059116,100.0,880.0,954.0,882.0,1,0,208843.9,216288,900.6495521296049,1.0,0.0,1.25,14893375.0,0.0,-16.239316239316224,5.740019147921226,-1.0123891349827667,62.009661835748794,22.33642441820881,0.0,0.75,195786.95,15614.0,6.250775642231776,0.12263907275637363,1.0542292299285723,0.5,0.0
2015-01-01,,,,929.2,912.6,902.95,951.4666666666667,912.4550681313833,16.928571428571427,72.72727272727272,3.2453506652841497,-6.399696552535062,9.645047217819211,943.8064882432877,862.0935117567124,902.95,81.71297648657537,-21.59090909090909,82.16106055330422,74.8885470700703,96.70608751977207,134.8885836925259,40.9282700421941,10.970464135021098,34.21763445970566,94.87836107554416,968.0,954.0,882.0,0,0,220605.95,-155103,905.7130283657353,0.13636363636363635,0.8636363636363636,0.22727272727272727,16881409.090909094,-0.5241090146750449,-16.239316239316224,4.837839728095689,-1.0123891349827667,62.3864734299517,22.33642441820881,0.0,0.8,199239.75,-18573.0,-6.997931478823094,0.13127197987338948,1.0965239631120864,0.4,0.0
2015-01-02,,,,938.0,918.0,906.25,950.0166666666667,915.9355378331563,17.214285714285715,69.74789915966386,5.532223210864572,-4.013312599855135,9.545535810719707,950.8151504156996,861.6848495843004,906.25,89.13030083139915,-21.59090909090909,80.91040400523312,76.89583271512458,88.93954658545019,111.51356127326999,40.24896265560166,10.788381742738588,36.53834391513132,81.2403834773346,968.0,954.0,882.0,0,0,228252.8,-155103,910.7091867000098,0.0,1.0,0.0,19546894.736842107,-0.5241090146750449,-16.239316239316224,5.012104732941863,-1.0123891349827667,63.05614183199663,22.33642441820881,0.0,0.85,202534.75,0.0,0.0,0.13738282848851072,1.1976501319553752,0.6,0.0
2015-01-05,,,,947.0,922.8,909.45,948.7833333333333,919.0845342299987,17.642857142857142,67.56756756756756,7.260887191466168,-1.758472641590875,9.019359833057042,956.7006196004517,862.1993803995484,909.45,94.50123920090323,-21.59090909090909,80.07663297318571,77.95609946781163,84.31769998393386,93.85379356471772,34.81781376518219,11.74089068825911,37.44713763857036,71.25999238675297,968.0,954.0,882.0,0,0,239543.55,-155103,915.003830688268,0.13636363636363635,0.8636363636363636,0.0,16881409.090909094,-0.5241090146750449,-16.239316239316224,4.847029585611132,-1.0123891349827667,63.19377022653722,22.33642441820881,0.0,0.9,206371.5,0.0,0.0,0.13762245537907314,1.4108462342505501,0.5,0.0
2015-01-06,,,,951.2,929.4,913.1,947.65,922.5050547795227,18.071428571428573,72.97297297297297,9.011140883487656,0.39545006342483124,8.615690820062824,962.644875989724,863.555124010276,913.1,99.08975197944801,-14.772727272727273,81.30108864879047,79.07109586147124,85.76107422342892,80.6891011804155,33.99209486166008,11.462450592885375,38.76662195403567,96.00304529881996,880.0,955.0,888.0,1,0,251835.0,219245,918.643744515258,0.6086956521739131,0.391304347826087,0.2608695652173913,16276000.0,0.0,-15.384615384615374,5.557038493538407,-1.0123891349827667,63.833333333333336,22.33642441820881,0.0,0.95,210922.85,17314.0,7.014430751031053,0.1424163512812224,1.365777903544282,0.5,0.0
2015-01-07,,,,951.6,936.2,916.35,946.45,925.6950495624252,18.714285714285715,79.6116504854369,10.359503281698494,2.388260707079564,7.97124257461893,968.2619700220864,864.4380299779136,916.35,103.82394004417279,-24.0,78.1222943933113,78.75482870541792,76.85722576909805,87.73792269668904,38.93129770992366,9.16030534351145,42.0195594926875,100.0,880.0,956.0,888.0,1,0,260698.85,635379,923.732519469623,0.04,0.96,0.04,16645360.0,0.0,-14.641148325358822,4.960756972572844,-1.0123891349827667,65.33333333333334,22.33642441820881,0.0,1.0,215355.3,6867.0,2.59967896785136,0.14893864160607087,1.4933021310530017,0.5,0.0
2015-01-08,,,,952.4,940.8,919.4,945.25,928.2955210326704,18.785714285714285,77.35849056603773,11.058539311274558,4.1223164279185625,6.936222883355995,972.4437753676925,866.3562246323074,919.4,106.0875507353851,-27.0,74.82662763475655,77.4454283485308,69.58902620720804,58.43293507045376,38.78326996197719,12.927756653992395,44.64759183770098,91.83982167024915,980.0,956.0,888.0,0,0,263697.85,402502,925.9806265011262,0.7272727272727273,0.2727272727272727,0.2727272727272727,21170636.363636363,-0.3138075313807498,-2.41758241758242,4.631084637975515,-1.0123891349827667,66.84684684684684,22.33642441820881,0.0,1.0,219111.7,-9589.0,-3.538180543512348,0.1500683055298423,1.3705374534885981,0.5,0.0
2015-01-09,,,,951.6,944.8,922.2,944.0,929.8864237914637,19.285714285714285,70.37037037037038,10.842017234033165,5.466256589141484,5.375760644891681,974.3923567704912,870.0076432295089,922.2,104.38471354098237,-35.0,69.49226156042593,74.79437275249585,58.8880391762861,51.713258569978805,39.25925925925926,12.962962962962964,45.15993410536239,66.53122883783928,980.0,956.0,888.0,0,0,254654.95,151121,929.8565998815258,0.05263157894736842,0.9473684210526315,0.42105263157894735,13230578.947368423,-1.1506276150627603,-2.41758241758242,4.210635040610432,-1.0123891349827667,67.84046182104434,22.33642441820881,0.0,1.0,222026.1,-10558.0,-4.038618959093587,0.14858304363762756,1.2700227358021927,0.6,0.0
2015-01-12,,,,951.0,949.0,924.4,942.85,931.4210500970386,19.214285714285715,79.38144329896907,10.628593757743943,6.498724022861976,4.129869734881967,976.7164460405223,872.0835539594776,924.4,104.6328920810447,-34.0,53.903931949374865,67.83089248478885,26.050010878546914,36.87653518351167,37.9182156133829,15.613382899628252,45.94564839107668,99.1662679252396,880.0,956.0,888.0,0,0,257710.35,382900,931.5884958960063,0.625,0.375,0.0625,14486187.5,-1.0460251046025104,-2.41758241758242,3.385802841566457,-1.0123891349827667,69.01950494183504,22.33642441820881,0.0,1.0,224669.05,-10092.0,-4.022832724779568,0.14341670825123026,1.1616257018815097,0.5,0.0
2015-01-13,,,,945.0,948.1,925.15,941.35,930.8095215163682,20.214285714285715,65.81196581196582,8.665044381645885,6.931988094618758,1.7330562870271269,977.0254581463126,873.2745418536873,925.15,103.75091629262533,-59.78260869565217,37.105545276191435,57.589110081923046,-3.861584335271786,12.292241527413765,36.042402826855124,16.25441696113074,47.457874903303185,26.370601370601403,980.0,956.0,888.0,0,0,260301.1,43224,932.9782554382854,0.07692307692307693,0.9230769230769231,0.8076923076923077,13064461.53846154,-3.242677824267781,-3.242677824267781,1.124527370608248,-1.3762544788149456,69.01950494183504,22.33642441820881,0.0,0.95,225137.85,-20345.0,-8.449762434794161,0.14249356673310648,1.1863802156280552,0.4,-1.0
2015-01-14,,,,938.6,945.1,926.15,939.6833333333333,930.1609956576665,19.571428571428573,58.585858585858595,6.948131971521661,6.935216869999339,0.012915101522322558,977.0710947911762,875.2289052088238,926.15,101.84218958235238,-65.88235294117646,27.96283663574053,47.71368559986221,-11.53886129250283,-5.679337148522866,31.386861313868614,18.613138686131386,47.57461788738988,0.0,980.0,956.0,888.0,0,0,252858.15,-81552,934.4066571844068,0.5454545454545454,0.45454545454545453,0.09090909090909091,11343272.727272728,-3.347280334728031,-3.347280334728031,1.4850227715492976,-1.3762544788149456,69.01950494183504,22.33642441820881,0.0,0.9,225751.45,-5897.0,-2.6752135588914427,0.14057775392610292,0.9956100709192022,0.3,-1.0
2015-01-15,,,,933.4,942.9,927.75,938.1,929.8599484521744,20.928571428571427,61.0,5.763107924028191,6.7007950808051095,-0.9376871567769189,976.5152810057941,878.9847189942059,927.75,97.53056201158824,-62.35294117647059,29.612355225514783,41.67990880841307,5.477248059718207,-15.369724253229483,29.01023890784983,23.208191126279864,45.49470546264986,11.481809701492494,895.0,956.0,888.0,0,0,254788.25,163835,935.2849634941957,0.8387096774193549,0.16129032258064516,0.0967741935483871,7915709.677419355,-3.0334728033472813,-3.347280334728031,2.3761061057055652,-1.3762544788149456,69.01950494183504,22.33642441820881,0.0,0.85,225710.7,-21361.0,-9.956929903884703,0.14079553012182475,1.0715103654833764,0.1,-1.0
2015-01-16,,,,930.4,941.0,929.5,936.4833333333333,929.8732866948245,21.142857142857142,62.745098039215684,5.008310075717986,6.362298079787685,-1.3539880040696985,975.7646847241684,883.2353152758316,929.5,92.52936944833687,-58.8235294117647,31.97785707017441,38.445891562333514,19.041788085856197,-1.325909415843924,29.391891891891895,22.972972972972972,43.64919306414207,19.7816066725197,895.0,956.0,888.0,0,0,257186.35,334744,936.0549738869629,0.6363636363636364,0.36363636363636365,0.2727272727272727,15537181.818181818,-2.7196652719665093,-3.347280334728031,2.5872559184854778,-1.3762544788149456,69.01950494183504,22.33642441820881,0.0,0.85,226568.0,11958.0,6.190306098678389,0.13650488492820984,1.0377353900736979,0.2,0.0
2015-01-19,,,,924.4,937.7,930.25,934.55,928.5520212953173,19.5,39.53488372093023,3.2430603646405416,5.738450536758256,-2.4953901721177143,975.0319277457627,885.4680722542373,930.25,89.56385549152537,-81.0126582278481,27.647685304166906,34.84648947627798,13.25007695994475,-24.275320166903352,22.344322344322343,26.373626373626376,40.63576171381344,0.0,980.0,956.0,888.0,0,0,258838.25,167594,936.5095648215311,0.1875,0.8125,0.875,10446875.0,-4.1841004184100195,-4.1841004184100195,1.1254036358062889,-1.5411011843870024,69.01950494183504,22.33642441820881,0.0,0.8,226322.9,-18130.0,-8.838254578781369,0.13800952365861943,1.0239778237780668,0.4,-1.0
2015-01-20,,,,922.4,933.7,931.55,932.6833333333333,927.2613526005251,19.0,20.895522388059703,1.743299931578349,4.9394204157222745,-3.1961204841439255,972.6479574341389,890.452042565861,931.55,82.1959148682779,-82.27848101265823,25.958671923208044,31.88388362525467,14.108248519114795,-39.712444094938654,15.789473684210526,29.32330827067669,38.82348308335298,0.0,980.0,956.0,888.0,0,0,259190.35,-31927,937.196848956761,0.6153846153846154,0.38461538461538464,0.07692307692307693,15347769.23076923,-4.288702928870269,-4.288702928870269,1.9543765652699479,-1.5411011843870024,69.01950494183504,22.270743641359452,0.0,0.75,226541.2,6877.0,3.6775204410671503,0.13674380583815235,0.9216064239552129,0.1,0.0
2015-01-21,,,,919.8,929.2,932.7,930.7666666666667,925.7126523528561,18.142857142857142,21.212121212121204,0.2293189662836994,3.99740012583456,-3.7680811595508605,969.7552929665554,895.6447070334447,932.7,74.11058593311077,-87.34177215189874,22.682125368160204,28.816630872889846,10.413114358700923,-48.1528732089346,11.023622047244094,30.708661417322833,38.06964266085173,0.5392024888569636,980.0,956.0,904.0,0,0,259643.7,-159411,937.7714654094567,0.1,0.9,0.4,12748400.0,-4.707112970711281,-4.707112970711281,1.7365806311186684,-1.5411011843870024,69.01950494183504,22.073707064521518,0.0,0.7,227531.1,-3887.0,-2.0048690413559056,0.12902247232676664,0.9394836443846202,0.1,0.0
2015-01-22,,,,917.2,925.3,933.05,928.7666666666667,924.5971616525841,17.857142857142858,24.637681159420282,-0.7201455389048306,3.053890992886682,-3.7740365317915128,969.2044930598702,896.8955069401297,933.05,72.30898611974044,-83.54430379746836,23.61814893825059,27.08380356134343,16.686839692064922,-50.45298131680225,12.0,32.4,37.22838328300698,6.373306436613858,901.0,956.0,904.0,0,0,255135.25,9080,938.8615133215291,0.4666666666666667,0.5333333333333333,0.2,11232733.333333334,-4.393305439330519,-4.707112970711281,0.6192912929858979,-1.5411011843870024,69.01950494183504,22.073707064521518,0.0,0.65,226931.4,-1961.0,-1.0321541546704838,0.1324723985386838,0.8646414758771528,0.1,0.0
2015-01-23,,,,914.2,922.3,933.55,926.75,923.6831462570999,17.071428571428573,25.714285714285722,-1.3760491194495899,2.167902970419428,-3.543952089869018,968.3212827669372,898.7787172330627,933.55,69.5425655338745,-82.27848101265823,25.467654847722613,26.545087323469826,23.31278989622819,-45.91589396265796,13.389121338912132,32.63598326359832,36.675023599212516,8.206881963051766,901.0,956.0,904.0,0,0,253158.75,171843,939.4957189247195,0.18181818181818182,0.8181818181818182,0.09090909090909091,14796636.363636363,-4.288702928870269,-4.707112970711281,0.849506628606855,-1.5411011843870024,69.01950494183504,22.073707064521518,0.0,0.6,226876.1,13362.0,7.106312822421956,0.13271753478521015,0.8596454707887833,0.1,0.0
2015-01-26,,,,912.6,918.5,933.75,924.4833333333333,922.1895132802333,16.857142857142858,16.901408450704224,-2.432656778059254,1.2477910207236917,-3.6804477987829456,967.8450683267489,899.6549316732511,933.75,68.1901366534978,-91.13924050632912,24.04914363585548,25.713106094265044,20.721218719036358,-66.43640961031583,13.559322033898304,35.59322033898305,36.336621371754816,0.0,980.0,956.0,908.0,0,0,260913.6,-70993,938.7397473084321,0.3,0.7,0.35,12141800.0,-5.020920502092041,-5.020920502092041,0.38961323431935463,-1.5411011843870024,69.01950494183504,21.70721297481861,0.0,0.55,225962.5,-19638.0,-9.75113212044173,0.13818478271729892,0.948090299813386,0.1,0.0
2015-01-27,,,,909.6,916.0,932.05,922.05,920.0762263011634,16.142857142857142,14.102564102564102,-3.870937345026391,0.22404534757367522,-4.094982692600066,969.3339742629088,894.7660257370911,932.05,74.56794852581766,-92.6470588235294,20.306266697407928,23.910826295312674,13.097147501598435,-82.91092116746698,7.0796460176991145,40.26548672566372,36.92152823169505,0.0,980.0,956.0,900.0,0,1,249240.85,-247831,938.8572642352435,0.3333333333333333,0.6666666666666666,0.5333333333333333,11789200.0,-5.857740585774051,-5.857740585774051,-3.296997271105801,-1.5411011843870024,69.01950494183504,21.207615185310345,0.0,0.5,222179.4,-7623.0,-4.194130528076412,0.1473245398759415,0.9453782667474631,0.4,0.0
2015-01-28,,,,907.4,913.6,929.35,919.9833333333333,918.1642047486716,15.928571428571429,14.666666666666671,-4.9536820929916985,-0.8115001405393996,-4.142181952452299,967.745586369096,890.954413630904,929.35,76.79117273819202,-92.6470588235294,17.811015405109558,21.877555998578302,9.67793421817207,-72.64729727985292,7.174887892376681,36.322869955156946,38.1365503230058,0.8641425389755089,980.0,956.0,900.0,0,0,242793.6,-247831,937.5458979698532,0.125,0.875,0.0,13668625.0,-5.857740585774051,-5.857740585774051,-6.682710650682471,-1.5411011843870024,69.01950494183504,21.150146144896276,0.0,0.45,217838.15,4451.0,2.556121540679146,0.14898248763965438,0.9336418558459817,0.3,0.0
2015-01-29,,,,905.0,911.1,927.0,918.0666666666667,916.6247566773696,15.357142857142858,18.840579710144937,-5.585990005580015,-1.7663981135475229,-3.8195918920324923,966.0788676234606,887.9211323765394,927.0,78.15773524692122,-87.71929824561404,18.736755368112256,20.830622455089618,14.549021194157532,-66.060661768427,4.186046511627907,38.604651162790695,40.28513408583563,7.258114210762622,895.0,956.0,900.0,0,0,228687.8,-158556,935.4824252394167,0.5454545454545454,0.45454545454545453,0.18181818181818182,8115909.090909091,-5.648535564853563,-5.857740585774051,-5.761796412589704,-1.5411011843870024,69.01950494183504,20.972997607382922,0.0,0.4,214240.1,-3709.0,-2.076917046510851,0.1542834300354375,0.856527378439832,0.3,0.0
2015-01-30,,,,905.2,909.7,925.35,916.3333333333334,916.5652560414296,15.285714285714286,31.707317073170742,-4.900920820222382,-2.3933026548824947,-2.507618165339887,963.2877606640882,887.4122393359119,925.35,75.87552132817632,-61.111111111111114,36.629101279890925,26.09678206335672,57.69373971295933,-36.70348109048974,8.878504672897197,35.046728971962615,41.56426275858133,34.045555331586385,895.0,956.0,900.0,0,0,217502.25,-10876,932.9904204056127,0.9285714285714286,0.07142857142857142,1.0,10548571.42857143,-4.184100418410042,-5.857740585774051,-3.4447502191821204,-1.5411011843870024,69.01950494183504,20.972997607382922,0.0,0.35,210551.8,-1805.0,-1.0321776374854874,0.15834412047935958,0.8655506218961524,0.0,0.0
2015-02-02,,,,906.0,909.3,923.5,914.3666666666667,916.1304697517697,14.0,40.0,-4.62742307305939,-2.840126738517874,-1.7872963345415158,960.1692184119388,886.8307815880612,923.5,73.3384368238776,-56.41025641025641,43.95963073831808,32.0510649550105,67.77676230493324,-31.183763440740684,9.693877551020408,31.63265306122449,42.65344718109908,53.24031007751938,934.0,956.0,900.0,0,0,201965.4,-71530,930.7228828139209,0.375,0.625,0.5,7581750.0,-4.602510460251041,-5.857740585774051,-3.8729680055568556,-1.5411011843870024,69.01950494183504,20.972997607382922,0.0,0.3,206500.7,-7256.0,-4.1925717059190575,0.16280945218009873,0.6714966596770068,0.0,0.0
2015-02-03,,,,910.2,909.9,921.8,912.3166666666667,916.5942345373154,14.071428571428571,47.945205479452056,-3.642461327298406,-3.0005936562739803,-0.6418676710244258,955.3392935304458,888.2607064695541,921.8,67.07858706089178,-33.333333333333336,59.19147796347642,41.09786929116581,95.37869530809766,-10.488598694567353,13.19796954314721,28.934010152284262,43.49644377644815,69.5741743655092,895.0,956.0,900.0,0,0,190327.35,70057,928.0632585560264,0.75,0.25,0.75,11798916.666666666,-3.66108786610877,-5.857740585774051,-3.4241925242362283,-1.5411011843870024,69.01950494183504,20.972997607382922,0.0,0.25,201971.3,7748.0,4.672761923141877,0.15585907217521758,0.6315437634256926,0.1,0.0
2015-02-04,,,,913.6,910.5,919.85,910.2,916.632878867095,12.857142857142858,43.24324324324324,-3.1483464401376295,-3.0301442130467104,-0.1182022270909191,949.3030849067021,890.3969150932979,919.85,58.906169813404176,-43.58974358974359,59.83135567935465,47.342364753895424,84.8093375302731,3.6913884421289165,16.666666666666664,22.22222222222222,43.723201146062664,59.90781479153572,934.0,953.0,900.0,0,0,175817.05,-55871,923.6207717055883,0.0,1.0,0.2857142857142857,8994857.142857144,-3.777544596012572,-5.857740585774051,-3.9474627127810953,-1.5411011843870024,69.01950494183504,20.972997607382922,0.0,0.2,197221.95,2468.0,1.4219866328647246,0.13901811941747214,0.6521573709847799,-0.1,0.0
2015-02-05,,,,915.6,910.3,917.8,907.85,916.191652308324,12.928571428571429,38.15789473684211,-3.1242011987421847,-3.0489556101858053,-0.07524558855637942,942.9278834427188,892.6721165572811,917.8,50.25576688543765,-52.77777777777778,55.62831119364384,50.104346900478234,66.67623977997505,-13.486696984920268,15.469613259668508,25.414364640883978,44.58507684664805,71.0799442820856,934.0,946.0,900.0,0,0,169265.6,-157719,921.4650834743347,0.08333333333333333,0.9166666666666666,0.4166666666666667,8487333.333333334,-3.59408033826637,-5.857740585774051,-4.154215129638542,-1.5411011843870024,69.01950494183504,20.972997607382922,0.0,0.15,192801.05,-3020.0,-1.7156361487945082,0.12108959199575631,0.6677926102644702,0.1,0.0
2015-02-06,,,,916.6,910.9,916.6,905.7833333333333,916.6495901837217,12.428571428571429,53.52112676056338,-2.3517318364096127,-2.9095108554305673,0.5577790190209546,938.3197460486103,894.8802539513897,916.6,43.439492097220636,-27.77777777777778,61.15961486983663,53.789436223597704,75.8999721623145,8.682189372628441,16.091954022988507,20.689655172413794,44.88717136866738,100.0,895.0,946.0,900.0,0,0,160312.25,-85405,919.1199778349232,0.875,0.125,1.125,9039250.0,-2.6427061310781985,-5.857740585774051,-2.3225479518568117,-1.5411011843870024,69.01950494183504,20.972997607382922,0.0,0.15,188811.45,-1932.0,-1.1167113659483974,0.10265374323719836,0.5816715716384527,0.1,0.0
2015-02-09,,,,919.2,912.6,915.55,906.2,917.4448673090815,12.071428571428571,56.75675675675676,-1.400632115648591,-2.607735107474172,1.2071029918255811,932.8702042043179,898.229795795682,915.55,34.64040840863595,-16.666666666666668,68.3921241989387,58.656998882044704,87.86237483272672,48.93720641987987,20.11834319526627,17.75147928994083,43.190742797238805,100.0,895.0,930.0,900.0,0,0,152755.3,-4765,917.3194573281581,0.625,0.375,0.5,10080000.0,-0.5376344086021279,-5.857740585774051,-1.9992950346306466,-1.5411011843870024,69.01950494183504,20.972997607382922,0.0,0.15,185348.9,449.0,0.2624564521031658,0.08299805946615374,0.6025387170923033,0.2,0.0
2015-02-10,,,,921.2,915.7,915.85,906.9666666666667,918.7358323272641,11.857142857142858,63.15789473684211,-0.16087441857791873,-2.1183629696949215,1.9574885511170028,934.04514105166,897.65485894834,915.85,36.39028210332003,-0.0,78.92808279929247,65.41402685446063,105.95619468895615,79.30446775587842,22.289156626506024,18.072289156626503,40.567739216758454,100.0,895.0,931.0,900.0,1,0,139443.4,68673,915.7896118903202,1.0,0.0,0.8571428571428571,10491142.857142856,0.0,-5.857740585774051,0.7674356587111658,-0.9122732224906404,69.01950494183504,20.972997607382922,0.0,0.2,182947.7,882.0,0.5142107564495069,0.07223139428672838,0.5245738964327827,0.2,0.0
2015-02-11,,,,926.4,920.0,916.8,908.1,921.0467054389533,12.0,67.05882352941177,1.7695439984271388,-1.3407815760705095,3.110325574497648,938.4440097461123,895.1559902538876,916.8,43.28801949222475,-5.882352941176471,83.62647380417947,71.48484250436691,107.9097364038046,119.72123966676867,29.761904761904763,16.071428571428573,39.41946663991445,100.0,895.0,943.0,900.0,1,0,143624.2,277065,917.1554874921266,0.8235294117647058,0.17647058823529413,0.7058823529411765,12258352.94117647,0.0,-5.857740585774051,2.1544465401778545,-0.9122732224906404,69.01950494183504,21.150146144896276,0.0,0.25,182313.25,29438.0,17.074712743682106,0.06501271471021008,0.5879838147066296,0.6,0.0
2015-02-12,,,,932.0,923.8,917.45,909.0333333333333,922.8517811114339,11.928571428571429,64.36781609195403,3.0224980972382127,-0.4681256414087651,3.4906237386469776,941.0740288019884,893.8259711980116,917.45,47.248057603976804,-11.764705882352942,83.67891046404758,75.54953182426047,99.93766774362177,103.37686044024834,28.742514970059876,16.167664670658684,38.432453652901465,94.91843369115784,946.0,943.0,900.0,0,0,135005.2,204058,917.5146599291485,0.5,0.5,0.3,7300700.0,-0.31813361611876534,-5.857740585774051,1.485536756831203,-0.9122732224906404,69.01950494183504,21.207615185310345,0.0,0.3,182425.65,-6424.0,-3.1826401446654606,0.06562207889417505,0.5449635674780617,0.6,0.0
2015-02-13,,,,936.4,926.5,918.1,910.2166666666667,924.7706591008211,11.071428571428571,71.0843373493976,4.209029108019081,0.4673053084768041,3.7417237995422767,943.8019352127284,892.3980647872717,918.1,51.40387042545672,-9.433962264150944,84.61476913819388,78.57127759557162,96.7017522234384,104.960278177301,32.903225806451616,10.32258064516129,38.9618264931338,100.0,895.0,943.0,900.0,0,0,130653.8,287939,917.6029499333353,0.375,0.625,0.375,10485125.0,0.0,-5.857740585774051,1.4810963831805468,-0.9122732224906404,69.44507532742827,21.70721297481861,0.0,0.3,181513.3,-8537.0,-4.368517201324318,0.05942450563504977,0.550191347542583,0.6,0.0
2015-02-16,,,,940.6,929.9,919.6,911.6166666666667,926.7925010912192,11.0,79.48717948717949,5.32999751694399,1.4398437501702415,3.890153766773749,948.1317920553515,891.0682079446485,919.6,57.063584110703005,-7.407407407407407,86.32437600665916,81.1556437326008,96.66184055477589,91.37475545437891,34.41558441558441,8.441558441558442,38.284155254714896,100.0,895.0,946.0,900.0,1,0,125850.7,359027,918.2335701483318,0.7142857142857143,0.2857142857142857,0.21428571428571427,5077714.285714285,0.0,-5.857740585774051,3.810916129386211,-0.7708288197202812,69.87239340180517,22.21006335410231,0.0,0.35,181290.25,-4344.0,-2.3244365488752416,0.05909175538327056,0.5340518240742764,0.3,0.0
2015-02-17,,,,942.2,931.7,920.8,913.05,927.9551200349126,11.071428571428571,72.94117647058823,5.589103848529703,2.2696957698421336,3.3194080786875695,950.5115961766363,891.0884038233636,920.8,59.423192353272725,-20.37037037037037,81.48120793606338,81.26416513375499,81.91529354068018,72.0386231123141,34.193548387096776,8.38709677419355,37.826708920979904,89.20631487889273,950.0,946.0,900.0,0,0,117825.25,320015,918.9744360115228,0.1111111111111111,0.8888888888888888,0.7777777777777778,4334666.666666667,-0.7399577167019,-5.857740585774051,2.9568018340511295,-0.7708288197202812,70.49629629629631,22.33642441820881,0.0,0.4,180368.65,-7094.0,-3.886271502136518,0.05743729171718309,0.49333219082157787,0.2,0.0
2015-02-25,,,,941.2,933.8,922.15,914.2166666666667,928.911775269683,10.642857142857142,71.42857142857143,5.648641813749009,2.945484978623509,2.7031568351255,952.4347886082721,891.8652113917278,922.15,60.5695772165443,-25.53191489361702,76.54302751293115,79.69045259348037,70.24817735183271,51.29083914347059,35.57046979865772,9.395973154362416,36.23914982206454,83.1338818249813,950.0,946.0,900.0,0,0,113308.1,282874,919.568454947175,0.8,0.2,0.2,7428200.0,-0.8456659619450302,-5.857740585774051,3.3759885390433126,-0.7708288197202812,71.01686746987951,24.179009396400698,0.0,0.45,179525.25,-2323.0,-1.3240541249159299,0.05693339785800732,0.32975210090995843,0.1,0.0
2015-02-26,,,,946.0,939.0,924.65,915.8666666666667,932.2535109582847,11.428571428571429,75.0,7.704990455288339,3.8973860739564747,3.8076043813318643,959.9429096799813,889.3570903200186,924.65,70.58581935996267,-0.0,84.3620183419541,81.24764117630494,90.59077267325242,98.51739402088819,42.49999999999999,8.75,36.68766342574162,89.14285714285714,909.0,964.0,900.0,1,0,113732.85,459860,922.7908943341056,1.0,0.0,1.0833333333333333,7374416.666666667,0.0,-5.857740585774051,4.708844005048746,-0.7708288197202812,71.15318416523236,25.498964803312635,1.0,0.5,180702.15,38445.0,22.206754735072742,0.0685056212710903,0.42234329584650376,0.2,0.0
2015-02-27,,,,950.0,943.2,927.05,917.2666666666667,935.1817480098765,11.785714285714286,77.41935483870968,9.148511579511023,4.947611175067385,4.200900404443638,965.9261867308505,888.1738132691494,927.05,77.75237346170115,-10.344827586206897,85.13023445019162,82.54183893426716,90.30702548204056,99.64059157566368,44.24242424242424,8.484848484848484,37.73978286866566,94.99670836076366,969.0,964.0,900.0,0,0,111657.1,338612,925.3537168706692,0.5384615384615384,0.46153846153846156,0.07692307692307693,9326769.23076923,-0.10373443983402453,-5.857740585774051,4.507458307963164,-0.7708288197202812,71.68831168831169,30.508710801393743,1.0,0.55,181251.0,801.0,0.3786016788928315,0.07467086792584152,0.44676146854168836,0.1,0.0
2015-03-02,,,,950.6,945.6,929.1,918.4166666666666,936.497772008936,13.785714285714286,64.28571428571428,9.058409764249404,5.769770892903789,3.288638871345615,968.070434137141,890.1295658628591,929.1,77.94086827428191,-35.59322033898305,73.01365223508711,79.36577670120715,60.30940330284702,57.385915678151754,34.71502590673575,20.72538860103627,36.87437195934077,63.21865889212825,970.0,964.0,900.0,0,0,109408.35,140751,929.1820942673328,0.475,0.525,0.35,4946525.0,-1.556016597510379,-5.857740585774051,3.6998079027929087,-0.9096939172281882,71.68831168831169,36.86777920410784,1.0,0.6,181990.15,-15832.0,-7.454948697785458,0.07670778648068326,0.5702212112608935,0.3,0.0
2015-03-03,,,,951.6,946.9,931.3,919.7833333333333,937.2122699128469,13.642857142857142,63.63636363636363,8.48572703418131,6.312962121159293,2.172764913022016,968.2699735915995,894.3300264084004,931.3,73.93994718319914,-44.067796610169495,60.34243482339141,73.02466274193524,34.977978986303725,39.69204737758765,31.413612565445025,20.942408376963353,37.28253522464689,61.64749536178106,970.0,964.0,900.0,0,0,104720.25,57675,932.1195249565708,0.4166666666666667,0.5833333333333334,0.4166666666666667,6923000.0,-2.0746887966805017,-5.857740585774051,4.067120407974483,-0.7756493428086536,71.68831168831169,39.25948592411261,1.0,0.65,182220.8,-17793.0,-9.05325714750912,0.07606779918640988,0.6187046959806598,0.3,0.0
2015-03-04,,,,953.8,947.5,933.75,920.95,938.3349108735282,13.928571428571429,68.68686868686868,8.339200940433443,6.718209885014123,1.6209910554193199,968.4084841894585,899.0915158105415,933.75,69.31696837891695,-37.5,56.061623215594274,67.37031623315492,33.44423718047298,53.245843280939724,35.38461538461539,17.435897435897434,37.97226795321457,58.40603531841359,914.0,964.0,902.0,0,0,105550.1,183621,934.8061449807564,0.3125,0.6875,0.3125,7871625.0,-1.556016597510379,-5.648535564853563,4.508851277843554,-0.7756493428086536,71.68831168831169,39.906976744186046,1.0,0.7,182613.85,7699.0,4.307277447075153,0.07591962921093724,0.7109016563379211,0.4,0.0
2015-03-05,,,,950.6,948.3,936.05,922.0,939.2553955522399,14.214285714285714,64.83516483516483,8.049595585611996,6.984487025133698,1.065108560478298,967.8220499478693,904.2779500521306,936.05,63.54409989573878,-44.0,52.374415477062854,62.3716826477909,32.379881135606766,28.74091219662309,34.67336683417086,21.60804020100503,38.73757407566355,35.54006968641113,970.0,964.0,912.0,0,0,106401.15,77325,936.6556536278039,0.9285714285714286,0.07142857142857142,0.07142857142857142,7592571.428571428,-1.6597510373444035,-4.602510460251041,4.218633677071632,-0.7756493428086536,71.68831168831169,42.5945945945946,1.0,0.75,182332.8,-17191.0,-9.220512435436035,0.07724545159126638,0.6691995880684405,0.3,0.0
2015-03-06,,,,946.4,948.2,937.35,922.9833333333333,939.5167864520265,14.785714285714286,59.13978494623656,7.252331041685011,7.038055828443961,0.21427521324104948,967.7665813504378,906.9334186495622,937.35,60.83316270087562,-60.869565217391305,44.916276984708574,56.55321409343012,21.642402767265466,31.546116866515625,33.81642512077295,20.77294685990338,39.99784588350173,0.0,970.0,964.0,912.0,0,0,103755.5,-17442,938.8370717696894,0.125,0.875,0.375,5922937.5,-2.2821576763485507,-4.602510460251041,2.4824483510692845,-0.7756493428086536,71.68831168831169,42.5945945945946,1.0,0.8,182093.95,-961.0,-0.5677924042256532,0.07846931775856139,0.6676362093568112,0.6,-1.0
2015-03-09,,,,943.4,947.0,938.45,923.8,938.9913782185002,15.857142857142858,51.57894736842105,5.90686929311903,6.811818521378976,-0.9049492282599463,966.5061467136211,910.393853286379,938.45,56.11229342724209,-72.0,39.277517989805716,50.79464872555532,16.24325651830651,-26.268038113313157,30.180180180180177,28.37837837837838,39.47135744656554,0.0,970.0,964.0,912.0,0,0,106327.65,-129539,939.1703940602468,0.7368421052631579,0.2631578947368421,0.42105263157894735,5899842.105263158,-3.112033195020747,-3.777544596012572,2.085871330322899,-0.8794835671435469,71.68831168831169,42.5945945945946,1.0,0.8,181417.1,-16016.0,-9.516848791676324,0.08477495366142297,0.6135185634942051,0.6,0.0
2015-03-10,,,,939.2,945.4,938.55,924.4833333333333,937.4683898167383,15.928571428571429,39.361702127659576,3.907924968252587,6.231039810753698,-2.323114842501111,966.3574204408485,910.7425795591514,938.55,55.61484088169709,-94.0,28.185011993203812,43.25810314810482,-1.9611703165982135,-39.837986911852774,23.766816143497756,28.251121076233183,37.95354028835429,0.0,970.0,964.0,912.0,0,0,103223.45,-209042,940.1363987543529,0.05555555555555555,0.9444444444444444,0.6111111111111112,4416833.333333333,-4.253112033195016,-4.253112033195016,0.2513673552995356,-1.1915331950253583,71.68831168831169,39.906976744186046,1.0,0.8,179953.45,-7988.0,-5.245772451157449,0.09682395148316256,0.630764471711502,0.6,-1.0
2015-03-11,,,,933.0,943.4,938.6,924.9333333333333,935.6142574532395,16.071428571428573,38.54166666666667,1.898405340870113,5.364512916776981,-3.466107575906868,966.24740398959,910.95259601041,938.6,55.29480797917995,-96.29629629629629,20.024575896703777,35.51359406430448,-10.953460438497629,-69.63539188798967,23.555555555555554,30.666666666666664,36.89030843823719,0.0,970.0,964.0,912.0,0,0,100210.75,-274716,940.6588982053654,0.16666666666666666,0.8333333333333334,0.4166666666666667,5472833.333333333,-4.771784232365139,-4.771784232365139,0.16197984373603264,-1.1915331950253583,71.68831168831169,39.5002474022761,1.0,0.8,178385.6,384.0,0.2661362423503233,0.10720325478096986,0.5864512741259716,0.2,-1.0
2015-03-12,,,,928.6,939.6,939.3,925.5,934.6986138862643,16.428571428571427,41.58415841584158,0.9405377656743212,4.4797178865564495,-3.5391801208821283,964.7318490748038,913.8681509251961,939.3,50.86369814960767,-80.0,20.016383931135852,30.34785735324827,-0.6465629130889781,-65.19479655409116,21.739130434782613,30.434782608695656,34.34944134513129,7.430586502877268,915.0,964.0,918.0,0,0,99087.3,-195337,941.2531279656088,0.8461538461538461,0.15384615384615385,0.6153846153846154,6106076.923076923,-3.941908713692943,-4.771784232365139,1.3184623236370736,-1.1915331950253583,71.68831168831169,39.5002474022761,1.0,0.8,176866.55,-2044.0,-1.412860905088098,0.11711476491912037,0.5721544068954332,0.0,-1.0
2015-03-13,,,,924.0,935.2,939.2,926.0,933.2035078018582,16.285714285714285,37.14285714285714,-0.37905122076881526,3.5079640650913966,-3.887015285860212,964.9485819741475,913.4514180258526,939.2,51.49716394829488,-92.72727272727273,16.307218917053532,25.667644541183357,-2.4136323312061165,-70.20602299759707,21.92982456140351,28.947368421052634,31.005658691003813,0.0,970.0,964.0,918.0,0,0,98342.8,-252761,941.518913772369,0.08333333333333333,0.9166666666666666,0.5833333333333334,4785333.333333333,-4.668049792531114,-4.771784232365139,-0.1068753345029837,-1.1915331950253583,71.68831168831169,39.197695035460995,1.0,0.75,175521.5,1548.0,1.0853484964277405,0.1250344143405611,0.5391903765429819,-0.3,-1.0
2015-03-16,,,,922.2,932.8,939.2,926.3833333333333,932.4222213445383,16.928571428571427,43.26923076923077,-0.9299650851243086,2.6203782350482556,-3.5503433201725643,964.9485819741475,913.4514180258526,939.2,51.49716394829488,-77.58620689655173,19.899257055813464,23.74484871272673,12.208073741986937,-68.9764507659981,21.097046413502113,30.379746835443044,27.964710568088474,15.21079035381095,912.0,964.0,918.0,0,0,97681.9,-185339,941.5661666422678,0.7222222222222222,0.2777777777777778,0.3333333333333333,3745666.6666666665,-4.045643153526946,-4.771784232365139,0.07267157775863267,-1.1915331950253583,71.15318416523236,39.197695035460995,1.0,0.7,174068.5,-1710.0,-1.1860586093289438,0.13301392863415448,0.4866113093446816,-0.5,0.0
2015-03-17,,,,923.0,931.1,939.0,926.6666666666666,931.905819311725,17.571428571428573,44.76190476190476,-1.1914507043757112,1.8580124471634623,-3.0494631515391735,965.0768096207181,912.9231903792819,939.0,52.15361924143622,-74.13793103448276,24.629807734178673,24.03983505321071,25.809753096114605,-43.69262527442813,22.76422764227642,27.642276422764223,24.49817229172834,18.916857360793287,912.0,964.0,918.0,0,0,98834.7,-88845,941.399435960582,0.35714285714285715,0.6428571428571429,0.14285714285714285,6892428.571428572,-3.8381742738589075,-4.771784232365139,-0.28416961336335483,-1.1915331950253583,71.15318416523236,39.197695035460995,1.0,0.65,172162.45,-8179.0,-5.741059207524657,0.1440937715384721,0.5201242754280102,-0.7,0.0
2015-03-18,,,,924.2,928.6,938.05,927.0,931.1528841391798,16.428571428571427,25.60975609756099,-1.6220568082977707,1.1619985960712158,-2.7840554043689867,964.8865422511018,911.2134577488981,938.05,53.673084502203665,-79.3103448275862,25.510780913694873,24.530150340038766,27.472042061007087,-54.13219630935579,13.47826086956522,30.434782608695656,22.55247249526786,0.0,970.0,964.0,918.0,0,0,91961.75,-159778,940.9882072347108,0.4,0.6,0.3,7093300.0,-4.1493775933609705,-4.771784232365139,-1.7048410021928846,-1.1915331950253583,71.15318416523236,38.46491228070176,1.0,0.6,168478.45,-6121.0,-4.558181791102567,0.15209646044024847,0.5400235725913106,-0.4,0.0
2015-03-19,,,,927.6,928.1,938.2,927.8,932.2811808878295,17.071428571428573,40.0,-0.4252717693957493,0.8445445229778229,-1.269816292373572,965.115853281847,911.2841467181531,938.2,53.83170656369384,-46.55172413793103,47.39934413854168,32.15321493953974,77.89160253654558,4.1194089698830005,17.573221757322173,29.28870292887029,19.494180212837644,33.40577637975406,912.0,964.0,918.0,0,0,94635.55,-33295,940.8934604032698,0.8333333333333334,0.16666666666666666,1.0555555555555556,7026833.333333333,-2.178423236514493,-4.771784232365139,0.32300273188405837,-1.1915331950253583,71.15318416523236,38.46491228070176,2.0,0.6,165191.45,1516.0,1.1828502321226564,0.15858586457394885,0.6237815496886899,-0.1,0.0
2015-03-20,,,,934.0,929.0,938.6,928.7333333333333,934.063925565179,15.0,51.06382978723405,1.1554033667172234,0.9067162917257031,0.24868707499152032,966.0487081470612,911.1512918529388,938.6,54.89741629412242,-18.75,63.30687983219852,42.537769903759326,104.8450996890769,41.6978832552267,22.857142857142854,20.952380952380953,18.002336014776464,59.08955396418816,912.0,964.0,918.0,0,0,96850.7,94889,941.2877690438306,0.8181818181818182,0.18181818181818182,0.7272727272727273,11653090.90909091,-1.3485477178422967,-4.771784232365139,0.7213274800223379,-1.1915331950253583,71.15318416523236,38.46491228070176,2.0,0.6,162818.8,9750.0,7.518449117449744,0.16139238250756655,0.7279900908362512,0.3,1.0
2015-03-23,,,,940.2,931.2,939.1,929.65,936.1530755113524,15.0,56.38297872340426,2.779517466330276,1.281276526646618,1.498240939683658,967.465286419837,910.7347135801631,939.1,56.73057283967387,-10.204081632653061,72.13655934391466,52.404033050477764,111.60161193078844,63.43649050262514,26.666666666666668,20.952380952380953,17.43090744334789,71.43752395670454,912.0,964.0,918.0,0,0,98065.75,190278,941.8725732480503,0.5833333333333334,0.4166666666666667,0.4166666666666667,7949083.333333333,-0.8298755186721851,-4.771784232365139,0.8761555601756457,-1.1915331950253583,70.51316376617582,38.46491228070176,2.0,0.6,160522.4,-2819.0,-2.0217885549124626,0.1648971927361153,0.7729889932394168,0.3,1.0
2015-03-24,,,,945.2,934.1,939.75,930.7,937.6623064150331,15.214285714285714,51.61290322580645,3.701207801168721,1.7652627815510387,1.9359450196176822,968.6955023321126,910.8044976678874,939.75,57.89100466422519,-29.82456140350877,71.48285242810684,58.76363950968745,96.92127826494561,63.8067244422174,25.821596244131456,20.657276995305164,15.797373770979267,66.29158997983181,969.0,964.0,918.0,0,0,101363.9,85303,942.6662672805604,0.10526315789473684,0.8947368421052632,0.21052631578947367,5525000.0,-1.2448132780082721,-4.771784232365139,1.131393723264252,-1.1915331950253583,70.51316376617582,38.46491228070176,2.0,0.6,158362.15,-4371.0,-3.199572511931603,0.17015668277175755,0.7880379981768005,0.5,0.0
2015-03-25,,,,949.0,936.6,940.0,931.6166666666667,938.17065818503,15.071428571428571,47.524752475247524,3.6632021341484915,2.1448506520705295,1.518351482077962,968.9682221534567,911.0317778465433,940.0,57.93644430691347,-45.6140350877193,65.78388992283146,61.103722980735455,75.14422380702348,25.185791443818523,26.066350710900473,19.90521327014218,15.096500638221011,65.35931262269753,969.0,964.0,918.0,0,0,102975.55,15929,942.9144326007485,0.0,1.0,0.75,5781166.666666667,-2.178423236514493,-4.771784232365139,0.47740241981932013,-1.1915331950253583,70.51316376617582,38.46491228070176,2.0,0.6,156132.2,-3717.0,-2.810777292972677,0.17613442981604824,0.7853028066543036,0.5,0.0
2015-03-26,,,,951.6,939.6,939.6,932.4333333333333,939.8686907388367,15.142857142857142,56.481481481481474,4.628716758173709,2.6416238732911657,1.9870928848825438,967.3689717034835,911.8310282965166,939.6,55.53794340696686,-22.80701754385965,69.58692076726776,63.93145557624622,80.89785114931081,41.452403354290766,23.584905660377363,21.226415094339625,13.765740108578319,100.0,912.0,963.0,918.0,0,0,98797.65,109357,942.1246649085277,0.9411764705882353,0.058823529411764705,0.7647058823529411,5495764.705882353,-0.726895119418447,-4.771784232365139,-0.6624663659564194,-1.1915331950253583,70.51316376617582,38.46491228070176,1.0,0.6,152126.25,2925.0,2.275839531916213,0.16231251689863818,0.7323858575518685,0.5,0.0
2015-03-27,,,,951.2,942.6,938.9,933.1666666666666,940.7383392398999,14.714285714285714,57.00934579439252,4.774020617359497,3.068103222104832,1.705917395254665,964.8302708694606,912.9697291305393,938.9,51.860541738921256,-35.08771929824562,66.11917166797443,64.66069427348896,69.03612645694537,35.52333570164036,24.271844660194176,12.135922330097088,15.92691226975048,100.0,969.0,956.0,918.0,0,0,97481.65,14429,941.1332255865591,0.6,0.4,0.4666666666666667,6328533.333333334,-0.7322175732217495,-4.771784232365139,-1.1960603692597866,-1.1915331950253583,70.51316376617582,38.46491228070176,1.0,0.6,147698.15,-7642.0,-5.813661572168671,0.1420615740901247,0.7018669250715638,0.4,0.0
2015-03-30,,,,956.4,948.3,940.55,934.4666666666667,944.6680212170523,16.142857142857142,72.86821705426357,7.465936511395512,3.947669879962968,3.5182666314325437,972.6516477687496,908.4483522312503,940.55,64.20329553749934,-2.7777777777777777,76.37111444531628,68.56416766409806,91.98500800775273,107.26886708834873,34.51327433628318,11.061946902654869,18.986599485781852,99.99999999999999,912.0,982.0,918.0,1,0,104770.85,358074,945.1708869085883,0.9473684210526315,0.05263157894736842,0.868421052631579,9043289.47368421,0.0,-4.771784232365139,2.4315526418390787,-0.95699575333345,71.15318416523236,38.46491228070176,2.0,0.6,145683.1,32429.0,26.193187784212533,0.12168799681955654,1.0021224222170286,0.7,0.0
2015-03-31,,,,955.6,950.4,940.75,934.7,944.985352529714,18.0,59.49367088607595,6.77765481570998,4.513666867112371,2.2639879485976087,972.9916859947593,908.5083140052407,940.75,64.48337198951867,-50.68493150684932,62.60998272962606,66.5794393526074,54.67106948366339,64.1292806506648,31.34920634920635,7.53968253968254,22.42300917846455,71.69914995657358,985.0,982.0,918.0,0,0,112458.4,121247,946.7509480542731,0.02631578947368421,0.9736842105263158,0.8947368421052632,6232289.473684211,-3.462321792260692,-4.771784232365139,0.3442328574179919,-1.2919597726965442,71.15318416523236,38.46491228070176,3.0,0.6,142816.65,-34821.0,-22.287436954351115,0.11697679489344323,1.2334708556776666,0.7,0.0
2015-04-01,,,,955.4,952.2,940.4,934.5,944.7010332411697,18.285714285714285,55.12820512820513,5.682532064780048,4.747439906645907,0.9350921581341414,972.4157855801005,908.3842144198994,940.4,64.03157116020111,-58.9041095890411,45.2122107086396,59.45702980461813,16.72257251668256,12.742287363441102,30.859375000000004,10.9375,24.637072373836155,62.46172311385354,985.0,982.0,918.0,0,0,112316.85,-1868,946.3802130609372,0.29411764705882354,0.7058823529411765,0.35294117647058826,7242058.823529412,-4.073319755600813,-4.771784232365139,-0.3095354317938908,-1.2919597726965442,70.51316376617582,38.46491228070176,3.0,0.6,139252.65,-6252.0,-5.14928139027303,0.10302064422350032,1.3393259122468777,0.7,0.0
2015-04-02,,,,947.4,949.5,938.8,933.95,941.9676015039154,20.0,49.142857142857146,2.6856976352505626,4.3350914523668385,-1.6493938171162759,972.376934438852,905.2230655611479,938.8,67.1538688777041,-94.52054794520548,30.617664281950212,49.84390796372883,-7.834823081607027,-41.44237572154564,27.5,17.857142857142858,25.17041087893681,49.79658788900637,985.0,982.0,916.0,0,1,115617.9,-174185,945.0702541157842,0.027777777777777776,0.9722222222222222,0.7222222222222222,4786583.333333333,-6.72097759674134,-6.72097759674134,-1.652841139604149,-2.7951967690185544,69.87239340180517,38.46491228070176,4.0,0.55,136498.05,-1003.0,-0.8709394510389656,0.09926550220407127,1.4990617894784186,0.6,-1.0
2015-04-03,,,,942.4,946.8,937.9,933.5333333333333,940.2564013606853,19.857142857142858,49.71751412429379,0.9453208299468088,3.657137327882833,-2.711816497936024,972.07539896961,903.72460103039,937.9,68.35079793922,-81.33333333333333,26.633998410189033,42.10727144588223,-4.312547661197371,-59.40935891533487,27.697841726618705,17.62589928057554,25.469656260149403,51.01257539643522,910.0,982.0,916.0,0,0,116939.85,-52979,943.7333384071668,0.875,0.125,0.5,7575375.0,-5.906313645621175,-6.72097759674134,-0.8691623282572108,-2.7951967690185544,69.02356902356902,38.46491228070176,4.0,0.5,133596.35,-3903.0,-3.4188857743517875,0.09401924750091245,1.5655743032735392,0.4,-1.0
2015-04-06,,,,930.8,943.6,937.4,933.1166666666667,938.7081726596678,19.571428571428573,49.142857142857146,-0.4289951380825414,2.8399108346897584,-3.2689059727722998,972.1041632569292,902.6958367430708,937.4,69.40832651385836,-81.33333333333333,23.978221162348245,36.06425468470424,-0.1938458823637461,-50.3730576191152,25.912408759124084,17.883211678832115,26.08793583004188,49.79658788900637,985.0,982.0,916.0,0,0,117395.3,-52979,943.2193306148826,0.8,0.2,0.0,12120600.0,-5.906313645621175,-6.72097759674134,-0.43773585276661164,-2.7951967690185544,69.02356902356902,38.46491228070176,4.0,0.5,131495.45,0.0,0.0,0.09721999206264292,1.3455301582957744,0.2,-1.0
2015-04-07,,,,925.2,940.4,937.25,932.5333333333333,936.9264419301755,19.714285714285715,48.86363636363637,-1.819937903483492,1.9079410870551083,-3.7278789905386,972.2409762802898,902.2590237197102,937.25,69.98195256057966,-86.66666666666667,20.429925219343275,30.852811529583917,-0.41584740113800933,-42.94140303126287,27.89855072463768,17.028985507246375,25.057913472967464,26.967195540308758,985.0,982.0,916.0,0,0,117327.3,-131122,943.083652596909,0.0,1.0,0.3333333333333333,6511916.666666667,-6.313645621181263,-6.72097759674134,-0.054913597934291104,-2.7951967690185544,67.38443256090315,38.46491228070176,4.0,0.5,128649.65,-22886.0,-20.756958741848585,0.1225989116780929,1.1342948437693736,0.2,-1.0
2015-04-08,,,,912.0,933.7,935.15,931.2,931.1239236511112,22.642857142857142,33.33333333333333,-6.3989393532593795,0.24656499899221074,-6.64550435225159,978.9402897190619,891.3597102809381,935.15,87.58057943812378,-85.15625,18.567866812895517,26.75782995735445,2.1879405239776517,-145.54545488638098,19.24290220820189,34.70031545741325,25.318982812984167,0.0,985.0,982.0,876.0,0,1,124780.4,-345858,937.6718686054328,0.6333333333333333,0.36666666666666664,1.4666666666666666,7157866.666666667,-10.794297352342141,-10.794297352342141,-1.8563004789944912,-3.5283361374302658,66.06133735545501,37.954887218045116,5.0,0.5,127389.0,32087.0,36.72500028613612,0.1211110350146302,1.280002005185217,-0.1,0.0
2015-04-09,,,,902.8,925.1,932.35,929.8166666666667,925.3025975891006,22.785714285714285,29.64824120603015,-10.392186194499686,-1.8811852397061686,-8.511000954793518,984.8908112051996,879.8091887948004,932.35,105.08162241039918,-89.84375,15.763994541930344,23.093218152213083,1.1055473213648668,-119.64805418395481,16.927899686520377,34.48275862068965,27.447448197016893,0.0,985.0,982.0,870.0,0,1,125960.0,-448829,935.4362448396316,0.3076923076923077,0.6923076923076923,0.46153846153846156,7920846.153846154,-11.405295315682263,-11.405295315682263,-2.5422177943584967,-3.5283361374302658,65.03052503052503,36.38095238095238,5.0,0.5,126387.5,3139.0,2.627701786401926,0.1189359906803746,1.146098083010845,-0.4,0.0
2015-04-10,,,,890.2,916.3,929.45,928.4166666666666,919.1785406758529,22.928571428571427,26.60098522167489,-14.120317637699259,-4.329011719304787,-9.791305918394471,990.7636028523199,868.1363971476802,929.45,122.62720570463966,-96.875,11.550996361286897,19.24581088857102,-3.8386326932813546,-110.21354972126755,14.330218068535826,36.44859813084113,29.701611211916106,0.0,985.0,982.0,861.0,0,1,127259.85,-532250,933.401410447469,0.14285714285714285,0.8571428571428571,0.6428571428571429,5958642.857142857,-12.321792260692444,-12.321792260692444,-2.655396047710059,-3.5283361374302658,64.46128584059619,33.00813008130081,5.0,0.5,125643.9,6706.0,5.469954403451971,0.11511001868832314,1.0552690215059737,-0.5,0.0
2015-04-13,,,,884.0,907.4,927.85,927.5333333333333,916.6853463257717,24.285714285714285,37.229437229437224,-14.32759648763988,-6.328728672971806,-7.998867814668074,991.285918764284,864.414081235716,927.85,126.871837528568,-71.875,20.071798261476488,19.52114001287284,21.17311475868378,-68.61123937847196,18.823529411764707,34.411764705882355,30.999515272251102,22.971877907500193,857.0,982.0,861.0,0,0,132020.6,-369613,930.7027299779983,0.8333333333333334,0.16666666666666666,0.8888888888888888,4517694.444444444,-9.063136456211796,-12.321792260692444,-1.2083377407023645,-3.5283361374302658,64.30213464696223,33.00813008130081,6.0,0.5,124450.55,-10705.0,-8.27900358073672,0.11232113623922299,1.1096741588528307,-0.6,0.0
2015-04-14,,,,878.8,902.0,926.2,927.0166666666667,914.5248371518886,24.285714285714285,39.01345291479821,-14.246944914372193,-7.912371921251884,-6.334572993120309,991.4205973277203,860.9794026722798,926.2,130.44119465544054,-71.09375,26.50176621687085,21.848015414205513,35.80926782220152,-51.93645364150643,18.823529411764707,32.35294117647059,31.930566683217197,26.827772489255562,857.0,982.0,861.0,0,0,133786.8,-237795,928.9143602607533,0.6666666666666666,0.3333333333333333,0.08333333333333333,10984833.333333334,-8.96130346232178,-12.321792260692444,-1.2492678028889765,-3.5283361374302658,63.76623376623376,33.00813008130081,6.0,0.5,123424.75,-4828.0,-4.070894956070081,0.11319809183703591,1.1625250415203499,-0.8,0.0
2015-04-15,,,,882.8,897.4,924.8,926.55,912.7605669469469,24.428571428571427,35.84905660377359,-13.861853853671164,-9.10226830773574,-4.759585545935424,991.4067801195185,858.1932198804814,924.8,133.21356023903718,-69.53125,35.0011774779139,26.232402768774975,52.53872689619175,-41.32866973867659,21.052631578947373,31.286549707602344,32.95127487828587,19.98838274042743,857.0,982.0,861.0,0,0,137338.25,-95833,927.4090682433091,0.3684210526315789,0.631578947368421,0.10526315789473684,7471684.2105263155,-8.757637474541735,-12.321792260692444,-1.0363275622449049,-3.5283361374302658,63.76623376623376,33.00813008130081,6.0,0.5,122441.85,-5263.0,-4.625999824206728,0.1168541771232764,1.0646721134762684,-0.7,1.0
2015-04-16,,,,885.2,894.0,921.75,925.8,909.8309891424758,25.142857142857142,34.70319634703198,-14.518983605501717,-10.185611367288935,-4.333372238212782,990.4028260620853,853.0971739379147,921.75,137.3056521241706,-80.46875,34.44522942972038,28.970011655756775,45.39566497764759,-48.18981554733079,20.454545454545457,32.67045454545454,32.21279766922043,17.511769787035828,985.0,982.0,861.0,0,0,138582.35,-247198,924.8371391931704,0.038461538461538464,0.9615384615384616,0.5384615384615384,5821730.76923077,-10.183299389002032,-12.321792260692444,-2.492563004592424,-3.5283361374302658,63.76623376623376,33.00813008130081,5.0,0.45,121752.85,7394.0,6.814306911074852,0.11722630939081854,1.157886266250812,-0.7,0.0
2015-04-17,,,,890.6,890.4,918.6,925.1,907.7518473193828,23.428571428571427,25.520833333333343,-14.3897378714031,-11.026436668111769,-3.3633012032913303,987.3831068611241,849.8168931388759,918.6,137.56621372224822,-75.78125,36.74126406425803,31.560429125257194,47.10293394225971,-48.96620763414827,13.109756097560977,35.97560975609756,31.86476483008224,0.0,857.0,982.0,861.0,0,0,139499.5,-100671,921.7026284443074,0.7142857142857143,0.2857142857142857,0.42857142857142855,10466214.285714285,-9.57230142566191,-12.321792260692444,-2.56526669947702,-3.5283361374302658,63.76623376623376,31.295501899742625,5.0,0.4,120495.85,-1610.0,-1.3891165736274913,0.11395015075900655,1.2852648482634756,-0.6,1.0
2015-04-20,,,,887.0,885.5,914.55,924.4166666666666,904.6326237651559,22.5,28.654970760233923,-15.161528388888087,-11.853455012267034,-3.308073376621053,983.599105333549,845.5008946664509,914.55,138.0982106670981,-81.44329896907216,36.25888192519163,33.12658005856868,42.52348565843754,-47.87341715374053,15.873015873015873,38.41269841269841,30.45733469010645,10.58566578828667,954.0,982.0,861.0,0,0,141709.2,-240254,918.6810530532481,0.0,1.0,0.52,5583320.0,-10.89613034623218,-12.321792260692444,-3.3468153373971616,-3.5283361374302658,63.76623376623376,29.449587116870905,5.0,0.35,120288.45,18173.0,15.90063959541872,0.11226121637876979,1.2217474211514627,-0.7,0.0
2015-04-21,,,,886.4,882.6,911.5,924.0166666666667,903.3342786446649,23.0,35.911602209944746,-14.317073342599883,-12.346178678333604,-1.9708946642662788,978.9544680740499,844.0455319259501,911.5,134.90893614809988,-63.829787234042556,45.94129543312095,37.3981518500861,63.02758259919064,-39.216824223843304,15.527950310559007,35.40372670807453,29.840251750251685,42.94295141709375,857.0,982.0,861.0,0,0,145242.4,-64615,915.3404126480973,0.7916666666666666,0.20833333333333334,0.6666666666666666,7318291.666666667,-9.266802443991862,-12.321792260692444,-2.382915472858646,-3.5283361374302658,63.76623376623376,31.295501899742625,5.0,0.3,119478.95,-16413.0,-12.390536296654187,0.11074785217768907,1.292713033923903,-0.7,0.0
2015-04-22,,,,887.4,885.1,909.4,923.85,903.111966392792,21.571428571428573,45.45454545454545,-12.694584934908562,-12.415859929648597,-0.2787250052599646,975.3230811747605,843.4769188252394,909.4,131.84616234952114,-41.333333333333336,59.198958860175864,44.66508752011602,88.26670154029554,-16.87804453819042,19.86754966887417,30.463576158940395,29.825450968770422,82.38201054691383,857.0,982.0,861.0,0,0,150596.55,111842,913.6538758690023,0.6875,0.3125,0.625,11028562.5,-8.248472505091664,-12.321792260692444,-1.5748387226665204,-3.5283361374302658,63.76623376623376,33.00813008130081,5.0,0.25,118694.05,-3225.0,-2.7789506337730807,0.11064140400228757,1.343843732651996,-0.7,0.0
2015-04-23,,,,891.8,888.5,906.8,923.6833333333333,903.1965410220499,21.357142857142858,43.75,-11.03942068461015,-12.140572080640908,1.1011513960307582,968.9800441840625,844.6199558159374,906.8,124.36008836812516,-37.333333333333336,66.7993059067839,52.04316031567198,96.31159708900773,-3.104724084305368,22.40802675585284,29.096989966555185,29.165793166255476,77.17021544664229,857.0,982.0,861.0,0,0,154505.25,283444,912.081180197221,0.3076923076923077,0.6923076923076923,0.23076923076923078,13200153.846153846,-7.942973523421603,-12.321792260692444,-2.000733425990556,-3.5283361374302658,63.76623376623376,34.42922374429225,5.0,0.2,117885.1,2444.0,2.1661673727686903,0.1085761903429473,1.3803858975032521,-0.3,0.0
2015-04-24,,,,899.8,895.2,905.75,923.9,905.5587752104261,22.428571428571427,51.086956521739125,-7.702304298369427,-11.252918524186612,3.550614225817185,965.594975166063,845.905024833937,905.75,119.68995033212605,-5.333333333333333,77.2814086162185,60.455909749187484,110.93240635028053,28.956026370356025,26.433121019108285,27.707006369426754,28.024336583622418,100.0,857.0,982.0,861.0,0,0,164380.25,575872,912.044905435213,0.9375,0.0625,1.5,18276750.0,-5.498981670061109,-12.321792260692444,-0.6619566906688901,-3.5283361374302658,63.76623376623376,35.61988455242527,5.0,0.2,117051.5,-8135.0,-7.057343628003821,0.11051302848233807,1.6698811395635957,-0.3,1.0
2015-04-27,,,,913.4,900.2,903.8,924.4833333333333,909.1246061427665,23.142857142857142,55.89743589743589,-3.803397678968622,-9.763014355143014,5.959616676174392,955.1177921336139,852.482207866386,903.8,102.63558426722784,-7.526881720430108,81.86281941935934,67.59154630591144,110.40536564625515,67.01029075285979,30.246913580246915,26.851851851851855,26.720936409254506,100.0,857.0,948.0,861.0,0,0,160102.0,833952,908.033588379075,0.6818181818181818,0.3181818181818182,0.6818181818181818,11730909.09090909,-0.5274261603375852,-12.321792260692444,-1.4320777773165616,-3.5283361374302658,63.76623376623376,35.899093088710515,4.0,0.2,114682.1,1713.0,1.598917253931953,0.0799907973884398,1.9333351165122632,0.1,1.0
2015-04-28,,,,922.6,904.5,903.25,925.1,911.7794055577411,19.857142857142858,69.42675159235668,-1.183987675973981,-8.047209019309207,6.863221343335226,952.77776998811,853.72223001189,903.25,99.05553997621996,-14.285714285714286,82.35299072401733,72.5120277786134,102.03491661482519,71.2061461886668,35.25179856115108,8.633093525179856,29.006705476731945,100.0,950.0,943.0,861.0,0,0,155891.8,681329,905.5858210630706,0.35294117647058826,0.6470588235294118,0.35294117647058826,8977823.529411765,-0.6362672322375418,-12.321792260692444,-0.350520862775207,-2.8612111141881282,64.30213464696223,36.896606156274665,3.0,0.2,113911.5,-2845.0,-2.613736586799942,0.08098692219836637,1.9186021096137469,0.3,1.0
2015-04-29,,,,925.6,906.5,901.95,925.3666666666667,912.1813669331943,20.785714285714285,63.372093023255815,-0.7934643097991056,-6.596460077407187,5.802995767608081,948.4687002578462,855.4312997421539,901.95,93.0374005156923,-37.362637362637365,73.70541261943036,72.90982272555239,75.2965924071863,42.03532952049762,33.67697594501718,14.7766323024055,29.353901957815292,86.20992611205315,950.0,943.0,861.0,0,0,158465.2,506746,904.9848173815661,0.15384615384615385,0.8461538461538461,0.8076923076923077,6714730.76923077,-2.8632025450689325,-12.321792260692444,-0.9981148127977276,-2.8612111141881282,64.30213464696223,37.212121212121204,3.0,0.2,113243.3,-4204.0,-3.965925492674738,0.08482666493260616,1.9488026972191392,0.5,0.0
2015-04-30,,,,929.4,910.6,902.3,925.7166666666667,913.2117129395568,20.714285714285715,68.23529411764706,0.07994817720179981,-5.261178426485389,5.341126603687189,949.3659112309017,855.2340887690982,902.3,94.1318224618035,-31.03448275862069,70.9318135411587,72.25048633075448,68.29446796196714,45.779403759096866,33.79310344827586,12.413793103448276,29.54750013694593,97.28633969643771,863.0,943.0,861.0,0,0,155939.3,628545,904.4666034583115,0.45454545454545453,0.5454545454545454,0.6363636363636364,11072636.363636363,-2.120890774125117,-12.321792260692444,0.4675980811770044,-2.3682659737367215,64.46128584059619,37.972203235361135,2.0,0.25,112467.55,-3154.0,-3.098262261908269,0.09015726554252068,1.8980075687123872,0.2,1.0
2015-05-04,,,,931.2,915.5,902.95,926.0666666666667,915.4772640881704,19.357142857142858,64.47368421052632,1.8801437362229763,-3.8329139939437167,5.7130577301666925,951.6098288875285,854.2901711124716,902.95,97.31965777505684,-16.666666666666668,75.06565347188358,73.18887537779752,78.81920966005569,62.9639067376239,30.627306273062732,13.284132841328415,30.27707373434069,88.71890720378583,863.0,943.0,861.0,0,0,157422.6,779417,905.219944806739,0.8421052631578947,0.15789473684210525,0.7368421052631579,7940631.578947368,-0.6362672322375196,-12.321792260692444,0.7363372208621541,-2.3682659737367215,64.54598033545402,38.46491228070176,2.0,0.3,112057.2,3405.0,3.451771503877543,0.0927806910037706,1.6477844442068565,0.5,0.0
2015-05-05,,,,931.4,922.4,903.95,926.6,918.1937151273922,20.071428571428573,65.82278481012659,3.8275317811971945,-2.3008248389155344,6.128356620112729,955.1851647333966,852.7148352666035,903.95,102.47032946679315,-15.294117647058824,76.90944062304676,74.4290637928806,81.8701942833791,82.1189008091873,35.587188612099645,12.811387900355871,31.750076728641858,91.79161505980024,863.0,944.0,861.0,1,0,166300.6,1078183,908.2117179172335,0.4090909090909091,0.5909090909090909,0.3181818181818182,13580272.727272728,0.0,-12.321792260692444,1.0511558040072224,-2.3682659737367215,65.03268883015718,38.46491228070176,2.0,0.35,112104.75,9158.0,8.974032337089666,0.09268341002956611,1.7108921519602511,0.5,0.0
2015-05-06,,,,933.0,927.8,905.2,927.0,920.7466946390691,19.785714285714285,65.60509554140128,5.38941663943956,-0.7627765432445155,6.1521931826840754,959.2276732210387,851.1723267789614,905.2,108.05534644207728,-14.117647058823529,77.58874988904873,75.4822924916033,81.80166468393958,76.01624824823291,32.49097472924188,12.996389891696753,33.41465317374504,91.29580657347944,863.0,945.0,861.0,1,0,171615.25,1262619,909.8470092255787,0.4666666666666667,0.5333333333333333,0.06666666666666667,12295733.333333334,0.0,-12.321792260692444,1.2829607979482158,-2.3682659737367215,65.64863339514635,38.46491228070176,2.0,0.4,113505.9,4186.0,3.7641176893748574,0.07592171076914614,1.7425954446407452,0.6,0.0
2015-05-07,,,,937.2,931.4,908.25,927.3333333333334,922.2946284829673,18.857142857142858,68.21192052980132,5.913521110832562,0.5724829875709001,5.3410381232616615,962.2241653600213,854.2758346399787,908.25,107.94833072004258,-23.529411764705884,70.24435177788433,73.73631225369698,63.26043082625904,54.60524979907556,34.09090909090909,12.878787878787877,34.997984453471005,97.23310407633784,957.0,945.0,861.0,0,0,166915.85,1141871,913.177870266165,0.5,0.5,0.8,12074800.0,-0.8465608465608621,-12.321792260692444,3.710362395649122,-1.5964347652081112,66.06999255398362,38.46491228070176,1.0,0.45,112834.8,-9358.0,-8.109607085290394,0.07668021258769744,1.6273490002341657,0.6,0.0
2015-05-08,,,,942.2,935.8,912.15,927.9333333333333,924.7427591036371,19.571428571428573,69.23076923076923,7.13424659570353,1.8848357091974262,5.249410886506104,965.7578352481718,858.5421647518282,912.15,107.21567049634359,-10.588235294117647,73.49623451858956,73.6562863419945,73.17613087177966,60.81194582806334,36.86131386861314,12.40875912408759,35.21554007475334,99.5193186130515,872.0,948.0,861.0,1,0,171441.55,1335356,916.1261287010062,0.7916666666666666,0.20833333333333334,0.4583333333333333,8061875.0,0.0,-12.321792260692444,4.733929021763268,-1.5964347652081112,67.28944292948968,38.9190956651719,1.0,0.5,112799.35,15852.0,14.949639744992261,0.07634308072403834,1.6978848894039043,0.9,0.0
2015-05-11,,,,942.4,936.8,916.0,928.2166666666667,926.0053534747193,19.214285714285715,70.58823529411765,7.211632698144399,2.950195106986821,4.261437591157578,965.0026852110154,866.9973147889846,916.0,98.00537042203086,-22.352941176470587,68.25674893831896,71.85644054076933,61.05736573341824,56.910025562783005,35.68773234200743,11.524163568773234,35.90558539803529,100.0,957.0,948.0,875.0,0,0,176053.1,1159704,918.7104645321971,0.1,0.9,0.5,8782600.0,-1.0548523206751037,-10.89613034623218,4.719543495061128,-1.5964347652081112,68.21659524737046,38.9190956651719,1.0,0.55,112644.95,4327.0,3.5499803097925886,0.07388540824595091,1.6805401378316174,0.5,0.0
2015-05-12,,,,939.8,935.6,917.9,928.3166666666667,926.4810340961745,18.142857142857142,63.888888888888886,6.631674428567976,3.6864909713030523,2.945183457264924,966.0877905479165,869.7122094520835,917.9,96.37558109583301,-38.80597014925373,59.57857336628672,67.76381814927512,43.20808380030991,32.209299565957565,37.79527559055118,13.385826771653543,36.52472235863568,75.03805175038049,957.0,948.0,875.0,0,0,172857.0,1060989,920.7138735100884,0.1111111111111111,0.8888888888888888,0.7777777777777778,10968333.333333334,-1.793248945147674,-10.89613034623218,2.6806061411654944,-1.5964347652081112,68.21659524737046,38.9190956651719,0.0,0.6,112601.2,-8492.0,-6.728201877748285,0.07364150014921847,1.310937117356458,0.4,0.0
2015-05-13,,,,936.8,934.9,919.7,928.3,926.8161737060626,18.0,60.74074074074074,6.021944451793502,4.153581667401142,1.8683627843923594,966.806151123599,872.5938488764011,919.7,94.21230224719784,-47.36842105263158,49.97545916726807,61.83436515527278,26.257647191258656,23.011225672903088,34.12698412698413,15.873015873015873,37.628672710706326,63.30796549974631,957.0,948.0,875.0,0,0,172120.6,943899,922.1264003262828,0.42857142857142855,0.5714285714285714,0.07142857142857142,8363571.428571429,-1.8987341772151778,-10.89613034623218,2.5409784034675713,-1.5964347652081112,68.21659524737046,38.9190956651719,0.0,0.65,112718.55,-1606.0,-1.36421939637964,0.0738660190505124,1.1929499458162618,0.3,0.0
2015-05-14,,,,936.2,936.7,921.6,928.15,927.5003476388185,18.428571428571427,61.029411764705884,5.794697952021011,4.481804924325116,1.3128930276958943,967.7366391675786,875.4633608324215,921.6,92.2732783351571,-51.111111111111114,48.39633785754379,57.35502272269645,30.47896812723849,13.346810875662314,30.620155038759695,18.992248062015506,38.37513606877683,50.98360655737706,912.0,948.0,875.0,0,0,173212.0,1107689,923.3906871348405,1.0,0.0,0.21052631578947367,8620526.315789474,-1.4767932489451296,-10.89613034623218,2.6665953968215668,-1.5964347652081112,68.21659524737046,38.9190956651719,0.0,0.7,112571.3,-10555.0,-9.089969599627956,0.0748847040883122,1.2755208809771355,0.1,0.0
2015-05-15,,,,935.2,938.7,924.65,928.2,928.9765050065502,18.214285714285715,56.19834710743801,6.268568096620697,4.839157558784233,1.429410537836464,967.7277754397466,881.5722245602534,924.65,86.15555087949315,-31.11111111111111,54.486447460584756,56.39883096865922,50.66168044443582,38.29241990350191,30.980392156862745,19.215686274509803,39.881175984743216,2.0482970454969744,912.0,948.0,875.0,0,0,178712.4,1369062,926.0437015935473,0.6818181818181818,0.3181818181818182,0.4090909090909091,11880590.90909091,-0.5274261603375185,-10.89613034623218,4.439958015564368,-1.5028255309738785,68.21659524737046,38.9190956651719,0.0,0.75,113393.3,26779.0,25.36803016236904,0.0838202658765151,1.3530401815121196,0.1,0.0
2015-05-18,,,,934.2,938.3,926.9,928.0333333333333,929.3596950059264,18.0,45.689655172413794,5.770676408240092,5.025461328675405,0.7452150795646872,966.4761757147612,887.3238242852387,926.9,79.15235142952247,-53.333333333333336,50.95844464851992,54.58536886194612,43.704596221667515,27.446816029795443,23.01587301587302,19.444444444444443,40.05726662812358,0.0,957.0,948.0,875.0,0,0,179944.9,1197885,928.2110341369312,0.15789473684210525,0.8421052631578947,0.5263157894736842,9009315.789473685,-1.5822784810126334,-10.89613034623218,3.215267897433686,-1.5028255309738785,66.30061195406154,38.9190956651719,0.0,0.8,114059.05,-4735.0,-3.5778783596920105,0.08787580838829759,1.3429923168349904,0.4,0.0
2015-05-19,,,,933.2,936.5,929.45,927.7,929.039724052981,17.571428571428573,45.2991452991453,4.756423075084399,4.971653677957205,-0.21523060287280593,960.6267457198364,898.2732542801637,929.45,62.35349143967278,-68.88888888888889,42.91538586324093,50.69537452904439,27.355408531633984,-4.59253264786716,23.577235772357724,22.76422764227642,35.85002721812317,0.0,957.0,948.0,891.0,0,0,178370.6,1089788,929.9504798810267,0.2727272727272727,0.7272727272727273,0.6363636363636364,9827000.0,-2.3206751054852037,-9.266802443991862,3.791322475907624,-1.1194828829175525,65.64863339514635,38.9190956651719,0.0,0.8,113388.1,-8561.0,-6.7089321818723295,0.08057314798049377,1.3568920272146388,0.4,0.0
2015-05-20,,,,929.0,932.9,930.35,927.2,927.1311789050781,17.571428571428573,46.902654867256636,2.551450542554221,4.487613050876608,-1.9361625083223872,957.6516290239896,903.0483709760105,930.35,54.603258047979125,-84.21052631578948,33.967400099303475,45.11938305246409,11.663434192982251,-77.52842345975233,23.577235772357724,24.39024390243902,33.18487172209858,6.3407167613786175,957.0,948.0,901.0,0,0,178875.45,904052,931.0387895599983,0.45,0.55,0.85,9286800.0,-4.113924050632889,-8.248472505091664,1.3659474622089294,-1.8561202403701034,64.98915097641212,38.9190956651719,0.0,0.8,113585.55,955.0,0.8022176487882726,0.08133704238783301,1.464776131350984,0.1,0.0
2015-05-21,,,,925.2,930.7,931.05,926.8166666666667,925.9758285331658,17.714285714285715,46.42857142857143,1.273464079260748,3.844783256553437,-2.571319177292689,955.779909442773,906.3200905572269,931.05,49.459818885546156,-73.6842105263158,31.57350482810708,40.60409031101175,13.512333862297737,-62.59198567246166,25.0,24.193548387096772,29.997063689661235,4.466060778188012,900.0,948.0,904.0,0,0,175842.6,1019852,932.1730928682811,0.3076923076923077,0.6923076923076923,0.46153846153846156,8907692.307692308,-3.481012658227811,-7.942973523421603,1.085685585735683,-1.8561202403701034,64.54598033545402,38.9190956651719,0.0,0.8,113370.9,-11467.0,-9.55583333333333,0.08209256749211204,1.3678474486046936,0.1,0.0
2015-05-22,,,,919.2,927.2,931.5,925.9666666666667,924.740035339531,17.285714285714285,37.99999999999999,0.09813606295654154,3.095453817834058,-2.9973177548775163,954.418620331291,908.581379668709,931.5,45.83724066258196,-77.19298245614036,29.71566988540472,36.97461683580941,15.197775984595339,-76.76398580908302,21.074380165289256,25.206611570247933,27.8136903403215,0.0,957.0,948.0,909.0,0,0,173076.95,903563,932.9213949825978,0.23076923076923078,0.7692307692307693,0.15384615384615385,8945307.692307692,-3.6919831223628297,-5.498981670061109,0.7305066570987868,-1.8561202403701034,64.32330827067669,38.43333333333334,0.0,0.8,113295.25,5224.0,4.813282596076762,0.08205818730553054,1.177299760634847,-0.3,-1.0
2015-05-25,,,,915.2,924.7,930.75,925.1333333333333,923.6219367357662,16.571428571428573,33.33333333333333,-0.8238233351503368,2.311598387237179,-3.1354217223875156,955.088619949532,906.411380050468,930.75,48.677239899064034,-76.78571428571429,28.47711325693648,34.14211564285176,17.147108485105917,-82.72736976323885,14.655172413793101,28.017241379310345,26.68899803915861,0.0,957.0,948.0,909.0,0,0,164650.85,903563,932.9981736099954,0.5833333333333334,0.4166666666666667,0.0,10325500.0,-3.6919831223628297,-4.113924050632889,-1.1257793953996231,-1.8561202403701034,63.96825396825397,37.84588744588744,0.0,0.75,113883.65,5146.0,4.523677663792114,0.08129982242819733,1.1174251311713586,-0.4,-1.0
2015-05-26,,,,912.0,922.6,929.1,924.4833333333333,922.3246094275979,16.928571428571427,31.578947368421055,-1.7760841361154007,1.494061882566663,-3.2701460186820634,954.3973890892315,903.8026109107685,929.1,50.594778178463,-82.14285714285714,25.651408837957653,31.311880041220395,14.330466431432164,-62.33957322991857,18.565400843881857,27.426160337552748,25.003920338353517,0.0,957.0,948.0,909.0,0,0,159921.2,740076,931.5033656158993,0.1,0.9,0.15,8174350.0,-4.008438818565363,-4.113924050632889,-2.763013741180377,-1.8561202403701034,63.686868686868685,37.212121212121204,0.0,0.7,114018.9,-7350.0,-6.181509297494592,0.08069596601187243,1.2289290737771588,-0.4,0.0
2015-05-27,,,,912.8,920.9,927.9,923.9666666666667,921.4365513868743,16.714285714285715,36.666666666666664,-2.2626008988531794,0.7427293262826944,-3.005330225135874,953.887041304939,901.912958695061,927.9,51.974082609877996,-76.78571428571429,25.76760589197177,29.463788658137517,18.375240359640273,-67.06939126231923,18.8034188034188,25.64102564102564,22.877014985641715,13.04232804232803,900.0,948.0,909.0,0,0,156354.7,821369,930.6553981641315,0.6,0.4,0.3,8129300.0,-3.6919831223628297,-4.113924050632889,-1.9931059741880193,-1.8561202403701034,63.47545219638243,37.047619047619044,0.0,0.65,114244.1,-1046.0,-0.9376708828987113,0.07920054976655015,1.0664964050774381,-0.3,0.0
2015-05-28,,,,917.2,921.2,928.95,923.7666666666667,922.9187845881243,16.928571428571427,44.66019417475729,-0.7034604605553341,0.4534913689150887,-1.1569518294704229,954.6074601851591,903.292539814841,928.95,51.31492037031808,-33.92857142857143,42.34847195519206,33.75868309048903,59.52804968459813,1.737390423942205,23.206751054852322,24.050632911392405,19.45959246107633,33.53367236862383,900.0,948.0,909.0,0,0,158037.05,1029599,931.0463798415202,0.9259259259259259,0.07407407407407407,0.8888888888888888,7712222.222222223,-1.1603375527425963,-4.113924050632889,1.8018641490413239,-1.0992157742969144,61.497948016415876,37.047619047619044,0.0,0.65,114928.45,4979.0,4.50559693051118,0.07449780477902143,1.21372022580546,0.0,0.0
2015-05-29,,,,923.2,921.2,929.95,923.6833333333333,924.8312812940172,16.428571428571427,52.52525252525253,1.00473743794646,0.563740582721363,0.440996855225097,956.1835662843451,903.716433715655,929.95,52.467132568690204,-14.0,60.08416648864656,42.533844223208206,95.18481101952327,42.14410451000921,25.21739130434783,24.782608695652176,15.8659112364468,64.82928835870015,900.0,948.0,909.0,0,0,162576.15,1242180,931.9206811700241,0.8461538461538461,0.15384615384615385,0.46153846153846156,16352384.615384616,-0.5274261603375296,-4.113924050632889,1.713771401192096,-1.0992157742969144,60.79847494553377,37.047619047619044,0.0,0.65,115764.2,-126.0,-0.10910413383440343,0.0661408382195973,1.377820989454188,0.1,0.0
2015-06-01,,,,929.2,922.2,930.25,923.7,926.5616354564918,16.857142857142858,56.52173913043478,2.331619125513953,0.9173162912798809,1.414302834234072,956.9560016908356,903.5439983091644,930.25,53.412003381671184,-14.0,68.7227776590977,51.263488701838035,103.64135557361705,49.71413580253861,26.694915254237287,21.610169491525422,13.211197529101511,84.69405244815174,950.0,948.0,909.0,0,0,162521.25,1242180,932.3812119953546,0.5333333333333333,0.4666666666666667,0.0,9984933.333333332,-0.5274261603375296,-4.113924050632889,0.587526723334167,-1.0992157742969144,60.79847494553377,37.047619047619044,0.0,0.65,116179.9,-4996.0,-4.330790568654641,0.06091159499558485,1.4408239426778193,0.1,1.0
2015-06-02,,,,939.0,925.5,931.0,924.1166666666667,929.6510035082545,17.785714285714285,63.55140186915888,4.620980913488324,1.6580492157215696,2.962931697766755,960.0697889839963,901.9302110160037,931.0,58.139577967992636,-9.23076923076923,75.75868793092388,59.42855511153331,108.41895356970502,88.51713600688184,31.325301204819276,18.072289156626507,12.51986408515483,100.0,900.0,959.0,909.0,1,0,159729.7,1485115,932.8139138598938,0.7777777777777778,0.2222222222222222,0.5925925925925926,8997592.592592593,0.0,-4.113924050632889,1.2772197024942555,-1.0992157742969144,61.497948016415876,37.047619047619044,0.0,0.65,117443.5,26116.0,23.663513464535548,0.0706194922526279,1.5037139239687085,0.2,0.0
2015-06-03,,,,945.2,929.0,930.95,924.4666666666667,931.0175746027064,18.214285714285715,54.23728813559322,5.165398486248932,2.3595190698270425,2.80587941642189,959.9216740063803,901.9783259936198,930.95,57.94334801276045,-32.30769230769231,71.97471850762157,63.61060957689607,88.7029363690726,65.48405937310022,30.588235294117645,14.11764705882353,13.477335889666106,70.8683181225554,965.0,959.0,909.0,0,0,160056.05,1294152,933.0184057397393,0.24,0.76,0.6,7638520.0,-1.5641293013555657,-4.113924050632889,0.007309259700990717,-1.5777154928752712,61.497948016415876,37.047619047619044,0.0,0.65,117452.45,-20907.0,-15.318728018757321,0.07059510943686696,1.6870495900813194,0.4,0.0
2015-06-04,,,,948.0,932.6,931.65,925.0166666666667,932.920662735782,18.071428571428573,53.44827586206896,6.091476088995819,3.1059104736607983,2.9855656153350205,961.8860885801504,901.4139114198496,931.65,60.47217716030082,-21.53846153846154,73.40687448530704,66.87603121303306,86.46856102985501,63.13664152816859,24.50592885375494,14.229249011857707,13.698272478587388,68.40053050397876,900.0,959.0,909.0,0,0,163121.75,1476214,933.7629022493935,0.65,0.35,0.35,9103100.0,-0.8342022940563076,-4.113924050632889,1.153061414125303,-1.5777154928752712,61.497948016415876,37.047619047619044,0.0,0.65,118202.7,5468.0,4.731208846356849,0.06660135602406514,1.6272614430905623,0.4,0.0
2015-06-05,,,,949.2,936.2,931.7,925.4,934.4520281895171,17.428571428571427,57.40740740740741,6.58807277389451,3.802342933707541,2.785729840186969,962.0530107757537,901.3469892242464,931.7,60.70602155150732,-24.615384615384617,73.07584735802078,68.94263659469564,81.34226888467106,58.71323273764099,25.409836065573774,14.75409836065574,14.992515142275026,80.7834757834758,965.0,959.0,909.0,0,0,158407.35,1377017,933.6346279597086,0.6,0.4,0.2,9919700.0,-1.0427528675703845,-4.113924050632889,0.15862467632228164,-1.5777154928752712,61.497948016415876,37.047619047619044,0.0,0.65,117760.75,-7992.0,-6.602721391925048,0.06710835424392159,1.4342028976718484,0.6,0.0
2015-06-08,,,,950.4,939.8,932.25,925.9,935.8375493143251,17.5,61.38613861386139,6.902066498257909,4.422287646617614,2.4797788516402948,963.4699329038586,901.0300670961414,932.25,62.4398658077173,-24.615384615384617,72.8551626064966,70.24681193196263,78.07186395556457,58.826471412910955,26.122448979591834,11.836734693877553,17.555373902077758,93.22772277227723,965.0,959.0,909.0,0,0,155289.65,1377017,933.6466277694618,0.5,0.5,0.0,9441500.0,-1.0427528675703845,-4.113924050632889,0.9672582288879511,-1.5777154928752712,61.78332949574028,37.11688311688311,0.0,0.65,117252.9,3009.0,2.6616776795902686,0.0652714249665678,1.358028439018522,0.6,0.0
2015-06-09,,,,948.2,943.6,933.1,926.2833333333333,936.995877951056,16.214285714285715,72.94117647058823,6.989644869217727,4.935759091137637,2.0538857780800903,965.0927623393227,901.1072376606774,933.1,63.98552467864533,-28.8135593220339,71.21161783829334,70.56841390073953,72.49802571340095,53.281580202905175,28.193832599118938,2.6431718061674006,23.35267587371387,100.0,965.0,959.0,909.0,0,0,153852.15,1307052,933.9982003284754,0.375,0.625,0.125,8745625.0,-1.147028154327423,-4.113924050632889,1.4792524334639474,-1.5777154928752712,63.40795479243643,37.11688311688311,0.0,0.65,116973.9,-3915.0,-3.3733133433283324,0.06613852741967137,1.1268057447647577,0.5,0.0
2015-06-10,,,,949.6,947.4,934.15,926.6833333333333,938.3296038604792,15.785714285714286,71.95121951219512,7.217922568753579,5.392191786660826,1.8257307820927533,967.0791104614837,901.2208895385163,934.15,65.85822092296735,-23.728813559322035,66.66633108411474,69.26771962853127,61.4635539952817,52.823541747724356,27.601809954751126,2.7149321266968323,29.0991193006075,97.60661603622026,906.0,959.0,909.0,0,0,152454.25,1396184,934.5939074618559,0.6666666666666666,0.3333333333333333,0.3333333333333333,9903555.555555554,-0.8342022940563076,-4.113924050632889,1.8076284591257477,-1.5777154928752712,63.61889927310488,37.11688311688311,0.0,0.65,116824.75,991.0,0.8836931417921745,0.06661677837574158,0.9539116479476208,0.6,0.0
2015-06-11,,,,951.2,949.6,935.4,927.2666666666667,940.2982130166241,16.357142857142858,76.13636363636363,7.952693728575014,5.904292175043664,2.04840155353135,970.1526598754134,900.6473401245865,935.4,69.50531975082686,-17.1875,67.30136357988602,68.61226761231619,64.67955551502567,73.4443227416642,33.624454148471614,2.183406113537118,34.73314120205101,100.0,906.0,959.0,909.0,0,0,155361.45,1618118,936.7260749046819,0.47619047619047616,0.5238095238095238,0.38095238095238093,10568285.714285715,0.0,-4.113924050632889,2.1041323054828194,-1.5777154928752712,64.00584795321637,37.84588744588744,0.0,0.65,118262.95,21192.0,18.731769406190878,0.06964274625489782,0.9835255231806277,0.6,0.0
2015-06-12,,,,951.4,950.3,935.75,927.3833333333333,941.2221927293266,16.785714285714285,69.0721649484536,7.71979143238309,6.2673920265115495,1.4523994058715406,970.9628863971157,900.5371136028843,935.75,70.4257727942313,-31.746031746031747,57.367575719924005,64.8640369815188,42.37465319673444,46.31752709191323,32.765957446808514,2.9787234042553195,38.448869917779724,84.14585207223415,970.0,959.0,909.0,0,0,148845.35,1487067,937.0524055112684,0.3888888888888889,0.6111111111111112,0.5,7280611.111111111,-0.9384775808133461,-4.113924050632889,0.6413907548162509,-1.5777154928752712,64.6999664767013,37.84588744588744,0.0,0.65,117298.3,-21278.0,-15.840566978842519,0.06484531800239655,1.0398818982939637,0.6,0.0
2015-06-15,,,,950.6,950.5,936.35,927.2833333333333,941.5819838979621,16.214285714285715,67.67676767676767,7.050482893402091,6.424010199889659,0.6264726935124321,971.7738991582528,900.9261008417473,936.35,70.84779831650553,-39.682539682539684,45.536717146616006,58.421597036551205,19.7669573667456,29.742486327731395,29.51541850220264,3.9647577092511015,42.523850948337774,78.56685860524632,970.0,959.0,909.0,0,0,144480.95,1403178,937.305199866603,0.3333333333333333,0.6666666666666666,0.4166666666666667,6990750.0,-1.4598540145985273,-4.113924050632889,1.0717212115024632,-1.5777154928752712,65.64863339514635,37.84588744588744,0.0,0.65,116281.1,-5786.0,-5.11817988818909,0.06462786879075369,1.0010570030875403,0.7,0.0
2015-06-16,,,,947.8,948.0,936.75,926.9166666666666,940.8598901933943,16.857142857142858,59.81308411214953,5.568255600543466,6.252859280020421,-0.6846036794769548,971.8611018579497,901.6388981420503,936.75,70.22220371589947,-62.06896551724138,33.69114476441067,50.1781129458377,0.7172084015566327,2.6330218590310785,28.389830508474574,8.05084745762712,45.41166081289182,48.14083224413719,970.0,959.0,909.0,0,0,145505.5,1274590,937.6791983808172,0.21052631578947367,0.7894736842105263,0.5789473684210527,6767789.473684211,-2.6068821689259614,-4.113924050632889,0.7341942424336714,-1.5777154928752712,65.64863339514635,37.84588744588744,0.0,0.65,115135.9,-11121.0,-10.36807070537562,0.07573801210450946,1.1437775959283167,0.7,0.0
2015-06-17,,,,943.4,946.5,937.75,926.5333333333333,939.7303768416425,15.642857142857142,45.45454545454546,3.944650107841767,5.7912174455846905,-1.8465673377429237,970.5997376420727,904.9002623579273,937.75,65.69947528414536,-91.11111111111111,25.423726139236745,41.926650676970716,-7.582122936231201,-25.965714440064044,20.547945205479454,10.95890410958904,47.45802283596192,0.0,970.0,959.0,910.0,0,0,142071.0,1157544,939.180243915601,0.4,0.6,0.5,11704600.0,-3.1282586027111536,-4.008438818565363,1.8827696270150198,-1.1840265708878879,65.64863339514635,37.84588744588744,0.0,0.65,113873.1,-1397.0,-1.4530741307038575,0.0855949177077423,1.2332871382946502,0.6,-1.0
2015-06-18,,,,937.6,944.4,938.5,926.3166666666667,938.8036742852956,15.428571428571429,42.168674698795186,2.70741332458158,5.174456621384069,-2.4670432968024887,969.8116759792044,907.1883240207956,938.5,62.623351958408875,-88.88888888888889,20.652854463194867,34.835385272378765,-7.712207155172933,-21.98251793625752,19.444444444444443,11.11111111111111,49.343962982771636,0.0,925.0,959.0,910.0,0,0,140598.1,1243886,939.8869090928921,0.2,0.8,0.1,8634200.0,-3.023983315954115,-4.008438818565363,1.4363868437507543,-1.1840265708878879,65.64863339514635,37.84588744588744,0.0,0.65,112811.7,-7439.0,-7.851684539390358,0.10086157058538249,1.100640211337287,0.3,-1.0
2015-06-19,,,,933.2,942.3,939.25,925.85,937.7747529247913,15.214285714285714,41.17647058823529,1.5476703938269338,4.449099375872642,-2.901428982045708,968.6501432147488,909.8498567852512,939.25,58.800286429497646,-93.33333333333333,15.990791864352135,28.55385413636989,-9.135332679683373,-33.081530788527566,17.370892018779344,12.67605633802817,49.70815471209494,0.0,970.0,959.0,910.0,0,0,138497.6,1169607,940.652597830817,0.25,0.75,0.16666666666666666,6189916.666666667,-3.232533889468192,-4.008438818565363,1.4394365923619377,-1.1840265708878879,65.64863339514635,37.84588744588744,0.0,0.65,111400.5,-1772.0,-2.0296661130519422,0.11582570123823413,1.0424750342701246,0.3,-1.0
2015-06-23,,,,930.0,940.3,940.05,925.5166666666667,936.9390621700493,13.714285714285714,28.57142857142857,0.7011747028502668,3.699514441268167,-2.9983397384179002,967.2295201536851,912.8704798463148,940.05,54.35904030737038,-91.11111111111111,13.623490872531052,23.577066381756946,-6.283660145920734,-41.09133567917011,11.458333333333334,14.062500000000002,48.52064137923566,0.0,925.0,959.0,910.0,0,0,134955.85,1222678,941.7366162094246,0.3333333333333333,0.6666666666666666,0.16666666666666666,8845166.666666666,-3.1282586027111536,-4.008438818565363,1.5302336313029086,-1.1840265708878879,65.64863339514635,37.11688311688311,0.0,0.65,109688.65,-867.0,-1.0136438567570405,0.12830259540987402,1.0114217261043996,0.1,0.0
2015-06-24,,,,929.8,938.8,941.2,924.7,936.5639133919494,12.714285714285714,40.67796610169491,0.34906355233738395,3.0294242634820105,-2.6803607111446266,964.7269162762312,917.6730837237689,941.2,47.05383255246238,-78.72340425531915,16.174525829914316,21.109552864476072,6.304471760790804,-46.80648825368643,12.921348314606742,17.415730337078653,46.9472634900683,25.45265228206167,923.0,959.0,913.0,0,0,130266.95,1292387,943.0794148733299,0.9090909090909091,0.09090909090909091,0.36363636363636365,6337181.818181818,-2.711157455683,-3.6919831223628297,2.1734258053755955,-1.1840265708878879,64.6999664767013,37.11688311688311,0.0,0.65,108147.45,-3937.0,-4.650036614461528,0.14310364228694386,0.9166217306135538,-0.1,0.0
2015-06-25,,,,929.0,936.2,941.8,924.3166666666667,935.4625883070019,12.0,28.33333333333333,-0.5689615775783068,2.3097470952699473,-2.878708672848254,962.7721619997193,920.8278380002806,941.8,41.944323999438666,-95.74468085106383,12.53740318485516,18.25216963793577,1.1078702786939445,-66.79112239907495,14.285714285714285,18.452380952380953,45.96131066738078,0.0,970.0,959.0,925.0,0,0,128517.65,1246080,943.7861638719143,0.0,1.0,0.8,4630700.0,-3.5453597497393075,-3.5453597497393075,1.1451161436743431,-1.1840265708878879,64.6999664767013,36.51565377532228,0.0,0.65,106738.6,1601.0,1.98317828785195,0.15457315062136212,0.7820344816269311,-0.4,0.0
2015-06-26,,,,928.2,932.9,941.25,924.05,934.5613894206207,12.0,30.508474576271183,-1.2019560630953947,1.6074064635968788,-2.8093625266922735,963.3013754194573,919.1986245805427,941.25,44.10275083891452,-86.27450980392157,15.221013887942656,17.241784387938065,11.179472887951839,-81.11300269842016,14.285714285714285,22.023809523809522,45.58851517916208,4.550216229283627,919.0,959.0,925.0,0,0,122104.8,1326053,944.3923928461453,0.7,0.3,0.1,7997300.0,-3.441084462982269,-3.5453597497393075,-1.1808622986495967,-1.1840265708878879,64.6999664767013,35.899093088710515,0.0,0.6,105098.95,363.0,0.4409085388072498,0.16364101298407427,0.7776619912696823,-0.1,0.0
2015-06-29,,,,928.2,930.7,940.5,924.25,933.9364951900855,11.642857142857142,32.786885245901644,-1.5246502490350622,0.9809951210704906,-2.5056453701055528,963.3081241295924,917.6918758704076,940.5,45.616248259184886,-82.3529411764706,20.14734259196177,18.2103037892793,24.021420197326705,-60.98804827630894,14.723926380368098,22.699386503067483,44.422591379711044,9.31646358889093,919.0,959.0,925.0,0,0,113810.7,1372752,944.4594623645521,0.5714285714285714,0.42857142857142855,0.2857142857142857,6671285.714285715,-3.2325338894682143,-3.5453597497393075,-1.658164843972863,-1.1840265708878879,64.6999664767013,35.61988455242527,0.0,0.55,103291.5,-3482.0,-4.210755444838132,0.1737472482358242,0.7218873720394257,-0.3,0.0
2015-06-30,,,,923.6,926.8,938.65,923.95,931.2758766005536,12.785714285714286,24.390243902439025,-3.515084152560007,0.08177926634439103,-3.596863418904398,966.1284125795113,911.1715874204887,938.65,54.95682515902263,-98.46153846153847,14.441662738075525,16.954090105544708,9.416808003137163,-104.9315417467776,13.407821229050278,31.284916201117316,41.361366889915125,0.0,970.0,959.0,906.0,0,1,111950.05,1260191,943.0145885002582,0.041666666666666664,0.9583333333333334,0.9166666666666666,4690041.666666667,-5.526590198123049,-5.526590198123049,-3.452837251136646,-1.6044573190464186,64.6999664767013,34.42922374429225,0.0,0.5,102064.05,6604.0,8.337225890343515,0.1790440204588635,0.8588559087566155,-0.4,0.0
2015-07-01,,,,918.8,924.3,936.15,923.7,929.154364543358,13.642857142857142,24.390243902439025,-4.795166736204237,-0.8936099341653346,-3.9015568020389026,964.9013844059425,907.3986155940574,936.15,57.50276881188506,-82.43243243243244,19.94523547617733,17.951138562422248,23.933429303687497,-107.48242568190075,12.041884816753926,34.03141361256545,38.90691835337704,0.0,896.0,959.0,906.0,0,0,106269.9,1389523,939.5877154929728,0.6190476190476191,0.38095238095238093,0.14285714285714285,6158666.666666667,-5.213764337851934,-5.526590198123049,-5.271481526854636,-1.6044573190464186,64.6999664767013,33.33333333333333,0.0,0.45,99584.75,1079.0,1.2573559401037215,0.1671993515249312,0.9838347566268677,-0.1,0.0
2015-07-02,,,,916.8,922.9,934.7,923.6166666666667,927.806329824943,12.928571428571429,22.5,-5.264802187934492,-1.7678483849191664,-3.4969538030153258,964.683153164391,904.7168468356091,934.7,59.96630632878191,-70.76923076923077,28.7439781223296,21.54875174905803,43.13443086887275,-77.53892012107418,3.867403314917127,35.91160220994475,38.389109603860966,0.0,896.0,959.0,906.0,0,0,99617.35,1447435,937.9669430074179,0.8181818181818182,0.18181818181818182,0.5454545454545454,5264727.272727273,-4.588112617309692,-5.526590198123049,-3.200976344262425,-1.2243545885787293,64.6999664767013,33.22404371584699,0.0,0.4,97938.65,-4243.0,-4.882960848850326,0.16963692696989782,1.0114797981476462,0.0,0.0
2015-07-03,,,,914.4,921.3,932.85,924.25,926.4914412701864,12.357142857142858,25.000000000000014,-5.652524525467584,-2.5447836130288497,-3.107740912438734,963.16258206709,902.53741793291,932.85,60.62516413418007,-68.42105263157895,34.54726746616845,25.88159032142817,51.87862175564901,-63.410346853389974,5.780346820809249,34.104046242774565,37.509192419595955,5.5338177752934925,953.0,959.0,906.0,0,0,92954.9,1398622,936.2746939644925,0.4,0.6,0.1,4881300.0,-4.692387904066731,-5.526590198123049,-4.255540055334008,-1.2243545885787293,64.6999664767013,32.545297670405525,0.0,0.35,95872.4,-2935.0,-3.5510762120240513,0.1684838864221901,0.9405256064912088,-0.1,0.0
2015-07-06,,,,908.6,918.4,930.35,924.7333333333333,923.8732087682639,13.357142857142858,21.951219512195124,-7.08846055031006,-3.453519000485092,-3.634941549824968,963.1958921567685,897.5041078432315,930.35,65.69178431353703,-86.20689655172414,29.092117704718362,26.951766115858234,33.37282088243862,-90.40941326982998,5.347593582887701,40.64171122994652,37.53979217479792,0.0,953.0,959.0,899.0,0,1,93903.4,1280455,933.5022013757401,0.3076923076923077,0.6923076923076923,0.5769230769230769,4544884.615384615,-6.256517205422297,-6.256517205422297,-5.313379791358455,-1.6776154455594932,64.6999664767013,32.545297670405525,0.0,0.3,94553.0,6945.0,8.712178232726187,0.16656001473390605,1.0953261232785771,-0.2,0.0
2015-07-07,,,,903.4,913.5,926.9,925.05,919.6948079331912,14.285714285714286,20.0,-9.648370990852754,-4.6924893985586245,-4.95588159229413,965.4904269557452,888.3095730442548,926.9,77.18085391149043,-90.625,22.673433661069073,25.525655297595183,16.968990388016856,-113.54682934523295,5.0,40.99999999999999,39.14314332314401,0.0,953.0,959.0,880.0,0,1,96783.55,1109554,928.4599657345352,0.1875,0.8125,0.59375,5340656.25,-8.237747653806037,-8.237747653806037,-6.612978087365267,-2.1263209121245863,64.6999664767013,32.545297670405525,0.0,0.25,93503.2,8401.0,9.694095383159663,0.1595416354842152,1.1925489532483666,-0.2,0.0
2015-07-08,,,,892.6,905.7,922.25,924.4166666666666,913.5333976538396,15.5,16.36363636363636,-13.538347877421984,-6.461661094331297,-7.076686783090687,971.1661473715923,873.3338526284077,922.25,97.83229474318455,-100.0,15.115622440712716,22.05564434530103,1.235578631536093,-132.789224535761,4.6082949308755765,44.23963133640553,42.76437852764418,0.0,953.0,959.0,855.0,0,1,100891.25,957435,922.8998466170258,0.0,1.0,0.9259259259259259,5634037.037037037,-10.844629822732,-10.844629822732,-7.719883042378759,-2.394200626959243,64.6999664767013,31.36485280999108,1.0,0.2,92203.6,-8911.0,-9.373882308388215,0.155404888943271,1.248016382288663,-0.3,0.0
2015-07-09,,,,887.6,902.2,919.2,924.35,911.2921216868074,22.571428571428573,36.111111111111114,-13.639744607612442,-7.897277796987526,-5.742466810624917,968.1751816846836,870.2248183153165,919.2,97.9503633693671,-35.07462686567164,32.73333162714181,25.614873439247955,46.970248002929516,-103.56620933903571,11.70886075949367,46.83544303797468,45.10204086530653,79.5857279693487,803.0,959.0,855.0,0,0,111623.5,1261212,914.3928823231668,0.7981651376146789,0.2018348623853211,0.3211009174311927,2786944.9541284405,-7.194994786235642,-10.844629822732,-3.481131635452055,-2.394200626959243,64.6999664767013,31.36485280999108,2.0,0.15,88835.2,-40385.0,-46.876995043586255,0.18964091564812172,2.435402761834154,-0.3,-1.0
2015-07-10,,,,881.6,898.0,915.45,924.15,908.6928720023495,23.142857142857142,35.135135135135144,-14.042380283885791,-9.12629829436718,-4.916081989518611,963.0601492938702,867.8398507061299,915.45,95.22029858774022,-38.63636363636363,43.250792513332634,31.493513130609514,66.76535127877887,-57.65026821682457,11.419753086419753,44.75308641975309,48.22458796106791,77.20343918062554,935.0,950.0,855.0,0,0,107824.0,1115268,908.0267667680665,0.15,0.85,0.3,7297200.0,-6.947368421052613,-10.844629822732,-4.376041072615711,-2.394200626959243,64.6999664767013,31.36485280999108,2.0,0.1,84682.75,5511.0,12.041690337805356,0.17947424679267157,2.882173172976011,-0.6,-1.0
2015-07-13,,,,877.6,893.1,911.9,924.1,905.8649794306972,23.785714285714285,33.55263157894737,-14.5966688589275,-10.220372407279244,-4.3762964516482565,959.250429331632,864.549570668368,911.9,94.70085866326394,-42.42424242424242,50.486283327976736,37.824436529731926,75.80997692446635,-67.64196700532169,11.11111111111111,45.64564564564565,51.84190790491846,70.69491695017012,935.0,945.0,855.0,0,0,105432.5,1032047,904.2554895312167,0.3333333333333333,0.6666666666666666,0.3333333333333333,5548066.666666667,-6.984126984126959,-10.844629822732,-4.1848195546383495,-2.394200626959243,64.6999664767013,31.36485280999108,2.0,0.05,81744.0,2996.0,5.8427755133880765,0.18480980229295949,2.9161377757984313,-0.6,-1.0
2015-07-14,,,,876.8,890.1,908.45,923.9,903.0206956753927,23.857142857142858,31.125827814569533,-15.103912969186126,-11.197080519660622,-3.9068324495255045,955.700619600453,861.1993803995471,908.45,94.50123920090596,-44.696969696969695,54.45524301637195,43.36803869194527,76.62965166522531,-64.10617374651574,10.778443113772456,44.31137724550898,55.13153293367393,74.75483138835722,935.0,934.0,855.0,0,0,104146.35,973881,901.8648678838321,0.08333333333333333,0.9166666666666666,0.25,4847166.666666667,-6.20985010706635,-10.844629822732,-4.08355463631414,-2.394200626959243,64.6999664767013,31.48832345765075,2.0,0.0,79125.8,625.0,1.151585502920427,0.1894318202702058,2.768486571107201,-0.6,0.0
2015-07-15,,,,881.0,886.8,905.55,923.9166666666666,900.4472960872602,24.142857142857142,32.86713286713288,-15.329202081563153,-12.023504832041128,-3.3056972495220247,953.3146643230104,857.7853356769895,905.55,95.52932864602099,-42.96875,57.10121614196876,47.94576450861977,75.41211940866675,-61.80347301743345,10.355029585798817,44.97041420118344,58.69150237599631,83.57269329136344,935.0,933.0,855.0,0,0,101178.55,973881,898.7505472586168,0.35714285714285715,0.6428571428571429,0.0,4945142.857142857,-6.1093247588424155,-10.844629822732,-3.4640481702415413,-2.394200626959243,64.6999664767013,32.545297670405525,2.0,0.0,77079.3,313.0,0.5701482749826958,0.19893437894036195,2.666132115172581,-0.7,1.0
2015-07-16,,,,877.0,882.3,902.6,923.5666666666667,897.5475536027592,24.571428571428573,31.08108108108108,-15.809651362410591,-12.780734138115022,-3.0289172242955686,951.5399202029265,853.6600797970735,902.6,97.87984040585297,-47.65625,57.658120702832974,51.1832165733575,70.60792896178393,-70.27657642057581,10.174418604651162,45.34883720930232,61.694310228173315,74.52823667657427,935.0,933.0,855.0,0,0,99981.9,880768,895.5711052033752,0.5625,0.4375,0.375,5819562.5,-6.752411575562666,-10.844629822732,-3.543427471129048,-2.394200626959243,64.6999664767013,31.48832345765075,2.0,0.0,75340.6,4759.0,8.619659125898815,0.2016999565196226,1.6491414327638299,-0.8,0.0
2015-07-17,,,,873.6,877.6,899.45,923.0,894.6382627834488,24.785714285714285,29.530201342281885,-16.245221011366084,-13.473631512765236,-2.7715894986008482,949.0694995625433,849.8305004374567,899.45,99.2389991250866,-49.20634920634921,58.010612578647056,53.459015241787355,67.11380725236646,-66.3464535242791,9.510086455331413,44.956772334293944,64.82058806171109,66.67467687395941,935.0,933.0,855.0,0,0,98147.25,831119,893.2629554062901,0.4,0.6,0.3,4964900.0,-7.073954983922793,-10.844629822732,-3.8049710914006574,-2.394200626959243,64.6999664767013,31.116878467871842,2.0,0.0,74003.25,588.0,0.9804902451225672,0.2062697614491864,1.2438754924349018,-0.8,0.0
2015-07-20,,,,874.2,875.9,897.15,922.6333333333333,893.4346187088346,24.5,41.54929577464789,-15.204767362982238,-13.819858682808636,-1.3849086801736021,945.4441644071475,848.8558355928525,897.15,96.58832881429498,-32.47863247863248,62.83276312582586,56.58359786980019,75.33109363787722,-44.703593820192296,12.536443148688047,39.94169096209913,65.69360393472697,100.0,803.0,933.0,855.0,0,0,98068.05,903814,891.2318548191791,0.95,0.05,0.75,3634750.0,-5.466237942122143,-10.844629822732,-2.5843581593209297,-2.394200626959243,64.6999664767013,31.116878467871842,2.0,0.0,72654.05,-2009.0,-3.3174807622444624,0.21174274924236583,1.1855218999847137,-0.7,0.0
2015-07-21,,,,874.8,875.8,894.65,921.8166666666667,892.0598931175169,23.714285714285715,39.43661971830985,-14.455639662818385,-13.947014878810586,-0.5086247840077984,941.14516103849,848.15483896151,894.65,92.99032207697996,-35.042735042735046,65.13009896461784,59.432431568072744,76.52543375770804,-35.83132998552003,12.951807228915664,38.554216867469876,65.8350560498633,91.61159125571932,920.0,933.0,855.0,0,0,98015.45,851795,889.8490411460642,0.6,0.4,0.3,5201900.0,-5.787781350482268,-10.844629822732,-2.8263429079593387,-2.394200626959243,64.6999664767013,31.116878467871842,2.0,0.0,71241.25,-2139.0,-3.653350185314863,0.2178462613191944,1.1580480222560219,-0.4,0.0
2015-07-22,,,,874.2,877.6,891.65,920.65,890.244665201563,24.214285714285715,35.21126760563381,-14.18261209530749,-13.994134322109968,-0.18847777319752268,935.387374117932,847.9126258820679,891.65,87.47474823586413,-40.17094017094017,53.4200659764119,57.4283097041858,45.40357852086409,-37.65944659885607,13.569321533923302,39.233038348082594,63.552755792702705,74.83477376715813,920.0,928.0,855.0,0,0,97446.65,793462,887.9884417097287,0.2777777777777778,0.7222222222222222,0.3333333333333333,3240722.222222222,-5.926724137930972,-10.844629822732,-3.4335215327405892,-2.394200626959243,64.6999664767013,31.116878467871842,2.0,0.0,70030.85,111.0,0.19677362169827628,0.22395659632905787,1.113669195088216,-0.6,0.0
2015-07-23,,,,873.4,875.2,888.7,919.4666666666667,887.9356494680808,24.571428571428573,33.783783783783775,-14.365480957282898,-14.068403649144553,-0.2970773081383449,930.8980293877054,846.5019706122947,888.7,84.39605877541067,-44.73684210526316,43.39115509538571,52.74925816791911,24.674948950318907,-54.459204722195786,12.5,41.279069767441854,62.30268584698059,69.16693002102252,920.0,928.0,855.0,0,0,97915.85,737771,886.4186011083326,0.4666666666666667,0.5333333333333333,0.4666666666666667,3712733.333333333,-6.681034482758552,-10.844629822732,-3.406114275883564,-2.394200626959243,64.00584795321637,31.116878467871842,2.0,0.0,68814.55,1483.0,2.6238035420463213,0.22703038065627787,0.9951619504077878,-0.6,0.0
2015-07-24,,,,868.6,871.1,884.55,918.25,883.6560638044541,24.571428571428573,32.05128205128206,-16.179802932251732,-14.49068350576599,-1.6891194264857425,927.6189777229547,841.4810222770452,884.55,86.13795544590948,-63.30275229357798,29.668177470997886,45.0555646022787,-1.1065967915637458,-82.8508576459887,12.5,40.69767441860465,60.60706287800649,62.288008551353784,920.0,928.0,843.0,0,1,97238.7,671341,883.635928047852,0.038461538461538464,0.9615384615384616,0.8846153846153846,2555000.0,-9.15948275862063,-10.844629822732,-4.620885923382294,-2.665140142767165,64.00584795321637,31.116878467871842,3.0,0.0,68032.9,9056.0,15.612716364388657,0.2245880659079742,1.0293113064212192,-0.6,0.0
2015-07-27,,,,863.8,869.0,881.05,917.1666666666666,881.2126291564108,24.142857142857142,42.76315789473684,-16.22031384788545,-14.836609574189882,-1.3837042736955674,920.4746783519281,841.6253216480718,881.05,78.8493567038563,-49.54128440366973,34.81146471922735,41.64086464126159,21.152664875158877,-77.34089859953795,12.721893491124261,38.46153846153847,58.60907343342243,100.0,803.0,915.0,843.0,0,0,100768.8,788642,880.7355669612023,0.8846153846153846,0.11538461538461539,0.5769230769230769,4511576.923076923,-6.229508196721268,-10.844629822732,-3.660918446734791,-2.665140142767165,63.61889927310488,31.116878467871842,3.0,0.0,67220.75,-4092.0,-6.1019982105577135,0.22440085195958895,1.1535627586290185,-0.6,0.0
2015-07-28,,,,859.6,867.2,878.65,915.85,879.0019025700859,23.357142857142858,51.181102362204726,-16.06720628779351,-15.08272891691061,-0.9844773708829013,917.5196878244994,839.7803121755005,878.65,77.73937564899893,-49.54128440366973,38.24032288471366,40.50735072241228,33.70626720931642,-55.57991004594213,14.678899082568806,33.944954128440365,55.64411386468928,99.99999999999999,912.0,915.0,843.0,0,0,99080.7,788642,877.9798450488676,0.5,0.5,0.0,4924937.5,-6.229508196721268,-10.844629822732,-2.6221214030682205,-2.665140142767165,61.819191264920896,31.116878467871842,3.0,0.0,66027.2,-1024.0,-1.6262228433490011,0.21911379793666383,1.2235510417024549,-0.7,0.0
2015-07-29,,,,859.2,866.7,876.75,914.6333333333333,878.2398166110302,16.785714285714285,40.952380952380956,-14.727111119199549,-15.0116053573684,0.28449423816885044,912.9998638835243,840.5001361164757,876.75,72.49972776704863,-45.45454545454545,49.02296035451499,43.345887266446525,60.37710653065193,-25.089542517855193,11.48936170212766,25.106382978723406,54.01620688794509,52.75613980031847,835.0,915.0,843.0,0,0,96145.55,859271,875.6390129340359,0.7647058823529411,0.23529411764705882,0.7647058823529411,4154647.0588235296,-4.808743169398866,-10.844629822732,-1.96899723644106,-2.665140142767165,61.100757134536984,31.116878467871842,3.0,0.0,64505.05,-5493.0,-8.867686943045328,0.2130013359630329,1.2673704394869187,-0.6,0.0
2015-07-30,,,,859.2,866.3,874.3,913.3166666666667,877.0741197909321,15.928571428571429,41.34615384615385,-13.908209079768994,-14.79092610184852,0.8827170220795253,906.0032291231854,842.5967708768145,874.3,63.4064582463709,-42.592592592592595,52.94341147817339,46.54506200368881,65.74011042714253,-23.272263539169586,12.10762331838565,26.457399103139014,52.43539567258238,54.574876551322724,889.0,914.0,843.0,0,0,96064.55,802979,874.2795682694605,0.25,0.75,0.625,7036500.0,-5.251641137855534,-10.844629822732,-2.5914870556545737,-2.665140142767165,60.79847494553377,31.116878467871842,3.0,0.0,63273.05,1560.0,2.7634585746930895,0.207316425729919,1.2694192893116818,-0.6,0.0
2015-07-31,,,,865.8,867.2,872.4,912.3,876.9718226679862,16.214285714285715,48.62385321100918,-12.31040025594416,-14.294820932667648,1.984420676723488,898.0650489350243,846.7349510649757,872.4,51.330097870048576,-21.153846153846153,62.09299327303063,51.72770576013609,82.82356829881971,-0.40656999702480895,15.418502202643172,24.22907488986784,49.676514342272476,88.18871718621592,835.0,899.0,843.0,0,0,97016.2,870825,873.1954917494878,0.7894736842105263,0.21052631578947367,0.5263157894736842,3570842.1052631577,-2.558398220244684,-10.844629822732,-1.9307152103545062,-2.665140142767165,59.99861543786778,31.116878467871842,3.0,0.05,61880.5,-6146.0,-10.59454241436969,0.20609665590180054,1.3329235772826808,-0.5,1.0
2015-08-03,,,,871.8,867.8,871.85,911.3,878.0221252710352,16.714285714285715,55.08474576271186,-9.961001316982333,-13.428057009530587,3.4670556925482536,895.5078683916618,848.1921316083383,871.85,47.31573678332347,-11.666666666666666,70.83977329313153,58.09839493780123,96.32253000379211,68.93495525302346,21.367521367521366,23.504273504273502,45.66882430973772,99.99999999999999,835.0,890.0,843.0,0,0,95964.85,967965,872.0664734709288,0.631578947368421,0.3684210526315789,0.631578947368421,5112631.578947368,-0.22471910112356053,-10.844629822732,-0.4732875365899196,-2.665140142767165,57.888542748355846,31.116878467871842,3.0,0.1,59806.15,-6691.0,-12.900800154246605,0.1981871444284413,1.3904206011564386,-0.5,1.0
2015-08-04,,,,879.0,869.3,872.55,910.5666666666667,879.5438276261747,16.857142857142858,57.25806451612903,-7.528155979425605,-12.24807680350959,4.719920824083985,897.9849531570308,847.1150468429692,872.55,50.86990631406161,-4.838709677419355,78.94694563628123,65.04791183729456,106.74501323425457,85.6723352059525,22.033898305084747,21.610169491525422,41.26911208592499,100.00000000000001,835.0,894.0,843.0,1,0,90320.7,1025983,871.2825769729421,0.8125,0.1875,0.375,3626125.0,0.0,-10.844629822732,0.9157983237639035,-2.665140142767165,57.287933094384705,31.116878467871842,3.0,0.15,57132.55,-3584.0,-7.933767211227694,0.16138030048939492,1.4150002393140504,-0.6,1.0
2015-08-05,,,,883.0,871.1,874.35,909.9,880.6348916617771,16.642857142857142,58.67768595041322,-5.775605860491737,-10.95358261490602,5.177976754414283,899.6505096681624,849.0494903318377,874.35,50.601019336324725,-11.11111111111111,82.26092672048378,70.7855834650243,105.21161323140274,77.85188152129759,22.746781115879827,17.596566523605148,37.65591009353172,100.0,898.0,894.0,843.0,0,0,84945.8,981362,872.4612715794462,0.46153846153846156,0.5384615384615384,0.23076923076923078,3432384.615384615,-0.3355704697986517,-9.15948275862063,2.4185758591476385,-0.8945355798406888,57.287933094384705,31.116878467871842,2.0,0.2,54837.2,-1346.0,-3.236354893003124,0.12914751739629265,1.3865213762790793,-0.4,1.0
2015-08-06,,,,887.6,873.4,874.3,909.2166666666667,881.4315686463698,16.857142857142858,59.166666666666664,-4.496250572318445,-9.662116206388506,5.165865634070061,899.47392134302,849.1260786569799,874.3,50.34784268604017,-14.285714285714286,83.41204638508442,74.99440443837767,100.24733027849794,59.817830816256965,22.457627118644066,18.64406779661017,33.67012333896736,100.0,898.0,894.0,843.0,0,0,71440.65,947688,873.7208298076795,0.5384615384615384,0.46153846153846156,0.15384615384615385,2590307.6923076925,-0.5592841163310935,-9.15948275862063,-0.000349882899755876,-0.8945355798406888,57.287933094384705,31.116878467871842,1.0,0.25,54516.85,-885.0,-2.199085577974358,0.14008812659021247,1.3635599094385227,-0.1,1.0
2015-08-07,,,,892.8,879.3,875.2,908.6833333333333,883.3904668705251,16.785714285714285,58.47457627118644,-2.4056303257746094,-8.210819030265727,5.805188704491117,902.9856456692705,847.4143543307296,875.2,55.57129133854096,-5.633802816901408,86.56041187577057,78.84974025084198,101.98175512562776,91.91967878289303,22.97872340425532,18.72340425531915,30.668827582569556,97.4476098890091,835.0,902.0,843.0,1,0,66531.85,995456,872.965127729551,0.7894736842105263,0.21052631578947367,0.6842105263157895,2514105.2631578944,0.0,-9.15948275862063,1.5139527250917466,-0.8945355798406888,57.287933094384705,31.116878467871842,1.0,0.3,53694.15,-4536.0,-11.524683045809091,0.16392761207578804,1.3762819499379506,-0.1,1.0
2015-08-10,,,,892.8,882.3,875.65,907.7666666666667,883.8294700257131,18.142857142857142,53.488372093023266,-1.8570745163652873,-6.940070127485639,5.082995611120352,903.9809390112339,847.3190609887661,875.65,56.66187802246782,-25.35211267605634,78.54027458384705,78.74658502851034,78.12765369452046,36.42846583313792,21.25984251968504,22.83464566929134,27.373386599158653,79.05877178514491,906.0,902.0,843.0,0,0,67298.6,896900,873.3213573536448,0.7894736842105263,0.21052631578947367,0.7368421052631579,5187157.894736842,-1.552106430155198,-9.15948275862063,0.7787842888451062,-1.6072955659222752,57.287933094384705,31.116878467871842,1.0,0.35,54038.25,26332.0,75.61669011859978,0.16578804863479463,1.2685269834740454,-0.2,0.0
2015-08-11,,,,892.4,885.7,876.45,907.0833333333334,884.60761573755,18.357142857142858,57.480314960629926,-1.087042762368128,-5.769464654462138,4.68242189209401,905.7108954065849,847.1891045934152,876.45,58.52179081316967,-19.718309859154928,75.323146018861,77.60543869196056,70.75856067266187,64.26400001723673,24.5136186770428,20.622568093385212,24.517482149149014,93.78083058766592,835.0,902.0,843.0,0,0,69136.85,991831,874.4194842065651,0.42857142857142855,0.5714285714285714,0.19047619047619047,4520523.809523809,-1.1086474501108556,-9.15948275862063,1.3160985209432947,-1.6072955659222752,57.421988918051916,31.116878467871842,1.0,0.4,54623.2,5442.0,8.89870002452784,0.17189699158736776,1.2746181439278712,0.1,0.0
2015-08-12,,,,896.0,889.5,878.1,906.8,886.9306999530214,19.142857142857142,65.69343065693431,0.884771777229389,-4.4386173681238335,5.3233891453532225,910.7764038476721,845.423596152328,878.1,65.35280769534415,-1.3333333333333333,82.86849190373046,79.35978976255052,89.88589618609035,82.4268437192329,25.74626865671642,16.417910447761194,22.275366455705893,100.0,835.0,909.0,843.0,1,0,72414.6,1126618,876.7539418846476,0.9615384615384616,0.038461538461538464,0.6538461538461539,5184115.384615385,0.0,-9.15948275862063,2.4663836116884013,-1.6072955659222752,57.679167222741235,31.116878467871842,1.0,0.45,55705.0,10250.0,15.391083682448148,0.1907519595864645,1.4036589674343136,0.2,0.0
2015-08-13,,,,900.0,893.8,880.05,906.8,889.0325380527337,18.214285714285715,78.94736842105263,2.419557849253124,-3.0669823246484422,5.486540173901567,915.2485346584255,844.8514653415745,880.05,70.397069316851,-8.641975308641975,83.15263801333968,80.62407251281357,88.2097690143919,93.90824810968817,29.411764705882348,10.588235294117647,21.850606387744282,100.0,916.0,909.0,843.0,0,0,74101.65,1126618,880.0087825304835,0.46153846153846156,0.5384615384615384,0.0,9758000.0,0.0,-9.15948275862063,2.9439639086064933,-1.6072955659222752,58.5151982070318,31.116878467871842,1.0,0.5,56481.85,-1340.0,-1.7437245435735993,0.2033769745940727,1.5685528297222864,0.1,0.0
2015-08-14,,,,900.2,896.5,881.85,906.6,890.3627725239019,17.071428571428573,71.42857142857143,3.1158197820439,-1.8304219033099738,4.946241685353874,917.9100376564501,845.78996234355,881.85,72.1200753129001,-19.696969696969695,78.69090596238149,79.97968366266954,76.11335056180539,71.43325937693,31.38075313807531,9.205020920502092,22.16133195322225,80.21108179419525,916.0,909.0,843.0,0,0,75264.9,1053704,881.626391363482,0.2,0.8,0.6,7291400.0,-0.660066006600657,-9.15948275862063,2.717494909156459,-1.6072955659222752,58.77548209366391,31.116878467871842,1.0,0.55,57117.05,-2245.0,-2.973234269670366,0.21116750428105927,1.4932554006422645,0.3,0.0
2015-08-17,,,,900.2,896.5,882.15,906.1833333333333,890.1377465692445,17.571428571428573,62.5,2.4292350310161055,-0.9784905164447579,3.4077255474608634,918.3149728764314,845.9850271235686,882.15,72.32994575286284,-48.275862068965516,64.08851095166519,74.68262609233476,42.900280670326055,37.00065104156086,28.455284552845526,15.040650406504064,21.534080523643183,56.71174142480211,916.0,909.0,843.0,0,0,76833.45,949638,882.7530953857555,0.08695652173913043,0.9130434782608695,0.6521739130434783,4524608.695652174,-2.310231023102316,-9.15948275862063,0.5263757338204311,-1.7108675469758232,59.29595015576324,31.116878467871842,1.0,0.6,57409.25,-8869.0,-12.105866615708006,0.21195360960074985,1.4941614408034785,0.6,0.0
2015-08-18,,,,898.0,895.2,882.25,905.65,889.2674849912213,17.428571428571427,54.385964912280706,1.3052243567805135,-0.5217475417997037,1.8269718985802172,918.3893501819564,846.1106498180436,882.25,72.27870036391278,-63.63636363636363,48.92722435537369,66.0974921800144,14.586688706092275,9.971296997868327,25.0,17.622950819672134,20.112536950936825,34.679228353521765,916.0,909.0,843.0,0,0,78399.4,866300,883.0368625270091,0.06666666666666667,0.9333333333333333,0.4666666666666667,5555866.666666667,-3.0803080308030806,-9.15948275862063,0.2384791789267213,-1.7108675469758232,59.29595015576324,31.116878467871842,1.0,0.6,57646.1,-3246.0,-5.040920596959298,0.21152687443227208,1.4816529859988634,0.5,0.0
2015-08-19,,,,896.0,896.0,883.55,905.4666666666667,890.1943911825335,18.571428571428573,62.99212598425196,1.845612297401999,-0.04827557395936316,1.8938878713613623,920.1558666565803,846.9441333434196,883.55,73.21173331316072,-30.90909090909091,52.773188329939046,61.65605756332262,35.0074498631719,25.86343274922743,25.384615384615383,18.076923076923077,18.65574101996925,47.38326897035957,861.0,909.0,843.0,0,0,81399.8,984641,883.9282561709815,0.9583333333333334,0.041666666666666664,0.75,4930875.0,-1.1001100110010986,-9.15948275862063,1.8630061469931176,-1.7108675469758232,60.127695012491905,31.116878467871842,1.0,0.65,58654.0,15532.0,25.401082636924134,0.22007007365194983,1.4395258487980764,0.5,0.0
2015-08-20,,,,892.6,896.3,884.85,905.1166666666667,890.3663539270542,18.214285714285715,56.45161290322581,1.6895559853826398,0.2992907379090375,1.3902652474736024,920.6698709920887,849.0301290079113,884.85,71.63974198417736,-55.81395348837209,49.91080772383533,57.74097428349353,34.250474604518956,30.86642539416779,23.921568627450977,17.254901960784313,18.224902017701677,11.639267990074412,916.0,909.0,843.0,0,0,86019.85,836549,885.4221854994322,0.21428571428571427,0.7857142857142857,0.5,10578000.0,-1.8701870187018632,-9.15948275862063,1.8781696180888772,-1.7108675469758232,60.127695012491905,31.116878467871842,1.0,0.7,59688.6,2017.0,2.6304464064476507,0.22886226010139868,1.4798846609225342,0.3,0.0
2015-08-21,,,,891.4,895.8,887.55,904.45,890.9981297435253,17.785714285714285,53.846153846153854,1.9468958436539197,0.6288117590580139,1.3180840845959056,917.7944427256417,857.3055572743582,887.55,60.48888545128352,-44.18604651162791,50.77387181589022,55.41860679429243,41.48440185908578,33.31842706763861,18.473895582329316,17.670682730923694,18.043496122010065,1.4053254437869747,873.0,909.0,858.0,0,0,88585.45,954291,887.4601124300511,0.5384615384615384,0.46153846153846156,0.38461538461538464,9057076.923076924,-1.3201320132012917,-6.229508196721268,4.397404452200708,-1.557557587052764,60.127695012491905,31.116878467871842,0.0,0.75,60307.2,736.0,0.935244485107245,0.23675466314492452,1.5772945409789363,0.4,0.0
2015-08-24,,,,886.2,893.2,887.75,903.1,888.2364031012847,19.285714285714285,39.04109589041096,-0.6656942485113859,0.36991055754413393,-1.0356048060555199,917.2145192516693,858.2854807483307,887.75,58.92903850333869,-98.18181818181819,34.455308483320756,48.43084069063521,6.504244068691861,-51.45608558620196,16.296296296296298,27.037037037037038,19.74459976486128,0.0,916.0,909.0,858.0,0,0,91286.0,782979,888.4869536402077,0.02702702702702703,0.972972972972973,0.9459459459459459,4630054.054054054,-5.1705170517051595,-6.229508196721268,0.36668941840049024,-1.7731678500131478,60.127695012491905,31.116878467871842,1.0,0.75,60264.3,-17322.0,-21.80733205760902,0.2368049169588492,1.8057137103854195,0.4,-1.0
2015-08-25,,,,882.0,890.0,887.85,901.7166666666667,885.5472218535433,19.928571428571427,39.310344827586206,-2.8645532181736826,-0.2769821975994294,-2.587571020574253,916.9000475585333,858.7999524414668,887.85,58.10009511706653,-86.15384615384616,27.58559027093179,41.4824238840674,-0.20807695533943615,-100.7207446376983,15.412186379928318,29.749103942652333,21.100319357662944,0.6747032987571272,916.0,909.0,860.0,0,0,94526.4,639372,887.6950539743394,0.4090909090909091,0.5909090909090909,0.09090909090909091,6527590.909090909,-5.390539053905375,-5.390539053905375,0.23786657867338962,-1.7731678500131478,60.127695012491905,31.116878467871842,1.0,0.75,60293.3,414.0,0.666559330220573,0.23676037371071232,1.9924972486332961,0.1,0.0
2015-08-26,,,,873.4,884.7,887.1,900.0,882.7332007246345,20.785714285714285,38.775510204081634,-4.873749810151935,-1.1963357201099305,-3.6774140900420047,918.648792620077,855.5512073799231,887.1,63.097585240153876,-92.3076923076923,21.168171291732307,34.71100635328904,-5.9174988313811525,-88.43929459063148,17.182130584192443,27.491408934707906,22.08593168348145,0.0,916.0,909.0,856.0,0,1,96405.85,531154,887.0678814269742,0.04,0.96,0.16,4328720.0,-5.830583058305816,-5.830583058305816,-0.8841379767853941,-1.7731678500131478,59.29595015576324,31.116878467871842,1.0,0.75,60732.65,2714.0,4.340733158467147,0.23522439282631405,2.0155949474295474,-0.3,-1.0
2015-08-27,,,,868.6,880.6,887.2,898.7333333333333,881.3300387508597,20.714285714285715,38.35616438356164,-5.435100418566321,-2.0440886598012087,-3.3910117587651127,918.4787131246155,855.9212868753846,887.2,62.55742624923096,-73.84615384615384,23.882229137016942,31.101413947865005,9.443859515320824,-86.73918505778872,13.448275862068964,28.620689655172413,23.933181121898507,0.0,851.0,909.0,856.0,0,0,98385.0,627029,886.4759961715031,0.8888888888888888,0.1111111111111111,0.6666666666666666,5326388.888888889,-4.510451045104502,-5.830583058305816,0.2368091109861004,-1.7731678500131478,59.29595015576324,31.116878467871842,1.0,0.75,60975.2,-2376.0,-3.642049112480461,0.2341663258776557,1.9442634495112359,-0.2,-1.0
2015-08-28,,,,864.4,877.9,887.2,897.4833333333333,880.8224160126825,20.5,45.714285714285715,-5.174789921813272,-2.6702289122036214,-2.5045610096096502,918.4787131246155,855.9212868753846,887.2,62.55742624923096,-61.53846153846154,31.94712711698565,31.383318337571886,33.07474467581318,-32.97383621016005,21.602787456445995,24.041811846689896,24.059758470395156,18.127378837858423,851.0,909.0,856.0,0,0,103033.7,787849,886.332172709835,0.34615384615384615,0.6538461538461539,0.3076923076923077,6185384.615384615,-3.630363036303619,-5.830583058305816,0.10764078115214801,-1.7731678500131478,59.29595015576324,31.116878467871842,1.0,0.7,61580.1,1101.0,1.751455569342375,0.2294173217549426,2.150656796482634,-0.2,-1.0
2015-08-31,,,,860.8,873.5,885.0,895.7333333333333,877.31551924957,21.285714285714285,35.71428571428572,-7.464577539208335,-3.6290986376045646,-3.8354789016037705,921.7523719248214,848.2476280751786,885.0,73.50474384964286,-100.0,21.298084744657103,28.02157380660029,7.851106620770729,-101.84514505290855,16.778523489932887,30.87248322147651,25.556670979935156,0.0,916.0,909.0,844.0,0,1,106974.1,611901,883.727993193368,0.0,1.0,1.0,5498375.0,-7.1507150715071415,-7.1507150715071415,-2.4023797017747137,-3.6654143950153477,59.29595015576324,31.116878467871842,2.0,0.65,63084.55,11300.0,17.66646342416709,0.22015803480570523,2.06657126566311,-0.5,0.0
2015-09-01,,,,857.8,869.9,882.55,894.0,874.237850749611,20.714285714285715,28.94736842105263,-9.093732196264796,-4.7220253493366116,-4.371706846928184,923.1117138638652,841.9882861361347,882.55,81.12342772773059,-85.5421686746988,19.91300887739045,25.31871883019701,9.101588971777325,-112.34749430363773,15.172413793103447,35.51724137931034,26.843253881110794,0.0,833.0,909.0,844.0,0,0,113550.05,801438,880.1515836702258,0.6666666666666666,0.3333333333333333,0.05555555555555555,10529833.333333334,-7.040704070407033,-7.1507150715071415,-2.699832816381905,-3.6654143950153477,58.77548209366391,30.966559780119102,2.0,0.6,65126.45,7165.0,9.519950041853242,0.20821401004177795,2.0670902527456327,-0.1,0.0
2015-09-02,,,,855.6,864.5,880.25,892.2833333333333,871.4532935353623,20.642857142857142,28.94736842105263,-10.266503141864405,-5.83092090784217,-4.435582234022235,923.893893887683,836.606106112317,880.25,87.28778777536604,-84.61538461538461,18.989624965879347,23.209020875424457,10.550833146789131,-88.53156440433695,13.84083044982699,35.640138408304495,26.628762490148812,0.0,911.0,909.0,844.0,0,0,116395.35,801438,878.4623382005095,0.3333333333333333,0.6666666666666666,0.0,8460583.333333334,-7.040704070407033,-7.1507150715071415,-2.530024282166804,-3.6654143950153477,58.5151982070318,30.312819929473324,2.0,0.55,66766.45,-9384.0,-11.384481001601399,0.18451150911595607,2.0133151663454063,0.1,0.0
2015-09-07,,,,848.2,858.4,877.35,890.2833333333333,867.6005989129468,22.285714285714285,27.5,-12.18515270731291,-7.101767267736319,-5.08338543957659,925.9700088765213,828.7299911234787,877.35,97.2400177530426,-86.66666666666667,17.723041116493405,21.380360955780773,10.40840143791867,-99.92347636187276,12.820512820512821,39.42307692307693,26.36312464308032,0.0,911.0,909.0,831.0,0,1,121359.4,668483,875.8852363310959,0.36363636363636365,0.6363636363636364,0.42424242424242425,4028939.393939394,-8.580858085808574,-8.580858085808574,-3.1855327457195135,-3.6654143950153477,57.679167222741235,29.413634758036036,2.0,0.5,69314.6,17278.0,23.654235803077594,0.1673750085188297,2.0026841686432744,0.0,0.0
2015-09-08,,,,841.2,852.8,874.3,888.3166666666667,865.0672085402852,21.5,34.83870967741936,-12.751785241982702,-8.231770862585597,-4.5200143793971055,924.049266061715,824.5507339382849,874.3,99.4985321234301,-73.80952380952381,21.725270654238848,21.495330855266797,22.185150252182957,-80.36247604642095,13.289036544850498,35.880398671096344,27.44204067526738,20.67700785429304,819.0,909.0,831.0,0,0,123997.85,769020,873.9034757457488,0.9166666666666666,0.08333333333333333,0.8333333333333334,8378083.333333334,-7.4807480748074635,-8.580858085808574,-3.3418855656463053,-3.6654143950153477,57.30251460502921,29.413634758036036,2.0,0.45,71856.55,-4660.0,-5.159318881335661,0.12388512118051591,1.7345604749695993,-0.3,0.0
2015-09-09,,,,841.8,851.3,872.25,886.6,863.346522012639,21.714285714285715,38.96103896103895,-12.571776142456429,-9.099771918559764,-3.472004223896665,922.9913461638673,821.5086538361327,872.25,101.48269232773464,-66.66666666666667,27.096126382105176,23.362262697546257,34.56385375122301,-50.62373737679591,18.749999999999996,33.55263157894736,28.2273402813217,32.2917792135762,819.0,909.0,831.0,0,0,128546.3,958545,871.6923730982534,0.29411764705882354,0.7058823529411765,0.35294117647058826,11148529.411764706,-6.820682068206807,-8.580858085808574,-2.233637025425148,-3.6654143950153477,56.612903225806456,29.413634758036036,2.0,0.4,72642.65,-8785.0,-10.255422474376042,0.11833444250265342,1.7600657113561788,-0.2,0.0
2015-09-10,,,,844.0,850.9,870.45,885.1166666666667,862.6468532495305,21.0,35.172413793103445,-11.569526550036016,-9.593722844855016,-1.9758037051810007,920.7939747086856,820.1060252913145,870.45,100.6879494173711,-55.95238095238095,34.730750921403455,27.151758772165323,49.88873521987972,-38.304937114962435,17.687074829931973,33.333333333333336,29.216805093795365,26.5008164441456,819.0,909.0,831.0,0,0,129168.25,1065915,870.146341302913,0.7857142857142857,0.21428571428571427,0.6428571428571429,7669285.714285715,-5.830583058305827,-8.580858085808574,-1.9050696404911747,-3.6654143950153477,55.358119190814655,29.413634758036036,2.0,0.35,73258.35,2034.0,2.6457848251102423,0.11713749460862509,1.572310081744582,-0.2,0.0
2015-09-11,,,,844.6,850.1,867.4,883.6833333333333,861.2519148448134,21.214285714285715,34.93150684931507,-11.290618447142037,-9.93310196531242,-1.3575164818296166,915.239204358761,819.560795641239,867.4,95.67840871752196,-65.47619047619048,36.21689701066536,30.173471518332,48.30374799533209,-36.31350228087735,17.845117845117844,32.996632996633,30.189008544712156,28.20717928207179,903.0,909.0,831.0,0,0,128716.9,940155,867.6607174349289,0.11764705882352941,0.8823529411764706,0.47058823529411764,7397647.05882353,-6.710671067106699,-8.580858085808574,-3.457520354094394,-3.6654143950153477,54.525721082366935,29.413634758036036,2.0,0.3,73679.8,6365.0,8.066049093282302,0.12167813508138547,1.5892696404399895,-0.4,0.0
2015-09-14,,,,847.0,847.6,864.1,882.25,859.5136372405454,21.428571428571427,31.506849315068493,-11.342293085078268,-10.21494018926559,-1.1273528958126775,908.8632367955684,819.3367632044317,864.1,89.52647359113666,-69.62025316455696,38.179685726408486,32.84220958769083,48.8546380038438,-43.7891517024383,17.666666666666668,34.333333333333336,32.319655675359286,21.99838839645447,903.0,903.0,831.0,0,0,128906.5,809509,864.5632870853423,0.125,0.875,0.3125,8165375.0,-6.644518272425238,-8.580858085808574,-3.764225297026157,-3.6654143950153477,54.525721082366935,29.413634758036036,2.0,0.25,73956.65,-4232.0,-4.962709320324588,0.12316614431963219,1.617274971778316,-0.1,0.0
2015-09-15,,,,847.2,844.2,861.05,880.7833333333333,857.8456717890649,19.428571428571427,41.07142857142856,-11.333294091038738,-10.438610969620221,-0.8946831214185167,902.8690336921171,819.2309663078828,861.05,83.63806738423432,-68.91891891891892,42.87736624184808,36.18726180574325,56.257575114057744,-47.518555592579744,19.485294117647058,27.573529411764707,31.776882476336088,74.50980392156858,903.0,899.0,831.0,0,0,129668.55,721354,862.7160604222587,0.2222222222222222,0.7777777777777778,0.1111111111111111,9795000.0,-6.340378197997765,-8.580858085808574,-3.4864805405874675,-3.6654143950153477,54.525721082366935,29.413634758036036,2.0,0.2,74551.85,4122.0,5.086126054982487,0.12667605686748162,1.5895646864660598,-0.2,0.0
2015-09-16,,,,848.0,844.9,859.2,879.5,857.1937030472492,18.785714285714285,46.21848739495798,-10.479140530568657,-10.446716881809909,-0.0324236487587477,899.2347217720254,819.1652782279747,859.2,80.06944354405073,-56.75675675675676,52.82733507032296,41.73395289393648,75.01409942309591,-33.150517168253764,21.673003802281368,24.714828897338407,29.977692855132414,100.0,819.0,899.0,831.0,0,0,130497.55,842000,860.7751362637331,0.8461538461538461,0.15384615384615385,0.6923076923076923,9280461.53846154,-5.339265850945496,-8.580858085808574,-2.080723217982191,-3.6654143950153477,54.525721082366935,29.413634758036036,2.0,0.15,75359.5,-4620.0,-5.42469999765165,0.12231249162506158,1.3960747751234606,-0.2,0.0
2015-09-17,,,,847.6,845.8,857.85,878.25,856.8895408522732,17.857142857142858,49.152542372881356,-9.45119525634766,-10.24761255671746,0.7964173003698001,896.5894807453083,819.1105192546918,857.85,77.47896149061648,-52.7027027027027,61.73337489536682,48.40042689441326,88.39927089727396,-12.646611469525753,23.200000000000003,26.000000000000004,28.735845271821415,100.0,819.0,899.0,831.0,0,0,133440.55,984198,859.6827984447007,0.4166666666666667,0.5833333333333334,0.25,11849833.333333334,-5.005561735261399,-8.580858085808574,-1.4926412397295397,-3.6654143950153477,54.525721082366935,30.312819929473324,2.0,0.15,76504.8,3507.0,4.354033719861938,0.11464329655414299,1.4622985961187918,-0.2,0.0
2015-09-18,,,,848.4,846.5,855.5,876.9,856.4238702949137,17.142857142857142,42.59259259259259,-8.697663257953991,-9.937622696964766,1.239959439010775,889.0888452661123,821.9111547338877,855.5,67.17769053222469,-55.4054054054054,63.37780548580011,53.39288642487554,83.34764360764925,-12.116012882316417,24.16666666666667,25.833333333333336,26.397828097738675,69.70355874465461,893.0,897.0,831.0,0,0,131699.2,900684,858.0444922975994,0.25,0.75,0.25,10439250.0,-5.016722408026775,-8.580858085808574,-2.835961142958111,-3.6654143950153477,54.525721082366935,30.312819929473324,2.0,0.1,76858.25,-305.0,-0.3628662867476429,0.11604908155797877,1.3667916085031266,0.1,0.0
2015-09-21,,,,849.6,848.3,853.35,875.6333333333333,855.7168350287316,16.5,36.893203883495154,-8.24748675484841,-9.599595508541494,1.3521087536930843,882.2838628780825,824.4161371219176,853.35,57.86772575616487,-47.36842105263158,57.63648570848213,54.80741951941107,63.29461808662424,-28.433330756266358,15.151515151515152,32.467532467532465,28.613551305828288,43.38152869872517,893.0,897.0,831.0,0,0,130325.9,780058,855.4372159844411,0.7058823529411765,0.29411764705882354,0.17647058823529413,7095647.05882353,-5.3511705685618915,-8.580858085808574,-2.610535511234493,-3.6654143950153477,54.525721082366935,30.966559780119102,2.0,0.05,77235.55,2494.0,2.9779815637388296,0.11856692024372295,1.3241224379552885,-0.2,0.0
2015-09-22,,,,849.6,848.4,850.6,874.2333333333333,854.4104697879,15.071428571428571,48.71794871794872,-8.359200471733175,-9.35151650117983,0.9923160294466555,871.3683970441755,829.8316029558246,850.6,41.536794088350916,-47.72727272727273,44.83458021591117,51.48313975157777,31.537461144577975,-34.78693482452888,16.587677725118482,24.644549763033176,27.896605955565796,97.99287470520348,893.0,876.0,831.0,0,0,129235.2,684130,853.159339973423,0.16666666666666666,0.8333333333333334,0.5833333333333334,7994000.0,-3.8812785388127824,-8.580858085808574,-3.390875982437959,-3.6654143950153477,54.525721082366935,31.116878467871842,2.0,0.0,77657.05,1620.0,1.878435101226783,0.12173050974700274,1.3354638158861176,-0.2,0.0
2015-09-23,,,,847.8,847.9,849.6,872.8,853.2285202842904,14.428571428571429,48.051948051948045,-8.351463919757066,-9.151505984895278,0.8000420651382125,869.9795563196188,829.2204436803812,849.6,40.75911263923763,-47.72727272727273,39.08512244279135,47.350467315315626,22.55443269774281,-53.50029356866196,17.326732673267326,23.26732673267327,26.07504109268685,94.91702035733344,893.0,876.0,831.0,0,0,126158.4,684130,851.1799541951493,0.8888888888888888,0.1111111111111111,0.0,12197333.333333334,-3.8812785388127824,-8.580858085808574,-1.5227730386633465,-1.7566128988679055,54.525721082366935,31.116878467871842,1.0,0.0,79205.5,5217.0,5.937720516264133,0.11751501505414426,1.2717704347605543,-0.1,0.0
2015-09-24,,,,841.0,844.3,847.6,871.3666666666667,850.0638993048342,15.357142857142858,37.37373737373737,-10.00521489561902,-9.322247767040027,-0.6829671285789924,871.2678774090045,823.9321225909955,847.6,47.335754818009036,-97.72727272727273,26.85039908884503,40.51711123982543,-0.4830252131157664,-95.08076420202653,15.813953488372091,28.837209302325583,25.011521279167034,45.60082231315106,893.0,876.0,820.0,0,1,131098.95,441712,848.4499016455381,0.04,0.96,0.88,9696720.0,-6.392694063926929,-8.580858085808574,-2.8414838690642226,-2.6648336749856267,54.525721082366935,31.4306450149687,1.0,0.0,83345.35,52242.0,56.12651618517604,0.20220405784840761,1.2670483178611964,-0.5,0.0
2015-09-25,,,,834.8,841.6,845.85,869.9,847.29590889485,13.857142857142858,44.18604651162791,-11.107097114364251,-9.679217636504871,-1.4278794778593795,871.9532363388806,819.7467636611194,845.85,52.20647267776121,-95.45454545454545,19.48756764653161,33.50726337539416,-8.551823811193493,-97.08618226287798,17.525773195876287,20.61855670103093,21.95351147269097,71.85434516523868,819.0,876.0,820.0,0,0,133642.25,600796,846.3587425882658,0.16666666666666666,0.8333333333333334,0.08333333333333333,13257000.0,-6.278538812785383,-8.580858085808574,-2.4767049174806797,-2.6648336749856267,54.525721082366935,31.942395504039347,1.0,0.0,86448.4,-18022.0,-12.401511137413035,0.21896194362136884,1.317544685782322,-0.7,0.0
2015-09-28,,,,829.2,839.4,843.5,868.3333333333334,844.79153661915,13.928571428571429,36.8421052631579,-11.843818543701673,-10.112137817944232,-1.7316807257574407,869.6694880587715,817.3305119412285,843.5,52.3389761175431,-89.36170212765957,16.695415468058112,27.90331407294881,-5.720381741723287,-90.9365876030296,17.435897435897434,22.05128205128205,19.506537597145666,30.235457063711927,863.0,876.0,820.0,0,0,133371.8,600796,844.9225031078533,0.38461538461538464,0.6153846153846154,0.0,6958923.076923077,-6.278538812785383,-8.580858085808574,-3.491389071180115,-2.6648336749856267,54.525721082366935,32.703962703962716,1.0,0.0,89645.05,-504.0,-0.39591827115688094,0.22419917995252278,1.1805027538308526,-0.5,0.0
2015-09-29,,,,823.8,836.7,840.45,866.6833333333333,841.9542474173261,13.928571428571429,28.94736842105263,-12.764682130291362,-10.642646680413659,-2.1220354498777034,864.8283769589552,816.0716230410449,840.45,48.75675391791037,-87.27272727272727,15.532792701975847,23.779806949291157,-0.9612357926547759,-110.58040102759097,8.717948717948717,26.153846153846153,21.05640282625618,0.0,863.0,856.0,815.0,0,1,132450.9,458394,841.3370645273078,0.3888888888888889,0.6111111111111112,0.3333333333333333,7911222.222222223,-4.78971962616821,-8.580858085808574,-4.667678151824004,-2.6648336749856267,54.525721082366935,32.703962703962716,1.0,0.0,92381.05,-8112.0,-6.397728617059029,0.21803943698217557,1.2021124840336668,-0.2,0.0
2015-09-30,,,,818.4,833.1,839.0,865.2833333333333,839.3871762347236,13.5,19.40298507462687,-13.340689987245923,-11.182255341780111,-2.158434645465812,865.8171194338964,812.1828805661036,839.0,53.634238867792874,-87.27272727272727,15.021861801317232,20.860491899966515,3.3446016040186706,-98.79964738401078,8.994708994708994,26.984126984126984,22.43735520720856,0.0,863.0,856.0,815.0,0,0,126810.3,458394,839.756698522649,0.5,0.5,0.0,7892000.0,-4.78971962616821,-8.580858085808574,-2.9519925575412618,-1.7046058272076927,54.525721082366935,32.703962703962716,0.0,0.0,93987.05,-11300.0,-9.521161413176271,0.21264534459223458,1.0838257409468721,-0.2,0.0
2015-10-08,,,,820.8,830.9,838.35,864.4833333333333,838.6836356409403,13.571428571428571,39.473684210526315,-12.283822183011011,-11.402568710026292,-0.881253472984719,865.1849732526177,811.5150267473823,838.35,53.66994650523543,-54.716981132075475,27.40587888203757,23.042287560656867,36.133061524798975,-45.7664471039038,14.210526315789474,26.842105263157894,22.50649136905995,67.46553884711778,808.0,856.0,815.0,0,0,122185.8,555441,839.0117772823575,0.9375,0.0625,1.0625,6065437.5,-2.8037383177569875,-8.580858085808574,-1.0961530088034395,-1.7046058272076927,54.525721082366935,33.41553183658447,0.0,0.0,94451.7,-15662.0,-14.58517642457372,0.20973983524081175,0.9618081559353296,-0.1,0.0
2015-10-09,,,,824.4,829.6,838.05,864.2166666666667,838.7137655798984,13.571428571428571,47.43589743589743,-10.7574007160689,-11.273535111234814,0.5161343951659134,864.7055020487085,811.3944979512914,838.05,53.311004097417026,-41.509433962264154,41.75543440620686,29.280003175840196,66.70629686694019,-6.517706934489953,20.0,24.210526315789473,20.897386188526202,94.2296790511076,808.0,856.0,815.0,0,0,123299.2,679236,838.609348235836,0.6875,0.3125,0.4375,7737187.5,-1.9859813084112,-8.580858085808574,-0.4496226513804335,-1.7046058272076927,54.525721082366935,33.7375533428165,0.0,0.05,94991.2,-7887.0,-8.598903195560448,0.2035755745123759,1.0072042428471009,-0.1,1.0
2015-10-12,,,,825.4,827.3,837.8,863.15,837.5029307627652,14.214285714285714,41.111111111111114,-10.47593203722738,-11.114014496433327,0.6380824592059469,864.8251344997922,810.7748655002077,837.8,54.05026899958443,-66.0377358490566,44.50362293747124,34.35454309638388,64.80178261964596,-32.833451170456875,19.095477386934675,25.12562814070352,20.643733591123606,72.96957671957672,861.0,856.0,815.0,0,0,123208.5,548095,838.3998648632197,0.16666666666666666,0.8333333333333334,0.7222222222222222,7285611.111111111,-3.504672897196237,-7.4807480748074635,-0.3726587325856469,-1.602631795005364,54.525721082366935,33.7375533428165,0.0,0.05,95387.1,14406.0,17.183958775675734,0.20252536576057312,1.1314886274715164,-0.3,0.0
2015-10-13,,,,827.6,825.7,837.05,862.1833333333333,836.4074135472638,13.857142857142858,34.5679012345679,-10.136024302668147,-10.918416457680292,0.7823921550121451,864.5299448401205,809.5700551598794,837.05,54.959889680241076,-66.0377358490566,46.33574862498083,38.34827827258286,62.31068932977678,-45.04021509855292,17.525773195876287,26.288659793814432,21.603920944753582,50.97526664986981,861.0,856.0,815.0,0,0,122454.65,548095,837.997275453947,0.5,0.5,0.0,10682500.0,-3.504672897196237,-6.820682068206807,-1.3255949601476749,-1.602631795005364,54.525721082366935,33.7375533428165,0.0,0.05,95961.1,-1098.0,-1.1176710097719922,0.1999166885586215,1.067466897621885,-0.4,0.0
2015-10-14,,,,828.8,823.6,835.75,861.2166666666667,834.9400408284768,13.928571428571429,30.12048192771084,-10.153064974421795,-10.765346161028594,0.6122811866067988,863.7039094336837,807.7960905663163,835.75,55.907818867367496,-74.0,42.92753612035759,39.874697555174436,49.03321325072389,-49.868478600106044,13.846153846153847,28.205128205128204,23.636441269956833,36.55981628865329,861.0,856.0,815.0,0,0,118875.9,430145,836.3661297201536,0.23076923076923078,0.7692307692307693,0.38461538461538464,9073076.923076924,-4.088785046728949,-6.710671067106699,-2.38143719934119,-1.602631795005364,54.525721082366935,33.6004536004536,0.0,0.05,97608.9,12691.0,13.064379979823348,0.19333848325641334,1.164657211520286,-0.6,0.0
2015-10-15,,,,827.4,824.1,834.2,860.3666666666667,833.9933702733837,14.0,34.11764705882352,-9.73162316483365,-10.558601561789606,0.8269783969559565,860.83278549369,807.56721450631,834.2,53.26557098737999,-63.04347826086956,44.35909815431246,41.369497754887114,50.338298953163175,-40.55700952607367,13.775510204081632,28.061224489795915,25.837370422105494,50.19505452311469,808.0,854.0,815.0,0,0,117260.2,505201,835.2148936012959,0.5555555555555556,0.4444444444444444,0.4444444444444444,8339555.555555555,-3.3957845433255085,-6.710671067106699,-2.9185759984032154,-1.602631795005364,54.525721082366935,34.05087440381557,0.0,0.05,98952.05,-4059.0,-3.6956106088334106,0.1861640800868974,1.0949614050406127,-0.6,0.0
2015-10-16,,,,825.2,824.8,833.2,859.5666666666667,833.4225731044901,13.285714285714286,37.647058823529406,-9.051215785072714,-10.257124406446229,1.2059086213735153,859.1440693962438,807.2559306037563,833.2,51.88813879248755,-54.54545454545455,48.0912506213935,43.61008204372257,57.053587776735355,-27.79685472346074,15.053763440860214,22.58064516129032,24.66853925327433,62.23467977269234,808.0,854.0,815.0,0,0,115321.45,592186,833.9716784402787,0.7142857142857143,0.2857142857142857,0.42857142857142855,12426428.57142857,-3.044496487119419,-6.644518272425238,-1.8831156455787705,-1.602631795005364,54.525721082366935,34.477850399419026,0.0,0.05,99959.05,-358.0,-0.33845746591789627,0.181907570460031,0.9646596432421631,-0.6,0.0
2015-10-19,,,,827.6,826.5,832.95,859.0333333333333,833.8585185231101,13.428571428571429,47.72727272727273,-7.617264524176562,-9.729152429992297,2.1118879058157347,858.5910443993561,807.308955600644,832.95,51.28208879871204,-16.666666666666668,59.33356102032294,48.85124170258936,80.29819965579009,8.4722566287097,20.74468085106383,22.340425531914892,23.537358811749055,98.86671177266578,808.0,854.0,815.0,0,0,116539.2,747187,833.3319622639135,0.7857142857142857,0.21428571428571427,0.7142857142857143,11071500.0,-1.8735362997657767,-6.392694063926929,-0.39419425449419554,-1.602631795005364,54.525721082366935,34.78454798884907,0.0,0.1,101417.65,4800.0,4.553388479927145,0.1750292123159995,0.978946472581011,-0.2,0.0
2015-10-20,,,,830.2,828.9,832.8,858.5666666666667,834.3481834256711,13.714285714285714,48.31460674157304,-6.327219923483881,-9.048765928690614,2.721546005206733,858.252535805738,807.3474641942619,832.8,50.90507161147616,-20.512820512820515,64.0001517913264,53.90087839883505,84.19869857630911,29.018051184905683,23.437500000000004,18.750000000000004,23.285713438152467,100.0,808.0,854.0,815.0,0,0,118537.25,875303,833.3080147098627,0.38461538461538464,0.6153846153846154,0.07692307692307693,9855076.923076924,-1.7564402810304136,-6.392694063926929,-0.20604956344742753,-1.602631795005364,54.525721082366935,34.91294741493593,0.0,0.15,102553.4,-2335.0,-2.1185671771793535,0.16946579364111866,1.0405114178737704,-0.3,0.0
2015-10-21,,,,837.6,833.2,833.15,858.1666666666666,836.600737385131,14.071428571428571,72.09302325581396,-3.7287266332148192,-7.984758069595455,4.256031436380636,859.8197147379857,806.4802852620143,833.15,53.33942947597143,-10.714285714285714,71.65227510726108,59.81801063497706,95.32080405182913,76.8564623789225,30.964467005076138,10.65989847715736,24.686700662310418,100.0,808.0,858.0,815.0,1,0,125821.75,1141639,834.5819674791256,0.8,0.2,0.6333333333333333,8877866.666666666,0.0,-6.392694063926929,0.6728735414568274,-1.602631795005364,55.358119190814655,34.91294741493593,0.0,0.2,105441.55,30428.0,28.205151973007304,0.1735989064418643,1.2108626388534578,0.1,0.0
2015-10-22,,,,846.2,836.8,833.85,857.9833333333333,839.5911433484519,14.928571428571429,74.73684210526315,-0.8526566578391339,-6.5583377872441915,5.705681129405058,863.4029854221775,804.2970145778226,833.85,59.10597084435494,-16.666666666666668,74.64990383494825,64.76197503496745,94.42576143490984,124.51370841182528,36.8421052631579,10.047846889952153,28.18918273622106,100.0,808.0,868.0,815.0,1,0,140462.1,1576644,838.7400311780425,0.5,0.5,0.4166666666666667,18125208.333333332,0.0,-6.392694063926929,1.2283976936835215,-1.602631795005364,56.612903225806456,34.91294741493593,0.0,0.25,109419.95,25312.0,18.30105054624067,0.1986504999912137,1.6006676659544374,0.4,0.0
2015-10-23,,,,855.2,840.2,834.9,857.9833333333333,842.7729392200279,15.071428571428571,76.0,1.809251803299503,-4.884819869135453,6.694071672434956,868.3972111957063,801.4027888042937,834.9,66.99442239141263,-9.722222222222221,79.33649502975044,69.62014836656178,98.76918835612776,113.42086320390857,36.492890995260666,8.530805687203792,31.790393555476992,100.0,808.0,873.0,815.0,1,0,148518.8,1821292,840.8494762952569,0.8666666666666667,0.13333333333333333,0.3333333333333333,16309866.666666666,0.0,-6.392694063926929,1.7940044623286227,-1.602631795005364,57.30251460502921,34.91294741493593,0.0,0.3,113480.35,1335.0,0.815909938210857,0.21272698714077526,1.7322579217726517,0.7,0.0
2015-10-26,,,,861.2,844.4,835.85,858.0166666666667,845.1755164371681,14.642857142857142,76.76767676767678,3.475313967401803,-3.2127931018280016,6.688107069229805,872.0033284482874,799.6966715517126,835.85,72.30665689657485,-17.391304347826086,79.77271711660782,73.00433794991046,93.30947545000254,100.2530602698437,38.53658536585366,4.878048780487805,33.75668569030846,100.0,880.0,873.0,815.0,0,0,154158.45,1587873,842.8287974699624,0.25,0.75,0.4166666666666667,19451583.333333332,-0.572737686139746,-6.392694063926929,1.6306632597616084,-1.602631795005364,57.679167222741235,35.12423240434577,0.0,0.35,118402.9,19737.0,11.965008850845082,0.2366476583322402,1.7037545462433492,0.3,0.0
2015-10-27,,,,869.0,849.6,837.65,858.6,848.3016577288663,15.214285714285714,78.89908256880734,5.53874940688479,-1.4624846000854437,7.0012340069702335,878.3867673057317,796.9132326942682,837.65,81.47353461146349,-3.1746031746031744,85.40403363329409,77.13756984437167,101.93696121113894,95.29662650071512,38.028169014084504,5.633802816901408,35.4847962893868,100.0,817.0,878.0,815.0,1,0,163818.1,1876994,845.4668450352351,0.9375,0.0625,0.625,18070062.5,0.0,-6.392694063926929,3.0101088478795206,-1.602631795005364,58.5151982070318,35.60591133004927,0.0,0.4,124509.65,25304.0,13.70057338393984,0.27097400364988855,1.7415982566478896,0.6,0.0
2015-10-28,,,,871.8,854.7,839.15,858.8333333333334,850.5586427070695,14.857142857142858,70.40816326530611,6.613648974492435,0.152742114830132,6.460906859662303,882.6750683967572,795.6249316032428,839.15,87.05013679351441,-18.181818181818183,83.71197870634907,79.3290394650308,92.47785718898561,88.04762526833345,34.61538461538462,5.769230769230768,38.38903490791113,82.59294200344989,884.0,878.0,815.0,0,0,169242.0,1658740,847.602234669881,0.07692307692307693,0.9230769230769231,0.46153846153846156,16788769.230769232,-0.6833712984054663,-6.392694063926929,2.496092896761222,-1.602631795005364,58.77548209366391,35.60591133004927,0.0,0.45,130850.0,9889.0,4.709114892117516,0.29822487423450983,1.5549820086236081,0.2,0.0
2015-10-29,,,,872.6,859.4,841.75,859.0666666666667,852.6006767349676,14.285714285714286,68.13186813186813,7.380437536299155,1.5982811991239367,5.782156337175218,886.6493025381918,796.8506974618082,841.75,89.79860507638364,-18.181818181818183,82.12377527791693,80.26061806932617,85.85008969509846,68.99297133071694,30.499999999999996,7.999999999999999,41.88315983060748,77.9263564443714,884.0,878.0,815.0,0,0,168386.0,1658740,850.6248462857164,0.625,0.375,0.0,28162250.0,-0.6833712984054663,-6.278538812785383,5.207151671410559,-0.7717484564159777,59.83333333333334,35.60591133004927,0.0,0.5,134330.45,-4956.0,-2.253895200240119,0.3220114427820429,1.2329071002967424,0.0,0.0
2015-10-30,,,,874.8,865.0,844.9,859.2833333333333,855.5910884744944,14.214285714285714,82.22222222222223,8.854355212514633,3.0494960018020763,5.804859210712557,892.4323712409185,797.3676287590814,844.9,95.06474248183713,-2.9411764705882355,86.80046556989333,82.44056723618189,95.52026223731622,77.53388037100022,36.18090452261307,5.527638190954774,46.15870356398254,99.99999999999999,818.0,884.0,815.0,1,0,175230.75,1954719,854.3012512548929,0.8823529411764706,0.11764705882352941,0.7058823529411765,17410529.411764707,0.0,-6.278538812785383,6.076156110672827,-0.7717484564159777,62.59842519685039,35.60591133004927,0.0,0.55,139521.7,16194.0,7.534546131298558,0.34620657684273953,1.1924063601432222,0.0,0.0
2015-11-02,,,,876.4,868.8,847.65,859.45,857.5347943340664,14.428571428571429,75.51020408163265,9.270053047583588,4.293607410958379,4.976445636625209,895.7213285813277,799.5786714186722,847.65,96.1426571626555,-14.705882352941176,84.79005396967248,83.22372948067876,87.92270294765993,66.75792706219256,35.64356435643565,4.9504950495049505,50.13082899952261,87.11747802923841,886.0,884.0,815.0,0,0,181750.65,1733855,856.5653385558732,0.18181818181818182,0.8181818181818182,0.7272727272727273,20078545.454545457,-0.9049773755656076,-4.78971962616821,5.141283907421078,-0.9372016891472795,63.53238691878844,35.60591133004927,0.0,0.6,144745.15,140.0,0.060573544936914914,0.36156624859183156,1.1306479930515545,0.0,0.0
2015-11-03,,,,877.4,873.2,851.05,859.5666666666667,859.9600520165362,14.357142857142858,81.0,10.048505162836022,5.444586961333908,4.603918201502115,899.0169842594091,803.0830157405908,851.05,95.93396851881835,-4.545454545454546,86.52670264644831,84.32472053593527,90.9306668674744,64.30088895565505,35.32338308457711,3.4825870646766166,53.55261047008457,97.45923913043477,820.0,884.0,815.0,0,0,186016.0,1961564,859.5600552282242,0.8333333333333334,0.16666666666666666,0.5833333333333334,18975750.0,-0.11312217194567875,-4.78971962616821,6.50535792086969,-0.9372016891472795,66.18111815192108,35.60591133004927,0.0,0.65,150573.1,3978.0,1.7201120797011304,0.3696809737626567,1.0488862574531859,0.0,0.0
2015-11-04,,,,881.0,876.4,854.8,859.6,862.8209994435329,15.142857142857142,81.55339805825243,11.102295222787689,6.576128613624665,4.526166609163024,902.6268807921949,806.973119207805,854.8,95.65376158438994,-15.189873417721518,81.49399224048936,83.3811444374533,77.71968784656147,79.00243266621132,41.509433962264154,3.30188679245283,57.203811643750434,98.49955869373343,820.0,890.0,821.0,1,0,206069.5,2425770,863.821406370181,0.4,0.6,0.35,23210300.0,0.0,-4.088785046728949,7.1492495843818205,-0.9372016891472795,68.58712715855573,35.60591133004927,0.0,0.7,157439.4,9467.0,4.024366397156975,0.3712904792735589,1.2297649639948607,0.4,0.0
2015-11-05,,,,881.4,877.0,856.9,859.2666666666667,863.8856661631963,16.642857142857142,69.82758620689654,10.525039056393325,7.365910702178398,3.1591283542149275,904.197045640408,809.602954359592,856.9,94.59409128081597,-37.333333333333336,63.731037562035645,76.83110881231408,37.53089506147876,48.57745971061035,37.33905579399142,9.012875536480687,60.14031958025838,64.06825869642041,902.0,890.0,821.0,0,0,222105.6,2008001,866.0774188794279,0.21428571428571427,0.7857142857142857,0.5714285714285714,14920321.42857143,-1.7977528089887729,-4.088785046728949,3.8730348085892548,-1.561878105288531,69.94370161857846,35.60591133004927,0.0,0.75,163427.25,-33231.0,-13.579802949625886,0.35181007060484004,1.4152116968892283,0.5,0.0
2015-11-06,,,,879.6,877.2,858.7,859.0,864.9441741476538,16.428571428571427,67.28971962616822,10.032601443903332,7.899248850523385,2.1333525933799464,905.8686782782958,811.5313217217043,858.7,94.33735655659143,-39.705882352941174,52.74376863110069,68.8019954185763,20.627315056149484,32.1384380326816,33.04347826086957,9.565217391304348,63.81162937401715,55.96121288866252,834.0,890.0,821.0,0,0,229911.0,2287904,867.3019342992144,0.7272727272727273,0.2727272727272727,0.09090909090909091,25445727.272727273,-1.6853932584269704,-4.088785046728949,3.3430456098633448,-1.561878105288531,69.94370161857846,35.60591133004927,0.0,0.75,170405.55,11922.0,5.637465835689759,0.3272801277177005,1.409674909116634,0.5,0.0
2015-11-09,,,,879.0,877.7,861.05,858.7333333333333,865.711395657401,16.214285714285715,65.74074074074073,9.37291269971422,8.193981620361553,1.178931079352667,905.989608599182,816.1103914008179,861.05,89.87921719836413,-42.64705882352941,40.87679813501951,59.49359632405737,3.643201756943796,30.505636019168204,31.718061674008812,9.691629955947135,66.81737067763079,0.0,902.0,890.0,821.0,0,0,234273.85,2069506,868.6737170338616,0.3,0.7,0.2,21839800.0,-1.9101123595505642,-4.088785046728949,4.742454992424976,-0.9496161472367654,69.94370161857846,35.60591133004927,0.0,0.8,176628.8,-695.0,-0.31110116383169517,0.30695149717363696,1.4148010622127933,0.8,0.0
2015-11-10,,,,877.8,877.6,863.6,858.3166666666667,866.7865008328866,15.0,60.215053763440864,9.06833704315909,8.36885270492106,0.6994843382380296,905.8742923000343,821.3257076999657,863.6,84.54858460006858,-54.34782608695652,38.062009567490485,52.34973407186841,9.486560558734624,24.528639286452467,26.19047619047619,12.857142857142858,65.7720745103834,0.0,856.0,890.0,821.0,0,0,242455.1,2318591,869.6651452165783,0.9230769230769231,0.07692307692307693,0.3076923076923077,19160384.615384616,-1.4606741573033766,-4.088785046728949,5.137605274602247,-0.9496161472367654,69.94370161857846,35.60591133004927,0.0,0.85,182921.5,291.0,0.1306661278372756,0.28292412403496764,1.4446041567869086,0.8,0.0
2015-11-11,,,,874.2,877.6,866.15,858.05,867.2830245630879,13.857142857142858,52.272727272727266,8.327506120864768,8.360583388109802,-0.03307726724503368,903.466709958145,828.833290041855,866.15,74.63341991629,-71.42857142857143,31.680979351299964,45.46014916501227,4.122639723875352,20.645161239062034,20.103092783505154,13.917525773195877,62.98914315602349,0.0,902.0,890.0,825.0,0,0,245308.5,2143573,870.9098709719938,0.25,0.75,0.625,21877250.0,-2.0224719101123667,-3.3957845433255085,5.177033011303317,-0.9496161472367654,69.94370161857846,35.60591133004927,0.0,0.9,188466.2,-2269.0,-1.0175070404850328,0.26210045783863156,1.2237930830453543,0.7,-1.0
2015-11-12,,,,875.6,878.5,868.95,857.8666666666667,868.5894031761272,15.285714285714286,54.34782608695652,8.370131396892134,8.362492989866269,0.00763840702586549,901.3454187793551,836.554581220645,868.95,64.79083755871011,-50.0,37.78731956753331,42.902539299185946,27.556880104228043,31.63841960886292,26.168224299065418,17.289719626168225,60.012346325236834,6.928660458977955,860.0,890.0,828.0,0,0,264210.45,2596668,872.231808709055,0.6,0.4,0.2571428571428571,12945571.42857143,-1.011235955056189,-3.044496487119419,5.558889248030577,-0.9496161472367654,69.94370161857846,35.60591133004927,0.0,0.95,194006.05,-4156.0,-1.8828688832811524,0.23561345501368786,1.2471248476083026,0.5,0.0
2015-11-13,,,,877.2,878.4,871.7,857.4333333333333,869.961840968877,15.571428571428571,58.42696629213483,8.46768531518262,8.383531454929539,0.0841538602530818,898.2734335082262,845.1265664917739,871.7,53.146867016452234,-45.23809523809524,43.44551463232379,43.083531076898566,44.16948174317423,37.10652780577225,24.770642201834864,16.972477064220183,55.80900552478528,20.548723875930804,860.0,890.0,838.0,0,0,277761.0,2954664,873.5051095486168,0.6875,0.3125,0.125,22374750.0,-0.7865168539325951,-2.0224719101123667,5.443435657511347,-0.9496161472367654,69.94370161857846,35.60591133004927,0.0,1.0,198844.85,-14379.0,-6.639393085870227,0.20460627800331946,1.3506551466852978,0.2,0.0
2015-11-16,,,,877.8,878.4,873.6,856.8833333333333,870.5369037337459,15.285714285714286,48.83720930232558,7.889214050992223,8.284667974142076,-0.3954539231498533,894.9482404056193,852.2517595943807,873.6,42.696480811238644,-61.904761904761905,41.66208911996189,42.60971709125301,39.76683317737965,31.64028342463066,24.299065420560748,16.355140186915886,51.905197060353906,0.0,902.0,890.0,839.0,0,0,280346.45,2747954,874.7997972984261,0.0,1.0,0.5833333333333334,17225833.333333332,-1.5730337078651901,-2.0224719101123667,3.745314755708501,-0.9496161472367654,68.47101174687381,35.60591133004927,0.0,1.0,203455.65,240.0,0.11869905832080363,0.17168575479115936,1.3587496481684878,-0.1,0.0
2015-11-17,,,,876.8,877.3,875.25,856.3666666666667,870.6762462352939,15.785714285714286,50.0,7.027001931743371,8.033134765662336,-1.006132833918965,889.1348649139729,861.3651350860271,875.25,27.769729827945866,-68.18181818181819,40.05542783436056,41.758287338955526,36.64970882517062,-34.44012360808978,21.266968325791854,23.981900452488684,47.23172767259881,3.482972136222905,902.0,890.0,858.0,0,0,292100.65,2384754,875.2231087697569,0.7,0.3,0.2,18160000.0,-2.0224719101124,-2.0224719101124,3.228590888585537,-0.9496161472367654,67.4581493273082,35.60591133004927,0.0,0.95,207832.1,-7022.0,-3.4688191590262374,0.1293425739702164,1.507082253953266,-0.2,0.0
2015-11-18,,,,876.0,875.1,875.75,856.0333333333333,870.4213656414563,16.0,47.72727272727273,5.95231150291022,7.616970113111913,-1.664658610201693,887.5888299562038,863.9111700437962,875.75,23.677659912407535,-77.27272727272727,35.712627565249385,39.743067414386815,27.651747866974517,-61.70309571656432,20.982142857142858,21.875,43.20614016486844,0.0,902.0,890.0,868.0,0,0,289937.85,2161674,876.02469069377,0.45454545454545453,0.5454545454545454,0.36363636363636365,20280000.0,-2.4719101123595877,-2.4719101123595877,1.1470167064348327,-0.9496161472367654,67.4581493273082,35.60591133004927,0.0,0.9,210741.35,1084.0,0.5547310782457293,0.1024426984397538,1.5755593949642706,-0.5,0.0
2015-11-19,,,,870.8,873.2,875.1,855.6,868.9526641517938,16.285714285714285,33.70786516853933,4.005447930429455,6.894665676575422,-2.8892177461459676,889.8098248583552,860.3901751416448,875.1,29.41964971671041,-90.38461538461539,27.512122080536628,35.66608563643675,11.204194968736388,-121.9282286417773,15.78947368421053,27.192982456140353,39.85161418924583,0.0,902.0,890.0,855.0,0,1,287298.35,1779459,875.4775736326599,0.23809523809523808,0.7619047619047619,0.6190476190476191,18200714.285714287,-3.9325842696629643,-3.9325842696629643,-1.3011079794271672,-1.5126987003572738,67.4581493273082,35.12423240434577,0.0,0.85,211221.25,-23275.0,-11.845145398841694,0.09738095877226499,1.5984415067057829,-0.3,-1.0
2015-11-20,,,,865.8,871.5,874.35,854.9166666666666,867.9095532801944,16.642857142857142,39.285714285714285,2.6737975767146054,6.050492056603259,-3.376694479888654,890.922329506084,857.777670493916,874.35,33.14465901216795,-81.48148148148148,25.433613301918037,32.25526152493051,11.790316855893096,-113.836267482778,15.450643776824036,27.46781115879828,36.450917325134334,11.65803530714611,848.0,890.0,855.0,0,0,288949.8,2057136,874.8338320358763,0.625,0.375,0.1875,17354812.5,-3.595505617977568,-3.9325842696629643,-1.517929581497765,-1.5126987003572738,67.4581493273082,35.12423240434577,0.0,0.8,210928.6,-14116.0,-8.149221505723968,0.10093839645885519,1.5933797351223735,-0.3,-1.0
2015-11-23,,,,863.6,870.7,874.2,854.4666666666667,867.632452967795,17.214285714285715,39.285714285714285,2.1584157032716575,5.272076785936939,-3.1136610826652813,891.066035630515,857.3339643694851,874.2,33.73207126102989,-68.51851851851852,29.01247978993117,31.17433427993073,24.688770809932045,-60.493036518594494,19.08713692946058,26.141078838174273,31.70413505541628,11.65803530714611,848.0,890.0,855.0,0,0,287931.05,2270180,874.641292883603,0.55,0.45,0.35,10652200.0,-2.808988764044995,-3.9325842696629643,-0.2446857462337287,-1.5126987003572738,67.4581493273082,35.12423240434577,0.0,0.75,209221.85,-8545.0,-5.370734681307077,0.11764327219380344,1.6721590154082673,-0.2,0.0
2015-11-24,,,,867.2,872.0,874.8,854.35,869.7626955422907,18.142857142857142,50.0,3.7243311505370684,4.962527658856965,-1.2381965083198967,893.0335722745106,856.5664277254893,874.8,36.467144549021214,-12.5,49.12888723584064,37.15918526523403,73.06829117705385,28.940901153442308,17.716535433070867,24.803149606299215,26.804385681982698,45.105926521855736,848.0,890.0,855.0,0,0,286813.05,2536941,874.9099158842319,1.0,0.0,0.7575757575757576,8083666.666666667,-4.440892098500626e-14,-3.9325842696629643,1.0883173831358617,-1.5126987003572738,67.4581493273082,35.12423240434577,1.0,0.75,205632.15,-12355.0,-8.206139826512038,0.14242082638162423,1.6864700547910225,-0.4,1.0
2015-11-25,,,,874.8,875.4,876.5,855.0833333333334,873.2138673954059,17.714285714285715,65.68627450980392,6.185098738559304,5.207041874797433,0.9780568637618714,899.3818475513558,853.6181524486442,876.5,45.76369510271161,-0.0,66.08592482389375,46.80143178478727,104.6549109021067,118.89717361674461,24.596774193548384,19.758064516129032,23.218527096124113,95.22526333860625,848.0,906.0,855.0,1,0,289962.85,2818191,876.0335809110259,1.0,0.0,0.7272727272727273,12784090.90909091,0.0,-3.9325842696629643,2.7984379579762737,-1.5126987003572738,67.4581493273082,35.12423240434577,1.0,0.75,201544.4,-72.0,-0.05209727719369672,0.16224149672294622,1.8666318162529454,-0.3,1.0
2015-11-26,,,,881.0,875.9,877.2,855.5166666666667,874.4315943101292,19.214285714285715,54.54545454545455,6.447123501385022,5.4550582001149515,0.9920653012700704,900.3571291738423,854.0428708261578,877.2,46.31425834768447,-43.28358208955224,62.96275585274508,52.188539807439874,84.5111879433555,85.10223417919342,26.022304832713754,18.215613382899626,20.543171239495745,65.05063627505982,915.0,906.0,855.0,0,0,293367.9,2524792,877.1458166236548,0.09375,0.90625,0.625,9168718.75,-2.207505518763797,-3.9325842696629643,1.1116469335715708,-1.8182404444775135,67.4581493273082,35.12423240434577,1.0,0.75,194870.05,-56688.0,-41.03930327008419,0.2160206947274216,2.1458248697549873,-0.3,1.0
2015-11-27,,,,888.8,877.3,877.85,856.2,876.5809662805931,19.5,59.230769230769226,7.456434942329679,5.855333548557898,1.6011013937717813,902.4929236131917,853.2070763868084,877.85,49.28584722638334,-26.865671641791046,66.35328002123305,56.910119878704265,85.23960030629061,67.56344422776756,24.908424908424905,17.94871794871795,17.90373030218247,79.81292562071066,848.0,906.0,855.0,0,0,283769.05,2628794,877.2926637583158,1.0,0.0,0.7857142857142857,7428714.285714285,-0.9933774834437137,-3.9325842696629643,1.0314488983659196,-1.8182404444775135,67.4581493273082,35.12423240434577,1.0,0.75,187626.15,4803.0,5.897376078975469,0.25385871510258895,2.0379469835597583,0.0,1.0
2015-11-30,,,,892.8,878.2,878.3,856.4833333333333,877.3827790157748,19.785714285714285,52.89855072463768,7.204967439453526,6.125260326737024,1.0797071127165019,903.1286761203614,853.4713238796385,878.3,49.65735224072296,-44.776119402985074,62.643480213160345,58.821239990189625,70.2879606591018,50.19446507844757,25.63176895306859,15.884476534296029,17.141724545478937,60.011382527819784,915.0,906.0,855.0,0,0,277547.25,2532366,877.4604210033908,0.11764705882352941,0.8823529411764706,0.7058823529411765,5672235.294117647,-2.3178807947019875,-3.9325842696629643,0.7402605255409075,-1.8182404444775135,67.4581493273082,35.12423240434577,1.0,0.75,180087.1,-5763.0,-6.682049022563364,0.2892190176361562,1.9945643732647806,0.2,1.0
2015-12-01,,,,891.0,879.1,878.2,856.5666666666667,877.7272762523677,20.0,53.284671532846716,6.606752530482709,6.221558767486162,0.38519376299654695,902.9650007703002,853.4349992296999,878.2,49.530001540600324,-50.74626865671642,58.18023058986809,58.60757019008244,57.3255513894394,20.560422274372154,25.357142857142854,17.5,17.15254705630145,61.21882472448587,915.0,906.0,855.0,0,0,270332.8,2448946,877.4197520611631,0.2727272727272727,0.7272727272727273,0.36363636363636365,7583636.363636364,-2.759381898454749,-3.9325842696629643,-0.050091716877119795,-1.8182404444775135,67.4581493273082,35.12423240434577,1.0,0.75,171818.45,-10614.0,-13.187878185455315,0.3250980904145736,1.8473118371885657,0.4,0.0
2015-12-02,,,,874.2,874.5,874.8,856.2,872.4199166092851,22.857142857142858,34.22459893048128,1.3562223023092201,5.248491474450773,-3.892269172141553,909.4446623821622,840.1553376178377,874.8,69.28932476432442,-85.3211009174312,43.67978675410167,53.631642378088856,23.776075506127313,-162.6069264522949,16.875,34.6875,18.16078612905665,1.615883255566318,915.0,906.0,822.0,0,1,259409.1,2203214,873.376294881971,0.7619047619047619,0.23809523809523808,2.8095238095238093,11701523.80952381,-9.27152317880794,-9.27152317880794,-3.1074860822230232,-2.4319770078653344,67.4581493273082,34.91294741493593,2.0,0.7,164383.85,26148.0,37.42432266097984,0.3378680586138905,1.951940733851869,0.3,-1.0
2015-12-03,,,,861.4,871.2,872.2,855.8166666666667,867.6180197893532,22.5,33.5135135135135,-2.7728965066849014,3.644213878223639,-6.41711038490854,914.1352884936742,830.2647115063259,872.2,83.87057698734839,-85.3211009174312,34.01282419692405,47.09203631770059,7.85439995537098,-121.75109144229727,17.142857142857142,35.23809523809524,19.293938690780642,0.0,915.0,906.0,822.0,0,0,245386.95,2203214,871.3849820321198,0.7272727272727273,0.2727272727272727,0.0,12484181.818181818,-9.27152317880794,-9.27152317880794,-2.4040272897576402,-2.4319770078653344,67.4581493273082,34.91294741493593,2.0,0.65,159082.35,9431.0,9.822218982055265,0.35118702725317164,1.4919013075241698,0.2,0.0
2015-12-04,,,,843.8,866.3,868.9,855.2166666666667,862.0353512379862,23.214285714285715,32.46073298429319,-7.01339817747305,1.512691467084301,-8.52608964455735,919.4169070186593,818.3830929813406,868.9,101.03381403731873,-97.24770642201835,23.592647323943254,39.25890665311481,-7.739871334399865,-110.30193151113873,17.538461538461537,36.61538461538461,20.414441750938874,0.0,915.0,906.0,809.0,0,1,238803.15,2054987,869.500177726578,0.13636363636363635,0.8636363636363636,0.5909090909090909,6737590.909090909,-10.706401766004415,-10.706401766004415,-3.0801848504032865,-2.4319770078653344,67.4581493273082,34.91294741493593,2.0,0.6,152570.8,-12279.0,-11.64460207874971,0.3641934278157537,1.568915591173617,0.1,0.0
2015-12-07,,,,830.8,861.8,866.25,855.0333333333333,858.031984453416,23.142857142857142,36.86868686868687,-9.378310903276088,-0.6655090069877767,-8.712801896288312,921.2251139870557,811.2748860129443,866.25,109.95022797411139,-84.82142857142857,20.78795535881931,33.10192288834965,-3.839979700241365,-92.72054005228294,17.59259259259259,32.098765432098766,22.07105222121394,13.266763104550865,803.0,906.0,809.0,0,0,236061.8,2218558,867.3884001985921,0.8947368421052632,0.10526315789473684,0.5789473684210527,8609000.0,-9.492273730684309,-10.706401766004415,-2.3771984855649535,-2.4319770078653344,67.4581493273082,35.12423240434577,2.0,0.55,146370.1,5522.0,5.926864085693739,0.37050181900444623,1.66077340412781,0.2,0.0
2015-12-08,,,,817.2,854.1,863.05,854.5666666666667,853.7432240292812,23.071428571428573,36.318407960199,-11.682691974451927,-2.868945600480607,-8.81374637397132,922.646803163957,803.4531968360429,863.05,119.19360632791404,-91.07142857142857,16.834827382070017,27.679557719589774,-4.8546332929694955,-81.8745785585704,17.64705882352941,32.19814241486068,24.007424596250917,11.610570659755458,915.0,906.0,809.0,0,0,228593.1,2118847,865.9073914887779,0.3,0.7,0.7,9971100.0,-10.264900662251641,-10.706401766004415,-2.914447367525965,-2.4319770078653344,67.4581493273082,36.08920912677989,2.0,0.5,140280.1,2505.0,2.538225370094538,0.37043133376072024,1.619048770439575,-0.1,0.0
2015-12-09,,,,816.0,845.1,860.25,854.05,850.1486312645877,22.5,39.790575916230374,-13.115666409425103,-4.918289762269507,-8.197376647155597,923.2416452270938,797.2583547729062,860.25,125.98329045418768,-88.39285714285714,15.690572206603381,23.68322921526098,-0.2947418107118125,-75.18903848472841,18.095238095238095,30.793650793650794,23.967668434045773,22.06086822184462,803.0,906.0,809.0,0,0,227920.3,2280409,863.723468978703,0.9230769230769231,0.07692307692307693,0.23076923076923078,12427846.153846154,-9.93377483443707,-10.706401766004415,-2.5261323086494074,-2.4319770078653344,67.4581493273082,36.08920912677989,2.0,0.45,134154.5,-2981.0,-2.945768607454835,0.36618401821144086,1.4361943331745455,0.0,0.0
2015-12-10,,,,813.2,837.3,856.6,853.25,846.1344759060556,22.285714285714285,37.244897959183675,-14.727077531875011,-6.880047316190608,-7.847030215684403,922.90202029148,790.2979797085201,856.6,132.6040405829599,-95.53571428571429,12.178594529488166,19.84835098667004,-3.160918384875586,-68.7667524235284,18.910256410256412,30.44871794871795,23.63742724666173,14.39905793925791,915.0,906.0,808.0,0,1,211877.85,2148163,860.4802899406427,0.15384615384615385,0.8461538461538461,0.6153846153846154,10172769.23076923,-10.816777041942583,-10.816777041942583,-3.375621310763971,-2.4319770078653344,67.4581493273082,36.73736580256612,2.0,0.4,128334.7,1960.0,1.9956218500229106,0.3554529343850242,1.439762252088618,-0.2,0.0
2015-12-11,,,,816.0,829.9,853.6,852.8333333333334,843.9311924864313,22.071428571428573,39.705882352941174,-14.625167983573533,-8.429071449667195,-6.1960965339063385,920.3009034894637,786.8990965105363,853.6,133.40180697892743,-82.14285714285714,15.8710010041549,18.522567659164995,10.567867694134712,-52.468997165874576,17.475728155339805,30.744336569579286,24.488887835823196,21.805963231886302,803.0,906.0,808.0,0,0,200734.2,2283286,857.2207461409167,0.9411764705882353,0.058823529411764705,0.8823529411764706,7948411.764705882,-9.161147902869748,-10.816777041942583,-2.6269480869938038,-2.4319770078653344,67.4581493273082,36.86337054758108,2.0,0.35,123668.5,8693.0,8.677813825804837,0.3421907209537909,1.369805447725041,-0.1,0.0
2015-12-14,,,,816.6,823.7,850.95,852.5,841.9377455829617,20.5,31.284916201117326,-14.378655739365058,-9.618988307606767,-4.759667431758292,918.1135082623014,783.7864917376987,850.95,134.32701652460264,-82.14285714285714,37.24733400276993,24.76415644036664,62.213689127576515,-42.04021845800128,14.285714285714285,33.10104529616725,26.134546099128517,0.0,915.0,906.0,808.0,0,0,196223.4,2283286,854.9754213819555,0.6363636363636364,0.36363636363636365,0.0,10590363.636363637,-9.161147902869748,-10.816777041942583,-2.3150745503495274,-2.4319770078653344,67.4581493273082,36.86337054758108,2.0,0.3,119247.45,5143.0,4.724069515376428,0.3191783885055986,1.2426800803526223,-0.3,0.0
2015-12-15,,,,819.0,818.1,848.6,852.2166666666667,840.3246269560129,20.285714285714285,25.454545454545453,-13.862115881488194,-10.467613822383052,-3.3945020591051414,915.9510832952787,781.2489167047213,848.6,134.70216659055745,-80.35714285714286,45.20192637221699,31.576746417650092,72.4522862813508,-29.904781892218974,13.028169014084508,33.45070422535211,28.493853458435876,0.0,803.0,906.0,808.0,0,0,188197.0,2485958,852.1374494102811,0.2631578947368421,0.7368421052631579,0.10526315789473684,10666947.368421054,-8.940397350993369,-10.816777041942583,-2.0346659578043855,-2.4319770078653344,67.4581493273082,36.73736580256612,2.0,0.3,115995.5,16360.0,14.34949259281999,0.29091764903120176,1.3565307501106392,0.1,0.0
2015-12-16,,,,821.2,818.6,846.55,851.8166666666667,839.0556148649641,18.5,29.931972789115648,-13.139902421539091,-11.00207154221426,-2.137830879324831,913.9106944581903,779.1893055418096,846.55,134.72138891638065,-75.25773195876289,52.35683980370021,38.50344421300013,80.06363098510037,-29.748042741061003,10.81081081081081,36.293436293436294,31.097517875022184,13.256151321812377,803.0,906.0,808.0,0,0,180710.25,2559303,850.607367687592,0.7142857142857143,0.2857142857142857,0.2857142857142857,10477857.142857144,-8.719646799116987,-10.816777041942583,-1.7551050395398902,-2.4319770078653344,67.4581493273082,35.968306615072784,2.0,0.3,112567.95,-2428.0,-1.8623773692002077,0.2501350956471594,1.1421867797392082,0.1,0.0
2015-12-17,,,,824.2,818.7,844.95,851.3,837.5265086873485,18.357142857142858,23.57142857142857,-12.743411506518783,-11.350339535075165,-1.393071971443618,912.9824226109193,776.9175773890807,844.95,136.0648452218386,-79.38144329896907,53.423078387652,43.47665560455075,73.3159239538545,-26.716222178568234,12.84046692607004,36.57587548638132,33.3683878624276,0.0,900.0,906.0,808.0,0,0,167266.85,2445956,848.8641131421639,0.08333333333333333,0.9166666666666666,0.3333333333333333,9445583.333333334,-9.161147902869748,-10.816777041942583,-1.3687901922266164,-2.4319770078653344,67.4581493273082,34.49924077375057,2.0,0.3,110114.5,-3793.0,-2.9646014240716556,0.22243890216488285,1.0607536907862372,0.4,0.0
2015-12-18,,,,826.4,821.2,843.75,851.0,837.1906507171249,18.071428571428573,31.654676258992808,-11.41005353598689,-11.36228233525751,-0.04777120072938068,911.6597698575116,775.8402301424884,843.75,135.8195397150232,-63.95348837209303,64.18681416319657,50.38004179076603,91.80035890805766,-19.698075883024433,11.857707509881422,37.5494071146245,35.40565494317295,27.20419207711565,803.0,906.0,808.0,0,0,157921.85,2536733,847.6263881998175,1.0,0.0,0.8461538461538461,6982846.153846154,-7.947019867549665,-10.816777041942583,-0.9626061513748208,-2.4319770078653344,67.4581493273082,34.203208556149725,2.0,0.3,108452.2,1707.0,1.3749496576721754,0.20280601841139143,0.9567751618416214,0.4,0.0
2015-12-21,,,,829.6,823.1,842.45,850.8333333333334,837.3629696964464,18.428571428571427,35.0,-9.836510356385133,-11.057127939483035,1.2206175830979014,909.6385798566454,775.2614201433547,842.45,134.37715971329067,-7.6923076923076925,73.49296382809597,58.08434913654267,104.31019321120255,-8.670211829566222,14.728682170542637,34.88372093023256,36.99791684793485,70.46345400046113,803.0,906.0,808.0,0,0,158131.6,2753972,845.6794552764912,0.8125,0.1875,0.3125,13577437.5,-7.395143487858724,-10.816777041942583,-1.0503849349438543,-2.4319770078653344,67.4581493273082,34.203208556149725,2.0,0.3,108253.1,20719.0,16.462334236474717,0.19960791573213596,1.0488376821462944,0.6,0.0
2015-12-22,,,,831.2,825.1,839.6,850.6833333333333,836.9474487729753,14.0,56.321839080459775,-8.97021287542782,-10.639744926671993,1.6695320512441736,903.0263767146824,776.1736232853176,839.6,126.85275342936484,-25.0,73.31963354305496,63.16277727204677,93.63334608507134,-6.09245228127491,19.897959183673468,9.183673469387756,37.161963327770806,100.0,843.0,906.0,808.0,0,0,151882.85,2612186,842.2703945837203,0.23076923076923078,0.7692307692307693,0.46153846153846156,10906615.384615384,-8.057395143487856,-10.816777041942583,-2.643922788191368,-2.4319770078653344,67.4581493273082,34.203208556149725,1.0,0.25,108860.3,3771.0,2.5727267765527806,0.20797356372267706,0.926533589318363,0.2,0.0
2015-12-23,,,,831.0,826.1,835.6,850.4166666666666,835.9048346041205,13.785714285714286,52.127659574468076,-8.747669688063297,-10.261329878950253,1.5136601908869558,890.9739440911104,780.2260559088896,835.6,110.74788818222078,-42.5,66.47234828796257,64.26596761068537,70.885109642517,-12.290017364111408,20.20725388601036,11.398963730569948,36.685063178739505,87.19350554450266,843.0,897.0,808.0,0,0,142446.7,2519659,836.261071919064,0.0,1.0,0.875,11565875.0,-7.915273132664424,-10.816777041942583,-3.891052923361294,-2.4319770078653344,67.4581493273082,34.203208556149725,1.0,0.2,108941.65,-10589.0,-7.043040433131353,0.20885872847931364,0.944291279822923,0.4,0.0
2015-12-24,,,,833.2,828.7,833.0,850.65,835.7234217846805,12.928571428571429,64.04494382022472,-7.835447308355242,-9.776153364831252,1.9407060564760101,883.035776673929,782.964223326071,833.0,100.07155334785807,-22.5,66.53712108086394,65.02301876741156,69.56532570776872,-2.4232694621359077,20.441988950276244,8.287292817679557,37.19080743448376,100.0,803.0,897.0,808.0,0,0,131857.1,2601266,829.6105839832163,0.9,0.1,0.8,8160700.0,-7.023411371237431,-10.816777041942583,-2.5354643061029574,-1.8372798550640612,67.4581493273082,34.203208556149725,1.0,0.2,111683.85,-3471.0,-2.4835787575666513,0.20207938605564643,0.8814519916054229,0.2,0.0
2015-12-25,,,,831.6,829.0,829.45,850.7333333333333,834.7973816147108,12.642857142857142,53.48837209302325,-7.669626956067077,-9.354848083078418,1.6852211270113404,869.4314430638585,789.4685569361416,829.45,79.96288612771696,-43.58974358974359,53.053732894489,61.033256809770705,37.094685063925596,2.1243867589489667,23.728813559322035,6.779661016949152,39.07387950389124,73.91733418185004,843.0,885.0,808.0,0,0,132387.9,2486648,827.1781670882813,0.06666666666666667,0.9333333333333333,0.5333333333333333,7641200.0,-6.666666666666654,-10.816777041942583,-3.5728976420832277,-1.8372798550640612,67.4581493273082,34.203208556149725,1.0,0.15,114236.65,1015.0,0.7447518838920697,0.19632332817873602,0.9041553080774444,-0.2,0.0
2015-12-28,,,,827.6,828.6,826.15,850.7,833.2928690799765,12.714285714285714,53.48837209302325,-8.010712127852003,-9.086020892033135,1.0753087641811323,856.5804210669298,795.7195789330701,826.15,60.860842133859705,-61.53846153846154,36.702488596326006,52.92300073862248,4.261464311733064,-13.332846882911015,23.59550561797753,10.674157303370787,39.68190603595809,73.91733418185004,843.0,881.0,808.0,0,0,133505.05,2367877,824.70316166567,0.09090909090909091,0.9090909090909091,0.6363636363636364,10797363.636363637,-7.037457434733241,-10.816777041942583,-3.371798362039762,-1.8372798550640612,67.4581493273082,34.203208556149725,1.0,0.1,116802.5,-5502.0,-4.00722494938166,0.1820848300213023,0.7879662027637829,-0.3,-1.0
2015-12-29,,,,827.4,829.3,823.7,850.9833333333333,833.1697386914072,13.071428571428571,58.33333333333333,-7.149616896311954,-8.6987400928889,1.5491231965769447,840.2701062473203,807.1298937526798,823.7,33.14021249464054,-29.72972972972973,45.1579809032978,50.334660793514246,34.80462112286489,18.128123966313424,24.590163934426233,9.289617486338797,41.052424917997705,85.88802961200344,806.0,839.0,808.0,0,0,135885.4,2498904,822.9864964644228,1.0,0.0,0.7222222222222222,7279277.777777777,-0.8343265792610244,-10.816777041942583,-2.374203153827294,-1.8372798550640612,67.4581493273082,34.49924077375057,1.0,0.1,119666.4,-4653.0,-3.5303490136570526,0.1525823356467726,0.805457696365408,-0.2,0.0
2015-12-30,,,,828.4,829.7,824.15,851.25,832.9630969112732,12.714285714285714,62.921348314606746,-6.473264599278423,-8.253644994166804,1.7803803948883807,841.0119784065905,807.2880215934094,824.15,33.723956813181076,-33.333333333333336,49.645550487256,50.10495735809483,48.72673674557835,54.07585429990145,26.96629213483146,9.550561797752808,42.78925951197516,97.22387467777118,843.0,839.0,808.0,0,0,129433.9,2382202,823.8495723814756,0.25,0.75,0.125,14587750.0,-0.9535160905840279,-10.816777041942583,0.9530415215443311,-1.010447974810359,67.4581493273082,34.91358024691358,0.0,0.15,121319.7,1936.0,1.5226470148725468,0.14412763889175045,0.8538643808337844,-0.5,0.0
2015-12-31,,,,827.8,830.5,824.6,851.2333333333333,832.7761353006757,12.357142857142858,55.4054054054054,-5.8695895563116665,-7.776833906595777,1.9072443502841105,841.699092004059,807.500907995941,824.6,34.198184008118005,-41.37931034482759,52.637263543228144,50.949059419805934,56.01367179007258,52.900458826064416,26.589595375722542,10.404624277456648,43.94877533172588,78.65384718448371,843.0,839.0,808.0,0,0,128396.95,2382202,824.4530493130873,0.25,0.75,0.0,9715583.333333334,-0.9535160905840279,-10.816777041942583,0.9530415215443311,-1.010447974810359,67.4581493273082,34.91358024691358,0.0,0.2,122282.2,-4385.0,-3.397039114368272,0.13976883949043423,0.9210977805965055,-0.4,0.0
2016-01-04,,,,827.2,829.4,825.3,850.9666666666667,831.8450747958495,12.785714285714286,50.0,-5.967911507761414,-7.4150494268289044,1.4471379190674902,840.7796980793048,809.8203019206951,825.3,30.959396158609707,-68.96551724137932,45.43633661502567,49.11148515154585,38.086039541985315,17.964059462968052,24.022346368715084,13.407821229050278,43.13822723188893,65.2984334721396,843.0,839.0,808.0,0,0,126548.65,2270941,825.2016358925994,0.058823529411764705,0.9411764705882353,0.47058823529411764,6544764.705882353,-1.9070321811680446,-10.816777041942583,1.5231531076832294,-0.9635803779995705,67.4581493273082,34.91358024691358,0.0,0.2,123898.0,787.0,0.6311247975107959,0.12640903299984574,0.9314698321755609,-0.4,0.0
2016-01-05,,,,829.2,828.4,825.75,851.0166666666667,831.5741152914829,12.0,52.32558139534884,-5.498301509521184,-7.0316998433673605,1.5333983338461765,841.1037240466319,810.3962759533681,825.75,30.707448093263793,-48.275862068965516,49.521660307453004,49.2482102035149,50.06856051532921,7.849958734354998,18.452380952380953,14.285714285714285,40.9087900024517,71.04436727861325,814.0,839.0,808.0,0,0,122960.5,2362749,825.9473208876021,0.875,0.125,0.75,11476000.0,-1.1918951132300237,-10.816777041942583,1.027748383150603,-0.9635803779995705,67.4581493273082,34.91358024691358,0.0,0.25,125191.55,-923.0,-0.7355460812049297,0.11578475641826129,0.8986500193876674,-0.6,0.0
2016-01-06,,,,827.4,827.4,826.25,850.9666666666667,830.7575328827703,12.285714285714286,47.77777777777777,-5.54634722019307,-6.734629318732503,1.1882820985394327,840.464521855265,812.035478144735,826.25,28.429043710530095,-68.96551724137932,44.552901743430205,47.68310738348667,38.29249046331728,-12.808976401868032,18.604651162790695,15.116279069767442,37.78353764034235,59.807874501509225,843.0,839.0,808.0,0,0,122373.9,2274770,826.3744428618629,0.2727272727272727,0.7272727272727273,0.5454545454545454,7998090.909090909,-1.9070321811680446,-10.816777041942583,1.1501752126221014,-0.9635803779995705,67.4581493273082,36.0547263681592,0.0,0.25,126358.55,-26.0,-0.020873139480737102,0.10570357646371858,0.8338377191843593,-0.4,0.0
2016-01-07,,,,827.2,827.8,826.95,851.1166666666667,830.6853868939351,12.071428571428571,53.76344086021506,-4.962379076472303,-6.380179270280463,1.4178001938081604,840.3973632709998,813.5026367290003,826.95,26.89472654199949,-44.827586206896555,50.21475500844065,48.526989925138,53.59028517504595,-1.0008776308669587,15.976331360946746,15.384615384615385,34.487487382473645,68.25743121580248,814.0,839.0,808.0,0,0,119571.1,2380276,827.3506443725393,1.0,0.0,0.7777777777777778,11722888.888888888,-1.0727056019070202,-10.816777041942583,1.5507196590107395,-0.9635803779995705,67.4581493273082,36.7586310869893,0.0,0.3,127718.55,879.0,0.7058200038543072,0.09090904676214277,0.8212717321250343,0.0,0.0
2016-01-08,,,,829.2,828.5,828.6,851.3833333333333,831.6677309992746,12.642857142857142,53.76344086021506,-3.570809971546055,-5.818305410533582,2.247495438987527,840.2329839587419,816.9670160412581,828.6,23.26596791748375,-20.58823529411765,59.94709157425454,52.33369047484351,75.1738937730766,101.05392734477537,25.423728813559325,14.124293785310735,32.81401799471855,64.6014018011273,814.0,841.0,819.0,1,0,128743.75,2695975,829.5778453970257,0.6666666666666666,0.3333333333333333,0.5238095238095238,15033285.714285715,0.0,-9.161147902869748,3.5455252460451847,-0.9594057605900884,67.4581493273082,37.16965574108431,0.0,0.35,130892.45,38238.0,30.489175935892842,0.09426477180995357,1.020095870738342,0.2,0.0
2016-01-11,,,,831.4,829.3,829.15,851.4833333333333,831.8898518564865,12.714285714285714,47.368421052631575,-2.998260844079141,-5.254296497242693,2.2560356531635524,840.7080912645248,817.5919087354752,829.15,23.116182529049638,-44.44444444444444,58.48324623468821,54.383542394791746,66.68265391448114,96.16147000714378,21.910112359550563,14.04494382022472,31.474732280432836,0.0,850.0,841.0,819.0,0,0,135076.3,2434201,831.069931093266,0.058823529411764705,0.9411764705882353,0.4117647058823529,15398470.588235294,-0.8323424494649179,-9.161147902869748,1.2975824926514963,-0.9594057605900884,67.4581493273082,37.16965574108431,0.0,0.4,134172.3,10812.0,6.6066616560649605,0.10936280279986317,1.1428540061088797,0.2,0.0
2016-01-12,,,,831.8,830.5,829.55,851.3666666666667,831.8051040606307,12.642857142857142,48.913043478260875,-2.7548304924275726,-4.754403296279669,1.9995728038520966,840.7604274764793,818.3395725235206,829.55,22.420854952958734,-52.77777777777778,51.2110530453477,53.32604594497707,46.98106724608897,10.900275633109452,21.46892655367232,18.64406779661017,29.34617144171632,9.262257169287748,850.0,841.0,819.0,0,0,138453.5,2250163,831.446852794139,0.5,0.5,0.25,15336500.0,-1.189060642092743,-9.161147902869748,0.9576127086756372,-0.9594057605900884,67.4581493273082,37.16965574108431,0.0,0.45,135016.45,-43571.0,-24.974063565758176,0.10308949301580404,1.27664626680392,0.4,0.0
2016-01-13,,,,833.2,830.3,829.8,851.2166666666667,831.6331893881896,12.5,52.32558139534884,-2.612486707031735,-4.326019978430082,1.7135332713983473,840.8043053773049,818.795694622695,829.8,22.00861075460989,-55.55555555555556,45.25181314134291,50.63463501043235,34.48616940316404,5.8421279671642585,21.714285714285715,16.571428571428573,28.315027396136262,29.725383473528,850.0,841.0,819.0,0,0,133166.4,2153233,831.6807545547024,0.3333333333333333,0.6666666666666666,0.16666666666666666,16155000.0,-1.3079667063020106,-9.161147902869748,0.62260293172467,-0.9594057605900884,67.4581493273082,37.16965574108431,0.0,0.5,134875.0,-3352.0,-2.5608507647409406,0.10367154576875771,1.287352384315189,0.4,0.0
2016-01-14,,,,833.8,830.5,830.1,850.8,831.7633618274098,12.571428571428571,49.382716049382715,-2.2318756306443674,-3.907191108872939,1.6753154782285717,841.1100432617887,819.0899567382113,830.1,22.020086523577447,-47.22222222222222,44.61231987200638,48.62719663095703,36.5825663541051,-3.7366261615919876,21.022727272727273,18.75,25.701212639464362,12.951227526639451,814.0,841.0,819.0,0,0,136246.6,2288182,831.7504219065527,0.9090909090909091,0.09090909090909091,0.2727272727272727,12268090.90909091,-0.9512485136741966,-9.161147902869748,0.7308502470649397,-0.9594057605900884,66.05053651782623,37.16965574108431,0.0,0.55,134568.6,-5727.0,-4.490285552994311,0.10558124917106379,1.3406652244741877,0.1,0.0
2016-01-15,,,,832.8,831.0,830.75,850.2666666666667,832.1668511771802,12.071428571428571,56.57894736842105,-1.668925349934625,-3.4595379570852764,1.7906126071506514,841.5276572005109,819.9723427994891,830.75,21.55531440102186,-38.888888888888886,47.519324359115366,48.25790587367648,46.04216132999315,57.244831938982266,22.48520710059172,19.526627218934912,22.235976779862305,59.2205323193916,814.0,841.0,819.0,0,0,135497.2,2386541,832.1312397353352,0.5,0.5,0.375,12294875.0,-0.5945303210463493,-8.057395143487856,1.5193529227358438,-0.9594057605900884,65.69716775599129,37.16965574108431,0.0,0.6,134762.6,6215.0,5.1019989328079385,0.10451063135201465,1.1085000414755566,0.1,0.0
2016-01-18,,,,836.8,834.1,831.75,849.95,834.2461986841155,13.0,70.11494252873563,0.22704909050662536,-2.7222205475668964,2.9492696380735217,846.7007964933097,816.7992035066903,831.75,29.901592986619335,-9.090909090909092,61.50411097625235,52.6733075745351,79.16571777968684,140.35308767938514,30.76923076923077,14.285714285714286,22.156008767067423,100.0,814.0,854.0,819.0,1,0,141522.6,2597826,833.4446039007197,0.8333333333333334,0.16666666666666666,0.75,8803541.666666666,0.0,-8.057395143487856,2.0848066030832157,-0.9594057605900884,65.69716775599129,37.16965574108431,0.0,0.65,135752.85,17632.0,13.771772240881042,0.10402147748406408,1.0985154602344873,0.5,1.0
2016-01-19,,,,842.6,837.2,832.8,849.8166666666667,836.6989416665807,12.5,67.5,2.1885441752909855,-1.7400676029953202,3.9286117782863057,852.1863761168057,813.4136238831942,832.8,38.77275223361153,-2.4390243902439024,73.5027406508349,59.6164519333017,101.2753180859013,146.79095903849048,32.0,12.571428571428571,22.043755429007632,88.50398936170215,814.0,860.0,819.0,1,0,138044.05,2745494,834.5296414441622,0.9090909090909091,0.09090909090909091,0.5454545454545454,13424363.636363637,0.0,-8.057395143487856,2.1653033917828473,-0.9594057605900884,65.69716775599129,37.16965574108431,0.0,0.7,136324.2,12341.0,8.472353805385069,0.10854390799777137,1.0042318471861928,0.6,0.0
2016-01-20,,,,847.2,840.2,833.8,849.4,838.2514234126206,12.571428571428571,62.7906976744186,3.1419828408594412,-0.7636575142243679,3.905640355083809,855.1896187312578,812.4103812687421,833.8,42.779237462515766,-19.51219512195122,75.31761657424082,64.8501734802814,96.25250276215965,111.45829079711733,28.977272727272727,12.5,21.47473540793282,67.80059376546266,861.0,860.0,819.0,0,0,135982.05,2644948,835.2568608626407,0.1111111111111111,0.8888888888888888,0.7777777777777778,11171777.777777778,-0.8139534883720878,-7.915273132664424,2.070734905334212,-0.9594057605900884,64.37320995814056,37.16965574108431,0.0,0.75,136309.7,-7946.0,-5.0290184363588,0.10845033158019121,0.9862452673368847,0.6,0.0
2016-01-21,,,,852.0,842.9,835.35,849.15,840.0370021352281,12.357142857142858,64.44444444444444,4.172261193189684,0.2235262272584424,3.948734965931241,858.7573762552063,811.9426237447938,835.35,46.81475251041252,-9.75609756097561,80.03630578633597,69.91221758229959,100.28448219440875,96.76472378528565,27.74566473988439,12.716763005780345,21.002796632422612,75.07092198581563,820.0,860.0,819.0,0,0,135940.4,2736642,836.1807187806813,0.6666666666666666,0.3333333333333333,0.4444444444444444,10188222.222222222,-0.34883720930232176,-7.037457434733241,3.261334632752433,-0.9594057605900884,64.12484394506866,37.16965574108431,0.0,0.8,137082.8,5163.0,3.4406925368360097,0.11208909237183358,0.8828285665063321,0.9,0.0
2016-01-22,,,,858.4,845.6,837.05,849.0833333333334,842.7001447890159,12.357142857142858,74.19354838709677,5.809405073867879,1.3407019965803297,4.468703077287549,864.6140880016612,809.4859119983387,837.05,55.12817600332255,-9.433962264150944,83.35753719089064,74.39399078516327,101.28463000234538,113.47495176330254,35.26011560693641,9.248554913294797,23.15160731001794,100.0,820.0,868.0,819.0,1,0,142924.1,2957923,838.6016752947893,0.7058823529411765,0.29411764705882354,0.6470588235294118,13016529.411764706,0.0,-7.037457434733241,3.470972313781794,-0.9594057605900884,64.12484394506866,37.16965574108431,0.0,0.8,138605.3,11517.0,7.419791264012376,0.12070561522629712,0.9946038312772707,0.9,0.0
2016-01-25,,,,858.8,847.8,838.55,848.6166666666667,843.9667976662524,13.142857142857142,63.63636363636363,6.068598654754169,2.2862813282150976,3.7823173265390713,866.8378065603347,810.2621934396652,838.55,56.57561312066946,-32.075471698113205,77.57169146059377,75.4532243436401,81.8086256945011,76.59683934340305,33.15217391304348,11.41304347826087,25.726836958418318,60.64441887226698,873.0,868.0,819.0,0,0,144214.85,2817490,839.9234180807316,0.2631578947368421,0.7368421052631579,0.631578947368421,7391210.526315789,-1.382488479262678,-7.037457434733241,3.0079533271783427,-0.9836851941195675,63.718079673135854,37.16965574108431,0.0,0.85,138577.85,-29984.0,-17.982811253650954,0.12074901629934923,0.9098826818719946,0.8,0.0
2016-01-26,,,,857.8,850.2,840.35,848.2666666666667,845.0175788408951,13.0,67.02127659574468,6.122740649411412,3.0535731924543605,3.0691674569570515,867.9735978447715,812.7264021552286,840.35,55.24719568954288,-34.61538461538461,73.0477943070625,74.65141433144757,69.84055425829237,61.44045703874885,32.967032967032964,10.43956043956044,28.694973143490337,73.2628602208457,873.0,868.0,823.0,0,0,142390.3,2735210,841.1546876203411,0.2222222222222222,0.7777777777777778,0.1111111111111111,9142222.222222222,-1.497695852534564,-1.9070321811680446,3.7148196030052745,-0.9836851941195675,63.718079673135854,37.16965574108431,0.0,0.9,138298.15,-10547.0,-7.71244506519052,0.1221877031673822,0.8533547092660226,0.7,0.0
2016-01-27,,,,859.6,853.4,841.85,847.9166666666666,846.6349522846193,13.071428571428571,67.02127659574468,6.653789327283448,3.7736164194201782,2.88017290786327,870.7911380854165,812.9088619145836,841.85,57.88227617083294,-22.0,73.0887734404807,74.1305340344586,71.00525225252488,68.22830075308667,34.42622950819672,10.382513661202186,32.39295486724289,73.2628602208457,823.0,868.0,823.0,0,0,139766.8,2813767,842.4133827442091,0.7,0.3,0.7,7855700.0,-0.6912442396313279,-1.9070321811680446,3.216279506526568,-0.9836851941195675,63.718079673135854,37.16965574108431,0.0,0.9,138250.25,-17.0,-0.013470041044005843,0.12248027279999105,0.8438511903462167,0.5,0.0
2016-01-28,,,,859.0,855.5,843.0,847.3166666666667,847.3363854003699,12.285714285714286,57.142857142857146,6.355849809065944,4.290063097349331,2.065786711716613,871.9536835215939,814.0463164784061,843.0,57.90736704318783,-38.0,65.81986605433755,71.36031137441825,54.73897541417617,48.67319762877141,26.162790697674417,12.209302325581394,32.94954113811487,36.43761301989153,873.0,868.0,823.0,0,0,137234.6,2747709,843.1850195456053,0.1,0.9,0.8,6605800.0,-1.6129032258064613,-1.9070321811680446,2.4122698346649805,-0.9836851941195675,63.06435137895812,37.16965574108431,0.0,0.9,137999.85,-2114.0,-1.6752648804570947,0.12399804058816143,0.8321848019661612,0.4,0.0
2016-01-29,,,,855.6,857.0,844.0,846.9333333333333,847.6853010765251,11.928571428571429,59.770114942528735,5.810673835430407,4.594185244965547,1.2164885904648601,872.5878148498565,815.4121851501435,844.0,57.175629699713,-44.0,50.05275020906454,64.257790985967,21.642668655259627,27.652310817053618,25.74850299401198,16.766467065868262,32.896095464070605,42.94641860761713,873.0,868.0,823.0,0,0,136282.35,2650167,843.9242046628439,0.4166666666666667,0.5833333333333334,0.25,8128500.0,-1.9585253456221197,-1.9585253456221197,2.097172239683114,-0.9836851941195675,62.81682780245623,37.16965574108431,0.0,0.9,137370.05,-11973.0,-9.649808583518038,0.1298916254237654,0.7407832684232181,0.3,0.0
2016-02-01,,,,854.2,856.5,845.3,846.5,847.8105104978084,11.857142857142858,60.46511627906977,5.1577789975629,4.706903995485018,0.45087500207788267,872.180632824537,818.4193671754629,845.3,53.761265649074176,-48.0,37.07220384308007,55.195928605004696,0.8247543192308058,20.663266745349183,25.903614457831328,12.048192771084338,35.00078710598559,44.66758744260705,873.0,868.0,823.0,0,0,134422.5,2576103,844.7689727042223,0.2727272727272727,0.7272727272727273,0.18181818181818182,6733090.909090909,-2.188940092165903,-2.188940092165903,2.810360108578855,-0.9507949576058305,60.930232558139544,37.16965574108431,0.0,0.95,136510.2,-3814.0,-3.402258657294255,0.13796035984229466,0.6721920825387226,0.3,0.0
2016-02-02,,,,853.2,855.5,846.35,846.1166666666667,848.019033307541,12.071428571428571,61.627906976744185,4.667245674475112,4.698972331283037,-0.0317266568079253,872.1694133407037,820.5305866592963,846.35,51.63882668140741,-46.0,33.31695309968779,47.90293676989906,4.144985759265239,5.997277349253303,25.443786982248522,14.201183431952662,36.06688518700904,49.35421254992722,823.0,868.0,823.0,0,0,133248.55,2644432,845.4554080826146,0.8888888888888888,0.1111111111111111,0.1111111111111111,7592111.111111111,-2.073732718894017,-2.188940092165903,2.2973491451418675,-0.9507949576058305,60.697674418604656,37.16965574108431,0.0,0.95,135278.2,-8366.0,-7.725694444444442,0.15077644885051494,0.6785667616803599,0.1,0.0
2016-02-03,,,,850.8,855.2,847.7,845.6666666666666,848.2076968020609,11.857142857142858,60.24096385542169,4.229736709953727,4.605125207017175,-0.37538849706344823,871.0878060894811,824.312193910519,847.7,46.77561217896209,-56.09756097560975,30.81345260409293,42.206442047963684,8.027473716351423,13.738654334837557,28.313253012048193,11.44578313253012,38.689024952005944,20.78966468282774,873.0,868.0,830.0,0,0,131333.7,2644432,846.250283438295,0.375,0.625,0.0,6210250.0,-2.073732718894017,-2.188940092165903,3.016868287813726,-0.9507949576058305,60.697674418604656,37.16965574108431,0.0,1.0,133673.8,-7474.0,-7.479834270731168,0.16791137962456,0.6615408334930779,0.2,0.0
2016-02-04,,,,853.0,856.0,849.45,845.55,849.8069637732932,12.428571428571429,65.26315789473685,5.035338100030003,4.691167785619741,0.34417031441026236,872.4966346440434,826.4033653559567,849.45,46.09326928808673,-20.512820512820515,47.923254117014324,44.11204607098057,55.545670209081834,48.07019983013676,29.310344827586206,10.919540229885058,41.45131296580302,47.62446657183504,834.0,868.0,830.0,0,0,129415.55,2711575,847.3830053652749,1.0,0.0,0.9375,4196437.5,-0.3456221198156806,-2.188940092165903,3.603445717210441,-0.9507949576058305,61.86046511627907,37.16965574108431,0.0,1.0,131721.4,-6081.0,-6.5777518172377984,0.1881134566490161,0.7105430728648039,0.0,0.0
2016-02-05,,,,855.4,855.5,850.55,845.25,851.063443413932,11.428571428571429,55.69620253164557,5.44958035037439,4.842850298570671,0.6067300518037193,873.9951206907854,827.1048793092145,850.55,46.89024138157083,-32.25806451612903,59.94883607800955,49.39097607332356,81.06455608738153,54.33044585607357,21.875,11.875,40.95447466408667,0.0,873.0,868.0,830.0,0,0,115492.8,2674331,848.8153671339974,0.6,0.4,0.2,3724400.0,-0.5760368663594639,-2.188940092165903,2.3587541972396884,-0.9507949576058305,61.86046511627907,37.16965574108431,0.0,1.0,127511.4,-6914.0,-8.005372422337231,0.2053227960270539,0.6302704384553122,0.0,0.0
2016-02-15,,,,859.2,856.7,852.25,845.0,852.6764488030813,11.5,55.12820512820513,6.110886041095682,5.096457447075673,1.0144285940200088,875.5726792718167,828.9273207281833,852.25,46.64535854363339,-16.129032258064516,69.8509481899374,56.210966778861504,97.13091101208917,63.60590996139201,22.36024844720497,11.801242236024846,40.04871375832577,0.0,842.0,868.0,830.0,0,0,104706.55,2720380,850.4202061220939,0.75,0.25,0.4166666666666667,3837416.6666666665,0.0,-2.188940092165903,3.713694643584974,-0.9507949576058305,61.86046511627907,37.16965574108431,0.0,1.0,123145.35,7691.0,9.679936566271884,0.20464747477854064,0.5991645017909308,0.1,1.0
2016-02-16,,,,861.6,857.4,853.8,844.7666666666667,853.5644060599307,11.357142857142858,55.84415584415584,6.080730829654044,5.293312123591348,0.787418706062696,875.2191257376066,832.3808742623933,853.8,42.83825147521338,-35.483870967741936,69.55580454041804,60.65924603271368,87.34892155582676,52.42322328317469,22.641509433962266,11.949685534591195,39.41893258059938,3.7552469222751,873.0,868.0,830.0,0,0,97683.05,2676812,852.5598931100807,0.0,1.0,0.8571428571428571,6224000.0,-0.6912442396313279,-2.188940092165903,3.3560081576075,-0.9507949576058305,61.86046511627907,37.16965574108431,0.0,1.0,121212.8,5099.0,5.8512347379050755,0.21486009712363713,0.5568633618718187,0.0,0.0
2016-02-17,,,,868.4,859.6,856.5,844.9666666666667,856.4630340542229,12.5,64.21052631578948,7.742794628898878,5.783208624652854,1.9595860042460238,878.8795018992415,834.1204981007585,856.5,44.759003798483036,-2.3255813953488373,78.92867589516241,66.74905598686325,103.28791571176072,100.43931318689624,29.714285714285715,11.428571428571429,39.94047453071276,47.63785820299125,842.0,884.0,833.0,1,0,99683.45,2813750,855.2572304295916,0.96,0.04,0.88,5477520.0,0.0,-2.188940092165903,4.959882943124524,-0.9507949576058305,62.81682780245623,37.16965574108431,0.0,1.0,120700.55,25054.0,27.16086857539326,0.21552089059821772,0.6828717471547827,0.2,0.0
2016-02-18,,,,872.6,862.8,859.15,845.2666666666667,859.2760784300112,11.928571428571429,60.46511627906977,9.116288549915225,6.449824609705329,2.666463940209896,882.3495916478412,835.9504083521588,859.15,46.399183295682406,-8.333333333333334,83.17467281899717,72.22426159757455,105.07549526184238,128.98305631014443,26.347305389221557,11.976047904191617,38.444648927744296,44.87411990612331,842.0,886.0,836.0,1,0,98448.75,2924005,858.6911137351499,0.5555555555555556,0.4444444444444444,0.2222222222222222,12250555.555555554,0.0,-2.188940092165903,4.854540070849359,-0.9507949576058305,62.81682780245623,37.16965574108431,0.0,1.0,120918.7,8881.0,7.571378637134796,0.2153645934751847,0.7021498020241606,0.5,0.0
2016-02-19,,,,877.8,866.6,861.8,845.8333333333334,862.1069281033434,11.571428571428571,71.42857142857143,10.32781468689484,7.225422625143232,3.1023920617516074,885.9538925705734,837.6461074294265,861.8,48.30778514114695,-14.545454545454545,83.93463036417992,76.12771785310969,99.5484553863204,125.58504507807248,31.48148148148148,9.25925925925926,38.85643226635691,100.0,842.0,889.0,849.0,1,0,99653.1,3046451,861.7139538726509,0.42857142857142855,0.5714285714285714,0.21428571428571427,8746142.857142856,0.0,-2.188940092165903,4.838066927352547,-0.9507949576058305,63.06435137895812,38.87755102040816,0.0,1.0,120579.15,-4939.0,-3.9143115281586316,0.21552832669871633,0.8103898878787122,0.3,0.0
2016-02-22,,,,885.2,872.2,864.35,846.6166666666667,866.1919825696916,13.428571428571429,77.17391304347827,12.435673458751808,8.267472791864948,4.168200666886859,894.9460093716275,833.7539906283725,864.35,61.19201874325495,-22.22222222222222,81.39501673401469,77.88348414674468,88.41808190855471,140.80370291989655,40.95744680851064,7.978723404255319,39.96304442140054,100.0,842.0,905.0,849.0,1,0,96912.45,3202923,866.6575434838352,0.4857142857142857,0.5142857142857142,0.45714285714285713,4470628.571428572,0.0,-2.188940092165903,4.70587709916801,-0.9507949576058305,63.718079673135854,38.87755102040816,0.0,1.0,119074.85,-5663.0,-4.670939219228131,0.21265720592435103,0.97547406219041,0.0,0.0
2016-02-23,,,,893.0,877.3,866.4,847.2166666666667,869.5070318487686,13.928571428571429,71.91011235955057,13.626324365947426,9.339243106681444,4.287081259265982,901.0008822521423,831.7991177478576,866.4,69.20176450428471,-27.160493827160494,77.68676791276656,77.81791206875197,77.42447960079573,103.32967142572207,37.94871794871795,7.692307692307692,40.865444296121595,76.12324038693731,923.0,905.0,849.0,0,0,95190.05,3089703,869.4291688049328,0.5294117647058824,0.47058823529411764,0.23529411764705882,6660000.0,-0.44198895027623974,-2.188940092165903,3.7623085681131445,-0.9507949576058305,64.07806031933767,39.213685474189674,0.0,1.0,116483.85,-9393.0,-8.127119817263095,0.2037228304092516,1.0942650014254331,0.3,0.0
2016-02-24,,,,897.4,882.9,869.05,847.4833333333333,872.9825526250763,14.071428571428571,80.23255813953489,14.802745169409036,10.431943519226962,4.370801650182074,907.259808605635,830.8401913943649,869.05,76.41961721127018,-20.987654320987655,76.53865335598579,77.3914924978299,74.83297507229756,92.97837599959131,37.56345177664974,6.598984771573605,43.27625187934297,100.00000000000001,842.0,906.0,849.0,1,0,94415.75,3174763,871.6769195464386,0.9166666666666666,0.08333333333333333,0.4166666666666667,7088333.333333333,0.0,-2.188940092165903,4.990224192893036,-0.9507949576058305,64.25730994152048,39.213685474189674,0.0,1.0,114192.8,-1947.0,-1.8336268517559318,0.19702134895346127,1.0239822235789902,0.0,1.0
2016-02-25,,,,903.0,887.8,871.9,847.6166666666667,876.8889761845928,14.714285714285714,84.61538461538461,16.193926765632114,11.584340168507993,4.609586597124121,914.568366194164,829.2316338058359,871.9,85.33673238832807,-12.195121951219512,79.23089710911873,78.00462736825952,81.68343659083715,102.1282626409604,44.1747572815534,2.912621359223301,48.0264022662002,100.0,842.0,914.0,849.0,1,0,99170.55,3361553,876.3561031979756,0.5238095238095238,0.47619047619047616,0.38095238095238093,8894761.904761905,0.0,-2.188940092165903,5.284095652431856,-0.9507949576058305,64.25730994152048,39.213685474189674,0.0,1.0,112048.25,8093.0,7.764112206915086,0.18135638386989056,1.1817977993166404,0.0,1.0
2016-02-26,,,,909.4,893.6,874.55,848.2,881.0900260717744,15.285714285714286,87.5,17.65774224112738,12.799020583031872,4.858721658095508,922.4598934953096,826.6401065046903,874.55,95.81978699061938,-3.658536585365854,84.59143140607915,80.2002287141994,93.37383678983866,91.87135686921415,42.523364485981304,2.803738317757009,51.67789722844627,100.0,842.0,921.0,849.0,1,0,95187.2,3503167,880.5475806270871,0.8947368421052632,0.10526315789473684,0.3684210526315789,7453368.421052632,0.0,-2.188940092165903,4.966511545664334,-0.9507949576058305,64.60818713450293,39.213685474189674,0.0,1.0,109352.75,498.0,0.44334054429400194,0.14398199612719811,1.230835256702407,0.3,1.0
2016-02-29,,,,912.0,898.6,877.65,848.55,884.6052616839864,15.714285714285714,84.6938775510204,18.36406214653107,13.912028895731712,4.4520332507993565,928.442767823313,826.8572321766869,877.65,101.58553564662611,-7.792207792207792,86.6026209373861,82.33435945526163,95.13914390163504,79.69284878274482,41.36363636363637,0.9090909090909091,56.48794835530048,91.33158213780561,924.0,921.0,849.0,0,0,94031.85,3385841,884.3475554648062,0.7333333333333333,0.26666666666666666,0.2,7821733.333333334,-0.32573289902280145,-2.188940092165903,6.302002028576854,-0.703085739946756,65.61478163493842,39.213685474189674,0.0,1.0,107819.6,-6737.0,-5.971088480594188,0.13326988827872013,1.1812482541833005,0.5,0.0
2016-03-01,,,,917.8,905.4,881.4,849.3,888.9285700950353,16.428571428571427,86.36363636363636,19.66543458356773,15.062710033298917,4.602724550268814,936.0776197841335,826.7223802158665,881.4,109.35523956826705,-3.5714285714285716,89.14533703518049,84.60468531523458,98.22664047507232,87.09272055570518,42.608695652173914,0.8695652173913043,60.314788182140305,96.48964896489647,849.0,930.0,849.0,1,0,97378.7,3535058,888.7082813455784,0.8333333333333334,0.16666666666666666,0.6666666666666666,8289833.333333334,0.0,-2.188940092165903,7.427003405824628,-0.703085739946756,67.02127659574468,39.213685474189674,0.0,1.0,107224.65,8217.0,7.745310585352061,0.12872913981627251,1.229074902060482,0.6,0.0
2016-03-02,,,,922.4,909.9,884.75,850.1,892.744896752651,15.928571428571429,83.33333333333333,20.381148776874852,16.126397782014106,4.254750994860746,942.5440991341848,826.9559008658152,884.75,115.58819826836952,-5.2631578947368425,90.096891356787,86.43542066241872,97.41983274552354,80.52722211528227,39.46188340807175,0.8968609865470851,63.87487888508815,87.12871287128712,933.0,930.0,849.0,0,0,98946.45,3425146,892.0407764334478,0.5555555555555556,0.4444444444444444,0.1111111111111111,12212444.444444446,-0.10752688172043223,-2.188940092165903,6.599984957781719,-0.703085739946756,67.11702127659575,39.213685474189674,0.0,1.0,106421.7,-4177.0,-3.654194406291833,0.12300474966894819,1.2654724365937224,0.8,0.0
2016-03-03,,,,924.2,913.6,888.2,851.7833333333333,895.6263351571605,16.357142857142858,80.0,20.230997232863388,16.947317672183964,3.283679560679424,946.5008531127921,829.899146887208,888.2,116.60170622558417,-17.94871794871795,83.87411804738181,85.58165312407309,80.45904789399927,69.1772449794407,39.301310043668124,2.183406113537118,68.14945421229505,76.83168316831683,937.0,930.0,849.0,0,0,101328.8,3311441,895.1552816178619,0.125,0.875,0.375,7106562.5,-0.7526881720430256,-2.188940092165903,6.994091435620281,-0.6481251829180612,68.02298850574714,39.773637203572534,0.0,1.0,105539.5,-3699.0,-3.3587578316535027,0.11763535907458683,1.1465647588447259,0.7,0.0
2016-03-04,,,,925.8,917.6,892.1,853.5666666666667,898.8047794279071,16.285714285714285,80.1980198019802,20.361436937893018,17.630141525325776,2.731295412567242,950.3585887049276,833.8414112950725,892.1,116.5171774098551,-10.38961038961039,83.32348610566196,84.8289307846027,80.31259674778045,63.03063930866762,37.71929824561404,2.192982456140351,72.29958979100206,76.93323178471692,860.0,930.0,849.0,0,0,102071.3,3423833,899.0048074238302,0.7272727272727273,0.2727272727272727,0.5454545454545454,10217454.545454547,-0.10752688172043223,-2.188940092165903,8.02931656077022,-0.6481251829180612,70.3776683087028,45.85285202535134,0.0,1.0,105132.25,-2474.0,-2.3245107158628597,0.117203024366431,1.1117640564308018,0.4,0.0
2016-03-07,,,,935.4,923.7,897.95,856.1833333333333,905.2043242442969,18.5,89.39393939393939,23.183161072170947,18.740745434694812,4.4424156374761345,961.2636719250021,834.636328074998,897.95,126.62734385000408,-0.0,88.88232407044131,86.18006187988225,94.28684845155945,93.95069016816952,46.33204633204633,1.9305019305019306,76.66322615463842,100.0,860.0,966.0,850.0,1,0,107281.4,3602099,905.1871675798415,1.0,0.0,0.9736842105263158,4691210.526315789,0.0,-2.073732718894017,8.915700844083394,-0.6481251829180612,71.52487961476726,47.69590643274853,1.0,1.0,104841.2,-1490.0,-1.4332849158786853,0.11743568019813135,1.2385301610432469,0.2,1.0
2016-03-08,,,,944.2,931.0,904.15,858.75,911.7562933638876,21.785714285714285,88.13559322033899,25.767894669429666,20.14617528164178,5.621719387787884,971.8281080984443,836.4718919015556,904.15,135.35621619688868,-32.608695652173914,79.65718156420226,84.00576844132225,70.96000780996229,115.20499337954718,51.47540983606557,0.9836065573770492,80.36362298003523,95.6501992196371,860.0,974.0,850.0,1,0,144243.35,4409667,927.5854123142129,0.36619718309859156,0.6338028169014085,0.11267605633802817,11374197.183098592,0.0,-2.073732718894017,9.451894442818404,-0.6481251829180612,72.36679956505981,48.68599033816425,1.0,1.0,104384.15,-11686.0,-11.404647349878495,0.12136725690232192,2.756605468814384,-0.1,1.0
2016-03-09,,,,953.0,937.7,910.3,861.4166666666666,917.5890273292316,23.428571428571427,87.17948717948718,27.419547548541914,21.600849735021807,5.818697813520107,979.5944897938122,841.0055102061878,910.3,138.5889795876244,-33.8235294117647,73.10478770946817,80.37210819737089,58.57014673366274,88.36951474771423,46.341463414634156,0.9146341463414634,84.55141099846843,87.67377201112143,1019.0,974.0,862.0,0,0,153698.2,4170888,932.0973704745186,0.65625,0.34375,0.03125,7461843.75,-0.10266940451745254,-0.7526881720430256,9.353733232902428,-0.6481251829180612,74.78962131837308,49.28878153515835,1.0,1.0,103846.45,-9087.0,-10.009803813573326,0.12912039636489048,3.1415706107854127,-0.1,1.0
2016-03-10,,,,960.2,942.2,915.0,863.8,921.5329294883525,25.142857142857142,77.34375,27.28429498888852,22.737538785795152,4.546756203093366,984.1086101726498,845.8913898273502,915.0,138.21722034529967,-45.80152671755725,64.21271561583592,74.9856440035259,42.666858840455944,80.67449340796682,44.60227272727273,0.8522727272727272,87.53030710236453,31.078079357351495,1019.0,974.0,862.0,0,0,161562.5,3946459,936.3044398710508,0.02631578947368421,0.9736842105263158,0.3684210526315789,5906026.315789473,-1.5400410677618104,-1.5400410677618104,6.799100002186182,-0.7286244736929375,77.20788043478261,49.876543209876544,1.0,1.0,103754.75,2839.0,3.4751634146938493,0.1305015184022791,3.458887193226704,-0.4,1.0
2016-03-11,,,,966.2,946.0,919.8,866.3166666666667,925.1012219180333,23.857142857142858,74.10714285714286,26.867395747121464,23.56351017806042,3.3038855690610447,987.0109013713787,852.5890986286212,919.8,134.42180274275756,-47.24409448818898,56.91104117978804,68.96077639561328,32.81157074813757,60.337689741328084,39.221556886227546,2.395209580838323,89.03730026559792,12.56607316733899,1019.0,974.0,862.0,0,0,164964.2,3946459,937.9168462005696,0.35294117647058826,0.6470588235294118,0.0,6192823.529411765,-1.5400410677618104,-1.5400410677618104,6.9857990440251845,-0.7286244736929375,77.20788043478261,51.702127659574465,1.0,1.0,103728.0,-5615.0,-6.642376350064472,0.13102655507730332,3.50946284735837,-0.3,1.0
2016-03-14,,,,964.6,950.0,924.3,868.5666666666667,928.2344388782205,24.857142857142858,76.14678899082568,26.154812059160122,24.08177055428036,2.073041504879761,988.9092709657999,859.6907290342,924.3,129.21854193159993,-49.193548387096776,50.525728133464135,62.81576030823023,25.94566378393195,61.9232034394541,41.95402298850575,2.2988505747126435,90.70288989266427,13.34253470812693,1019.0,974.0,862.0,0,0,170744.85,3784797,940.2003090185931,0.12903225806451613,0.8709677419354839,0.03225806451612903,5214903.225806451,-1.642710472279263,-1.642710472279263,6.495875076364771,-0.7286244736929375,77.20788043478261,52.28599703117269,1.0,1.0,103340.05,467.0,0.5917534656225465,0.13728548083230177,3.568800738687057,-0.4,0.0
2016-03-15,,,,959.2,951.7,928.55,870.6333333333333,930.0216351755329,25.428571428571427,67.82608695652173,24.420966582163032,24.149609759856897,0.2713568223061351,986.7709041857464,870.3290958142535,928.55,116.44180837149293,-62.06896551724138,42.52735617060875,56.05295892902307,15.476150653780095,35.53452043356591,41.011235955056186,5.617977528089888,91.11636645902824,0.0,1019.0,974.0,884.0,0,0,176466.7,3626792,941.5904979050816,0.25,0.75,0.55,7900250.0,-2.772073921971263,-2.772073921971263,6.064548851062892,-1.1627566422853386,77.20788043478261,52.32558139534884,1.0,1.0,102268.75,-8568.0,-10.792970964287962,0.15437574590991776,2.2358789684441263,-0.2,-1.0
2016-03-16,,,,953.6,953.3,931.6,872.6333333333333,931.4481461111964,25.0,64.22018348623854,22.62469486563066,23.84462678101165,-1.219931915380993,986.2776197841358,876.9223802158642,931.6,109.3552395682716,-64.34782608695652,36.514836086528284,49.540251314858146,10.464005629868566,23.698241886316808,36.857142857142854,6.857142857142857,89.75912253052903,0.0,1019.0,974.0,886.0,0,0,174843.05,3522327,944.2577989230913,0.4666666666666667,0.5333333333333333,0.13333333333333333,6964333.333333333,-2.977412731006168,-2.977412731006168,4.654601176496201,-1.1627566422853386,77.20788043478261,53.25581395348837,1.0,1.0,99885.8,-1179.0,-1.6648544840928037,0.1697318316538288,1.9513326981940544,-0.2,-1.0
2016-03-17,,,,950.0,955.1,934.35,874.5333333333333,932.3578464815586,25.428571428571427,59.43396226415094,20.640439875576703,23.203789399924663,-2.5633495243479594,984.7349392701681,883.965060729832,934.35,100.7698785403361,-69.64285714285714,29.105128819590284,42.72854381643553,1.8582988258997943,17.53723978834847,37.640449438202246,8.146067415730338,88.1011448115811,0.0,1019.0,974.0,889.0,0,0,178538.9,3338155,946.053622114471,0.32,0.68,0.16,7366880.0,-3.3880903490759784,-3.3880903490759784,4.166260684462976,-1.1627566422853386,77.20788043478261,53.48837209302325,1.0,1.0,97484.05,8505.0,12.213159481892077,0.16851317513514996,1.8917188818733623,-0.2,0.0
2016-03-18,,,,948.8,957.5,937.55,876.7,934.3237658642672,26.5,65.21739130434783,19.80787041185272,22.524605602310274,-2.7167351904575554,983.7644885005103,891.3355114994896,937.55,92.42897700102071,-63.46153846153846,27.155357197556313,37.537481610142464,6.391108372384011,30.7052570492571,38.81401617250674,7.816711590296497,86.01364936216135,19.303849983405257,915.0,974.0,901.0,0,0,186652.15,3622866,948.4329323289338,0.5,0.5,0.4,9490366.666666666,-2.1560574948665256,-3.3880903490759784,4.720031961994801,-1.1627566422853386,77.20788043478261,53.7084271067767,1.0,1.0,95735.9,8133.0,10.407842033195557,0.16301273614007875,2.2849158279265134,0.0,0.0
2016-03-21,,,,944.4,954.5,939.1,878.4,934.4834072105275,27.0,52.50000000000001,17.573716325893884,21.534427747026996,-3.9607114211331123,982.7247153511524,895.4752846488476,939.1,87.24943070230483,-84.6938775510204,19.69087305233913,31.588612090874687,-4.104605024731988,8.357895471710252,35.18518518518518,8.465608465608465,83.52880087731285,0.0,1019.0,974.0,901.0,0,0,189357.25,3412292,949.9486463637736,0.04,0.96,0.68,8422960.0,-3.901437371663241,-3.901437371663241,2.261030921606757,-1.456098500003777,77.20788043478261,53.7084271067767,1.0,0.95,94046.6,-4486.0,-5.1995920070471495,0.16128149867585734,2.3925436203588046,0.3,0.0
2016-03-22,,,,940.6,949.9,940.45,879.8833333333333,933.865939857144,27.428571428571427,49.60629921259842,14.984863793294949,20.22451495628059,-5.239651162985641,980.6467529455281,900.253247054472,940.45,80.39350589105607,-92.85714285714286,14.079629653940373,25.752284611896584,-9.26568026197205,-22.07933951236349,34.63541666666667,10.677083333333334,80.48008713894396,0.0,1019.0,974.0,906.0,0,0,192169.5,3242827,950.5943133535759,0.13333333333333333,0.8666666666666667,0.5333333333333333,11297666.666666666,-4.722792607802873,-4.722792607802873,1.9726766463576724,-1.456098500003777,77.20788043478261,53.7084271067767,1.0,0.9,92760.95,-1320.0,-1.6138892285120443,0.16359114099118394,2.3674969795701424,0.3,0.0
2016-03-23,,,,938.4,946.0,941.85,881.5666666666667,933.878707489797,27.642857142857142,54.330708661417326,13.264425327090066,18.83249703044249,-5.568071703352423,978.8152753126874,904.8847246873127,941.85,73.93055062537474,-86.73469387755102,13.906193780593018,21.80358766812873,-1.8885939944784056,-18.291279299063323,34.62532299741602,9.819121447028424,78.07582065879008,11.874062968515757,921.0,974.0,914.0,0,0,194305.95,3370616,951.1524888970204,0.3684210526315789,0.631578947368421,0.3157894736842105,6725736.842105263,-4.106776180698157,-4.722792607802873,2.0281707519929104,-1.456098500003777,77.20788043478261,53.7084271067767,1.0,0.85,91234.75,-6758.0,-8.39816080526904,0.1698003224526994,2.414199095859664,0.1,0.0
2016-03-24,,,,934.0,942.0,942.1,883.1166666666667,932.4616877288639,28.5,46.3235294117647,10.568760713088182,17.17974976697163,-6.610989053883447,978.3325820221994,905.8674179778006,942.1,72.46516404439876,-97.0873786407767,10.72007121604752,18.109082184101663,-4.0579507200607665,-49.129128596922435,33.583959899749374,12.280701754385966,75.03561340312613,0.0,1019.0,974.0,918.0,0,0,193320.3,3203539,951.8189489153493,0.13043478260869565,0.8695652173913043,0.6521739130434783,7264217.391304348,-5.646817248459968,-5.646817248459968,0.4307421895560191,-1.6148879566611478,77.20788043478261,53.7084271067767,1.0,0.8,88779.8,-10482.0,-14.220208378554378,0.1786324168638692,2.471301205618662,0.4,-1.0
2016-03-25,,,,928.2,938.5,942.25,884.6166666666667,931.6558127070674,26.785714285714285,29.807692307692307,8.735191448977389,15.490838103372782,-6.7556466543953935,978.1379836214918,906.3620163785082,942.25,71.7759672429836,-89.62264150943396,13.813380810698346,16.67718172630056,8.085778979493917,-59.67930092897786,26.666666666666668,13.866666666666667,70.71982392944193,0.0,913.0,974.0,918.0,0,0,191396.4,3306675,952.3226940701775,0.7857142857142857,0.21428571428571427,0.35714285714285715,7366857.142857143,-5.133470225872683,-5.646817248459968,0.29626605466411976,-1.6148879566611478,77.20788043478261,53.48837209302325,1.0,0.75,85780.2,-10395.0,-16.439981021666927,0.19493180168425275,2.201708615558964,0.1,-1.0
2016-03-28,,,,924.2,934.3,942.15,886.1166666666667,930.1647829254418,22.642857142857142,22.115384615384613,6.560911353745496,13.704852753447327,-7.143941399701831,978.3324324921368,905.9675675078631,942.15,72.36486498427371,-96.3855421686747,11.027102358647383,14.793821937082836,3.493663201776478,-64.128439687578,15.457413249211356,16.40378548895899,64.05698800299214,0.0,996.0,974.0,916.0,0,1,188869.1,3239895,952.8956982199136,0.0,1.0,0.6153846153846154,5136923.076923077,-5.954825462012325,-5.954825462012325,-0.03540131519244096,-1.6148879566611478,77.20788043478261,53.2906976744186,1.0,0.7,83024.85,-1852.0,-3.505252200246045,0.21330441688188595,1.9487644880820518,0.1,-1.0
2016-03-29,,,,922.4,931.5,941.6,887.7833333333333,929.101470265876,21.0,24.52830188679245,5.021963571398601,11.968274917037583,-6.946311345638982,978.8779037133066,904.3220962866934,941.6,74.55580742661323,-92.7710843373494,10.987765208795224,13.525136360986966,5.91302290441174,-63.01120211432338,16.666666666666668,17.687074829931973,57.40279262953775,4.368981871188942,913.0,974.0,916.0,0,0,183935.5,3290440,953.5346674060563,0.3333333333333333,0.6666666666666666,0.3333333333333333,5616111.111111111,-5.646817248459968,-5.954825462012325,-0.6483893108144307,-1.6148879566611478,77.20788043478261,52.465116279069775,1.0,0.65,79783.2,-1509.0,-2.9598101327893644,0.22079315294846766,1.7319060145344658,-0.1,0.0
2016-03-30,,,,921.6,930.0,941.65,889.4166666666666,929.1870445262687,19.357142857142858,35.92233009708738,4.636497775298949,10.501919488689856,-5.865421713390907,978.8593649784657,904.4406350215343,941.65,74.41872995693143,-76.38888888888889,17.628207108893783,14.892826610289237,23.098968106102873,-43.993091870980194,16.605166051660518,19.18819188191882,51.043256547063514,25.553556568258383,913.0,974.0,916.0,0,0,182185.35,3365349,953.7392959056989,0.8,0.2,0.7333333333333333,4993933.333333333,-4.517453798767979,-5.954825462012325,0.1627149974505885,-1.6148879566611478,77.20788043478261,52.32558139534884,1.0,0.6,76864.1,2274.0,4.596353640295914,0.22316420615566454,1.674695492894968,0.2,0.0
2016-03-31,,,,923.6,928.8,941.95,891.05,929.1692307618621,18.857142857142858,35.57692307692308,4.20188499743972,9.24191259043983,-5.04002759300011,978.619074880981,905.2809251190191,941.95,73.33814976196186,-77.77777777777777,23.099655803092308,17.628436341223594,34.04209472682974,-40.76471253709009,17.045454545454547,17.803030303030305,44.87787829066242,24.914285714285725,985.0,974.0,916.0,0,0,178762.7,3320097,954.2681313458195,0.6,0.4,0.1,4525200.0,-4.620123203285431,-5.954825462012325,0.49459612511217593,-1.6148879566611478,77.20788043478261,51.86046511627907,1.0,0.55,73960.6,-3387.0,-6.545180490067248,0.22709602129231907,1.3333641993850294,0.2,0.0
2016-04-01,,,,924.8,926.5,942.0,892.7,929.2483516416847,17.571428571428573,36.53846153846153,3.8932637612543886,8.172182824602743,-4.278919063348354,978.5973827076205,905.4026172923795,942.0,73.19476541524091,-69.0909090909091,32.57148770711204,22.60945346318641,52.49555619496331,-32.781985034820266,14.634146341463415,19.10569105691057,39.423779893362656,31.55295408816535,913.0,974.0,916.0,0,0,176428.1,3385797,954.7052328021065,0.3076923076923077,0.6923076923076923,0.07692307692307693,5053846.153846154,-4.517453798767979,-5.954825462012325,0.1622981204016332,-1.6148879566611478,77.20788043478261,49.92125984251968,1.0,0.5,71212.3,630.0,1.3027025909307044,0.22626238499845278,1.2111688546481987,0.5,0.0
2016-04-05,,,,926.4,925.3,939.9,894.3833333333333,928.748508628191,17.214285714285715,38.383838383838395,3.12846633961351,7.163439527604896,-4.034973187991386,975.505440151983,904.294559848017,939.9,71.21088030396595,-80.0,32.825436249185806,26.01478105851954,46.44674663051835,-44.48673580907381,14.937759336099585,17.42738589211618,34.55154369582526,37.74407508646115,968.0,974.0,916.0,0,0,169277.65,3350540,954.4750636995885,0.3333333333333333,0.6666666666666666,0.4,2350466.6666666665,-5.133470225872694,-5.954825462012325,-3.9090425735764494,-1.6148879566611478,77.20788043478261,49.56158257995528,0.0,0.45,68286.8,-5034.0,-10.275356698169047,0.22605744188225482,1.1096150394366575,0.5,0.0
2016-04-06,,,,927.4,924.9,937.4,895.9666666666667,928.2962697112204,16.785714285714285,39.175257731958766,2.4936140424347286,6.229474430570863,-3.7358603881361345,969.8014294680701,904.9985705319299,937.4,64.80285893614018,-80.0,35.98618826868797,29.338583461909014,49.28139788224588,-46.750030622946134,15.319148936170215,16.170212765957448,29.842633104561724,39.580229383943134,968.0,973.0,916.0,0,0,130415.35,3350540,946.1108323010546,0.5555555555555556,0.4444444444444444,0.0,3369111.1111111115,-5.035971223021596,-5.954825462012325,-4.828861511950343,-1.6148879566611478,77.20788043478261,49.28878153515835,0.0,0.4,65656.7,-5778.0,-13.144664103555748,0.2418235809853977,1.0641267404103636,0.6,0.0
2016-04-07,,,,935.4,928.5,937.25,898.4166666666666,932.268053548247,18.571428571428573,60.431654676258994,5.637321056982046,6.111043755853101,-0.4737226988710548,968.9782872295635,905.5217127704365,937.25,63.45657445912707,-6.557377049180328,55.13833316273187,37.938500028849965,89.53799943049567,75.68012771575914,29.615384615384613,12.692307692307692,28.098548967839548,88.89671967566586,913.0,970.0,916.0,0,0,125234.2,3485696,944.8664812274391,0.8333333333333334,0.16666666666666666,1.9166666666666667,5631500.0,0.0,-5.954825462012325,-0.06158142500687597,-1.6148879566611478,77.20788043478261,49.56158257995528,1.0,0.4,64888.45,28150.0,73.73163257288039,0.23772822995774082,1.1821443201404183,0.6,0.0
2016-04-08,,,,942.8,933.2,937.6,900.6833333333333,935.4806198769854,17.357142857142858,54.961832061068705,7.717008079126117,6.4322366205077035,1.2847714586184136,970.472320783291,904.727679216709,937.6,65.744641566582,-13.114754098360656,65.49452095906263,47.12384033892085,102.23588219934616,81.91304513861346,27.57201646090535,13.580246913580247,25.77897836503195,85.72454310792729,974.0,970.0,916.0,0,0,119657.45,3372802,943.396909817706,0.5384615384615384,0.46153846153846156,0.3076923076923077,8684153.846153846,-0.4123711340206171,-5.954825462012325,0.5127752468849952,-1.6148879566611478,77.20788043478261,49.56158257995528,1.0,0.4,64005.75,550.0,0.8291998974807369,0.23016756057131593,1.332608510523271,0.3,0.0
2016-04-11,,,,951.4,938.1,938.3,902.8833333333333,939.0538941744154,17.142857142857142,65.28925619834712,9.816853944576565,7.109160085321476,2.7076938592550883,973.597830557991,903.002169442009,938.3,70.59566111598201,-20.0,70.05190286159731,54.76652784647967,100.6226528918326,102.7241935010692,34.583333333333336,12.5,24.75687362611305,99.99999999999999,913.0,973.0,916.0,1,0,122927.4,3543479,944.9207654273986,0.2857142857142857,0.7142857142857143,0.3333333333333333,8127476.190476191,0.0,-5.954825462012325,0.9141505160155821,-1.6148879566611478,77.20788043478261,49.56158257995528,1.0,0.4,64082.6,13576.0,20.299346581139076,0.2312280015588224,1.4886753925422307,0.3,0.0
2016-04-12,,,,967.4,946.9,940.6,905.7166666666667,945.2392375863758,18.428571428571427,76.38888888888889,13.823093822697842,8.45194683279675,5.371146989901092,985.884597125706,895.315402874294,940.6,90.569194251412,-2.150537634408602,79.27702615015579,62.93669394770504,111.9576905550573,128.16359460617446,39.14728682170543,8.13953488372093,25.66403128849966,100.00000000000001,913.0,1004.0,916.0,1,0,124680.45,3740202,947.4739983961667,0.9393939393939394,0.06060606060606061,0.9393939393939394,5961303.03030303,0.0,-5.954825462012325,2.4738006752074133,-1.6148879566611478,77.20788043478261,51.78172495879876,2.0,0.4,64662.65,10531.0,13.089304580200123,0.24205364629687814,1.760684300232932,0.4,0.0
2016-04-13,,,,981.4,954.4,942.95,908.4333333333333,949.8831197210067,19.357142857142858,70.27027027027027,16.006636817548497,9.9628848297471,6.0437519878013966,994.1276061223703,891.7723938776298,942.95,102.35521224474041,-22.857142857142858,78.10387601929577,67.99242130490194,98.32678544808343,113.96235058245365,39.85239852398524,7.749077490774908,26.494596072552813,88.7263247499468,1018.0,1004.0,916.0,0,0,130277.45,3470257,952.6734319715346,0.25,0.75,0.3125,8435781.25,-0.9960159362549681,-5.954825462012325,2.561065579400903,-1.6148879566611478,77.20788043478261,52.465116279069775,2.0,0.4,65581.4,-1794.0,-1.971731914800079,0.25229507758427555,2.2071551880440907,0.5,0.0
2016-04-14,,,,986.8,961.1,945.55,911.2166666666667,954.3704416523394,18.642857142857142,78.6764705882353,17.77429429992378,11.525166723782437,6.249127576141344,1002.1612319150785,888.9387680849214,945.55,113.22246383015704,-20.0,78.33187694215678,71.43890651732022,92.1178177918299,89.01291678468894,41.37931034482759,3.831417624521073,29.109078931548034,100.0,913.0,1004.0,916.0,0,0,132255.65,3614286,955.2135910009642,0.8461538461538461,0.15384615384615385,0.23076923076923078,11079153.846153846,-0.6972111553784854,-5.954825462012325,2.826466253583291,-1.6148879566611478,77.61029411764706,53.964566929133866,2.0,0.4,66598.0,778.0,0.872275540407208,0.2614231506526463,2.119794205869778,0.5,0.0
2016-04-15,,,,993.2,968.0,948.4,913.9666666666667,958.52563768545,19.857142857142858,78.03030303030303,19.036427150218742,13.0274188090697,6.009008341149043,1009.5999312004747,887.2000687995253,948.4,122.39986240094936,-26.126126126126128,76.6039673441539,73.16059345959812,83.49071511326548,95.83848288526251,48.92086330935251,2.5179856115107913,33.29699627736012,98.85757575757575,913.0,1004.0,916.0,0,0,143840.8,4030161,963.4177661460913,0.06451612903225806,0.9354838709677419,0.03225806451612903,13415322.58064516,-0.5976095617529875,-5.954825462012325,3.1068104534998144,-1.6148879566611478,78.1595365418895,54.83560738113843,2.0,0.4,67773.8,11689.0,12.992108480604635,0.2797011059137616,2.6003639359317505,0.9,0.0
2016-04-18,,,,1000.0,975.7,951.1,916.8166666666667,963.1422436201691,20.857142857142858,84.21052631578948,20.526287051159557,14.527192457487672,5.9990945936718845,1017.6824380195488,884.5175619804512,951.1,133.16487603909763,-18.01801801801802,78.22980538992977,74.85033076970866,84.98875463037197,79.38630673403719,45.890410958904106,5.136986301369863,38.78953019038709,100.0,913.0,1007.0,916.0,1,0,138769.7,4213450,967.122514737247,0.7037037037037037,0.2962962962962963,0.3333333333333333,6788481.481481481,0.0,-5.954825462012325,2.9359327942607303,-1.6148879566611478,78.94117647058825,54.83560738113843,2.0,0.4,68234.9,-6161.0,-6.06045701807022,0.28626875203198515,2.5599438729207096,0.6,0.0
2016-04-19,,,,1003.4,985.4,955.35,919.6,968.6525061325339,22.357142857142858,85.41666666666667,22.57644751997475,16.137043469985088,6.439404049989662,1028.410249109865,882.2897508901351,955.35,146.12049821972982,-10.434782608695652,80.66725981818611,76.78930711920114,88.42316521615606,88.93378178228522,48.56230031948882,4.792332268370607,44.43707526995921,100.0,913.0,1021.0,916.0,1,0,141195.2,4472534,973.6311701814226,0.6,0.4,0.4666666666666667,8636133.333333334,0.0,-5.954825462012325,4.747267754779958,-1.0265149253094679,80.03960396039604,54.83560738113843,2.0,0.45,68931.2,218.0,0.22827703197971783,0.2941516731052227,2.668878960516365,0.6,0.0
2016-04-20,,,,1011.4,996.4,960.65,922.5,974.8760769770545,23.142857142857142,85.61643835616438,24.962454183348655,17.9021256126578,7.060328570690853,1040.4267279084886,880.8732720915114,960.65,159.55345581697725,-4.166666666666667,85.02817321212407,79.53559581684212,96.01332800268798,88.17969296521316,46.29629629629629,4.62962962962963,49.765767196589266,99.99999999999999,913.0,1034.0,916.0,1,0,146059.75,4739290,981.0913238132567,0.8076923076923077,0.19230769230769232,0.5,10259846.153846154,0.0,-5.954825462012325,5.967761117859394,-1.0265149253094679,80.20492746949114,54.83560738113843,2.0,0.5,69218.75,-9495.0,-9.919971582598519,0.2959913490806479,2.6823395136869346,0.4,1.0
2016-04-21,,,,1023.2,1005.0,966.75,925.8833333333333,982.6021648840017,25.571428571428573,88.02395209580838,28.302345965953805,19.982169683317004,8.320176282636801,1056.036941344927,877.463058655073,966.75,178.57388268985403,-8.053691275167786,86.05838610181209,81.70985924516543,94.75543981510543,96.85189158174126,50.0,4.189944134078212,55.6487792987856,100.0,913.0,1056.0,916.0,1,0,154199.5,5029874,989.4035451909161,0.7272727272727273,0.2727272727272727,0.5,6604181.818181818,0.0,-5.954825462012325,6.580980757028215,-1.0265149253094679,80.85271317829458,54.83560738113843,2.0,0.55,69605.65,-4771.0,-5.533454726806697,0.2966697682729087,3.0756956628923886,0.1,1.0
2016-04-22,,,,1028.0,1010.6,971.9,928.6333333333333,986.3543396569539,27.642857142857142,73.0,27.884285727642236,21.56259289218205,6.321692835460187,1061.4718470808173,882.3281529191827,971.9,179.14369416163458,-30.87248322147651,74.56523985734842,79.32831944922643,65.0390806735924,70.36914614493477,44.702842377260986,5.167958656330749,60.364607823840664,69.73425124893383,1068.0,1056.0,916.0,0,0,156832.6,4810135,995.9760383576715,0.07142857142857142,0.9285714285714286,0.8095238095238095,5231880.952380952,-3.2196969696969724,-5.954825462012325,5.1839869470018005,-1.1071999879270786,80.85271317829458,54.83560738113843,3.0,0.6,70108.3,-8167.0,-10.027010435850215,0.2939572464496803,2.857219004191345,0.0,1.0
2016-04-25,,,,1033.4,1016.7,977.4,931.4,990.8920215943868,29.142857142857142,76.69902912621359,28.196240974234,22.88932250859244,5.306918465641562,1068.089522402976,886.710477597024,977.4,181.37904480595193,-22.818791946308725,69.22235502685017,75.95966464176767,55.74773579701517,66.60360775677451,42.40196078431373,3.186274509803922,65.95955051555755,76.81632412682092,919.0,1056.0,916.0,0,0,160305.0,4982719,1000.6034540407348,0.3611111111111111,0.6388888888888888,0.3333333333333333,4794000.0,-2.083333333333337,-5.954825462012325,5.463998242923257,-1.1071999879270786,80.85271317829458,54.83560738113843,3.0,0.65,71090.4,-806.0,-1.0998458032558722,0.2842360834801125,2.949604534036934,0.0,1.0
2016-04-26,,,,1031.6,1017.5,982.2,934.0,992.9023052520644,31.428571428571427,69.2982456140351,26.36433991701415,23.58432599027678,2.780013926737368,1069.2972837814186,895.1027162185815,982.2,174.19456756283716,-47.45762711864407,56.71734237562369,69.54555721971968,31.06091268743171,43.22694918961707,39.31818181818182,6.818181818181818,70.79816816205697,43.362051610430775,1068.0,1056.0,919.0,0,0,166138.6,4799267,1003.3059941117436,0.1951219512195122,0.8048780487804879,0.5365853658536586,4474439.024390244,-4.1666666666666625,-5.646817248459968,4.647700023786198,-2.1822614442295323,80.85271317829458,54.83560738113843,3.0,0.7,71957.6,-4150.0,-5.725954440719128,0.27325753461015756,2.9452271298276926,-0.1,0.0
2016-04-27,,,,1024.6,1018.0,986.2,936.4,993.4830380852011,29.785714285714285,57.43589743589743,23.591604445779012,23.585781681377227,0.005822764401784752,1068.279807119887,904.1201928801131,986.2,164.15961423977387,-63.30275229357798,42.39489491708247,60.495336452173945,6.194011846899514,18.631250453804594,30.455635491606714,10.551558752997602,71.408026140336,7.483081460684092,1068.0,1056.0,924.0,0,0,171869.3,4634108,1004.4682158671346,0.3333333333333333,0.6666666666666666,0.48148148148148145,6117000.0,-5.397727272727282,-5.397727272727282,3.8201584695998068,-2.1822614442295323,80.85271317829458,54.83560738113843,3.0,0.75,72967.3,1341.0,1.962620925841918,0.2597510057894356,2.8005860366071276,-0.2,-1.0
2016-04-28,,,,1012.0,1017.6,989.35,938.5833333333334,993.4370344580391,29.857142857142858,56.85279187817258,20.671750678335115,23.002975480768807,-2.3312248024336917,1067.0681818461385,911.6318181538616,989.35,155.43636369227693,-74.25742574257426,30.346596611388314,50.4457565052454,-9.851723176325862,8.887347948799798,30.38277511961722,10.526315789473683,72.44645554718646,0.0,1068.0,1056.0,924.0,0,0,173354.95,4529486,1005.9166103035035,0.07142857142857142,0.9285714285714286,0.42857142857142855,7473000.0,-5.9659090909090935,-5.9659090909090935,3.02016385538118,-2.1822614442295323,80.85271317829458,54.83560738113843,3.0,0.8,73720.1,-2864.0,-4.110926106677382,0.24899249514015975,2.400279484458146,0.0,-1.0
2016-04-29,,,,1007.2,1017.6,992.8,940.9833333333333,993.8716026048925,29.714285714285715,56.41025641025641,18.547400852807073,22.111860555176463,-3.5644597023693905,1065.1808640020274,920.4191359979725,992.8,144.76172800405493,-73.6842105263158,23.649867826395628,41.51379361229548,-12.077983745404069,9.635738123469602,28.125,10.576923076923077,72.33495269287044,0.0,973.0,1056.0,924.0,0,0,177523.15,4658102,1006.715258732922,0.3,0.7,0.25,6430800.0,-5.492424242424243,-5.9659090909090935,3.293930842640086,-2.1822614442295323,80.85271317829458,54.83560738113843,3.0,0.85,74592.75,-990.0,-1.4819471887910884,0.23434867941595675,2.1914266227723145,-0.2,-1.0
2016-05-03,,,,992.6,1013.0,994.35,942.8166666666667,990.7409737853789,31.0,39.30348258706467,13.72009086582284,20.433506617305742,-6.713415751482902,1062.257909778774,926.4420902212261,994.35,135.81581955754802,-91.45299145299145,18.61558139993327,33.88105620817475,-11.915368216549687,-36.148593361476166,22.8110599078341,19.585253456221196,68.19459020432548,0.0,1068.0,1056.0,924.0,0,0,182069.8,4501469,1006.5473877783868,0.19607843137254902,0.803921568627451,0.7254901960784313,3071235.2941176468,-8.996212121212132,-8.996212121212132,1.4403368435318702,-3.2440828626950897,80.85271317829458,53.964566929133866,4.0,0.85,75673.95,4801.0,7.29480049837421,0.2174111653020254,2.158807037163734,-0.3,-1.0
2016-05-04,,,,983.0,1007.3,996.35,944.7333333333333,988.1942143772476,29.571428571428573,42.2680412371134,10.02097231914479,18.350999757673552,-8.330027438528763,1057.5598203334969,935.1401796665032,996.35,122.4196406669937,-88.88888888888889,16.11409130365922,27.958734573336237,-7.575195235694821,-57.18073896822413,21.014492753623188,20.531400966183572,63.46037093522249,6.0848318580277425,951.0,1056.0,924.0,0,0,185339.4,4602118,1006.1252057936233,0.6666666666666666,0.3333333333333333,0.25,8387416.666666666,-8.712121212121215,-8.996212121212132,1.824658841086601,-3.2440828626950897,80.85271317829458,51.92125984251969,4.0,0.85,76929.15,-1554.0,-2.2006655809672204,0.19209381363359848,1.913303133081957,-0.5,0.0
2016-05-05,,,,974.6,999.6,998.0,946.5166666666667,985.2233368175097,29.714285714285715,39.8989898989899,6.450198844463898,15.970839575031622,-9.520640730567724,1052.398142383106,943.6018576168941,998.0,108.7962847662119,-94.87179487179488,12.560909353954631,22.826126166875703,-7.969524271887508,-72.64684559161361,21.394230769230766,20.673076923076923,57.650616524983825,1.2222938693527123,1068.0,1056.0,957.0,0,0,188640.45,4505775,1005.6270877569825,0.13333333333333333,0.8666666666666667,0.4666666666666667,6422866.666666667,-9.375,-9.375,1.5299221912005065,-3.2440828626950897,80.85271317829458,48.94974525243168,4.0,0.85,78631.15,3158.0,4.572769001317667,0.14910873634323726,1.7059794412516518,-0.5,0.0
2016-05-06,,,,965.0,988.5,996.75,948.1,981.3925428348897,29.571428571428573,37.32057416267942,2.621812801970691,13.301034220419437,-10.679221418448746,1054.8782610856192,938.6217389143808,996.75,116.25652217123843,-91.7910447761194,11.35496937960119,19.0024072377842,-3.939906336764828,-91.1486898794495,14.73429951690821,25.845410628019323,53.16284239435255,0.0,1068.0,1056.0,945.0,0,1,189097.15,4361485,1004.8668544184828,0.3793103448275862,0.6206896551724138,0.41379310344827586,4975517.24137931,-10.511363636363635,-10.511363636363635,-1.087880730952113,-3.2440828626950897,80.85271317829458,45.51243177683445,3.0,0.8,79128.05,4048.0,5.605173153879184,0.1438344512063939,1.771139889396835,-0.8,0.0
2016-05-09,,,,952.0,979.6,995.1,949.2333333333333,976.7837292315669,30.571428571428573,32.54716981132076,-1.364778117953847,10.367871752744781,-11.732649870698628,1058.5346742305235,931.6653257694766,995.1,126.86934846104691,-94.4055944055944,9.792201808623016,15.93233876139714,-2.488072096925233,-93.17237355725142,14.953271028037381,25.233644859813083,49.28538693269231,0.0,1068.0,1056.0,933.0,0,1,193838.5,4153764,1002.6042026394825,0.1951219512195122,0.8048780487804879,0.2926829268292683,5066365.853658536,-11.64772727272726,-11.64772727272726,-1.471727420146167,-3.2440828626950897,80.85271317829458,41.7942309694887,3.0,0.75,80324.8,14547.0,19.073780271939377,0.14047374344875982,1.8377576652178398,-0.9,0.0
2016-05-10,,,,948.0,970.3,993.5,950.5333333333333,973.3757550190367,29.642857142857142,30.58252427184466,-3.8344458971773747,7.52740822276035,-11.361854119937725,1060.7794642947256,926.2205357052744,993.5,134.55892858945117,-88.81118881118881,12.325235988357372,14.729971170383886,7.515765624304347,-88.97747929590332,11.08433734939759,26.02409638554217,46.30137351240858,0.0,925.0,1056.0,933.0,0,0,192592.45,4299520,1001.3131615491677,0.8235294117647058,0.17647058823529413,0.47058823529411764,8573882.352941176,-10.89015151515149,-11.64772727272726,-1.4073144154550148,-3.2440828626950897,80.85271317829458,39.77988843660486,3.0,0.7,80792.15,-1012.0,-1.1143656264452573,0.14210593290412368,1.7187487513954671,-0.8,0.0
2016-05-11,,,,946.6,964.8,991.15,952.0166666666667,971.8161593029379,29.071428571428573,31.578947368421055,-4.449320129934563,5.132062552221368,-9.58138268215593,1060.1466437017123,922.1533562982877,991.15,137.99328740342457,-77.62237762237763,20.477360390705677,16.645767577157816,28.140546017801398,-60.18256790884744,13.513513513513512,26.535626535626534,42.77974176991795,1.7346767556510845,925.0,1056.0,933.0,0,0,189964.7,4443688,999.8159804602294,0.8888888888888888,0.1111111111111111,0.8888888888888888,8009333.333333333,-9.374999999999979,-11.64772727272726,-2.2529939277862003,-3.2440828626950897,80.85271317829458,39.27783761604349,2.0,0.65,80835.3,2047.0,2.2794592548050163,0.14254809354054945,1.7411941438255112,-0.5,0.0
2016-05-12,,,,948.0,961.3,989.65,953.7166666666667,971.0717631788486,27.285714285714285,26.288659793814432,-4.321950139873252,3.241260013802444,-7.563210153675696,1059.6823985174078,919.6176014825922,989.65,140.06479703481557,-71.32352941176471,28.59410232943597,20.6285458279172,44.52521533247351,-41.94827337675446,9.947643979057593,28.272251308900525,40.166107698862604,0.0,925.0,1056.0,933.0,0,0,183178.5,4577909,998.4783043133701,0.631578947368421,0.3684210526315789,0.3684210526315789,7064263.157894737,-8.712121212121193,-11.64772727272726,-1.393767285074091,-3.2440828626950897,80.85271317829458,39.016973862334694,2.0,0.6,80904.65,-1270.0,-1.3827042210584728,0.14313011940721443,1.7707485315686327,-0.4,0.0
2016-05-13,,,,950.4,957.7,987.65,954.9333333333333,969.7315952570535,27.071428571428573,30.538922155688624,-4.731310402476197,1.6467459305467163,-6.378056333022913,1059.069516719289,916.230483280711,987.65,142.83903343857787,-75.75757575757575,32.915548739104494,24.724213464979634,49.298219287354215,-42.02182640581172,12.664907651715039,29.81530343007915,37.38739765661187,8.431325574800963,1057.0,1056.0,933.0,0,0,189346.9,4310512,995.9316617629688,0.38461538461538464,0.6153846153846154,0.1794871794871795,6856333.333333333,-9.374999999999979,-11.64772727272726,-1.9007819535129382,-3.2440828626950897,80.85271317829458,38.1711855396066,2.0,0.55,80875.5,-1192.0,-1.3159783172700057,0.14289347609761513,1.9906578973668032,-0.1,0.0
2016-05-16,,,,958.8,955.4,986.5,956.4166666666666,970.2333480897152,26.5,32.94797687861271,-3.5622187517806196,0.6049529940812491,-4.167171745861869,1057.9584899747358,915.0415100252642,986.5,142.91697994947162,-58.333333333333336,51.705603921307755,33.718010283755675,87.68079119641192,-27.448093081762227,12.93800539083558,30.45822102425876,34.12676661597681,15.483332280004058,925.0,1056.0,933.0,0,0,177352.65,4486502,993.2646379026946,0.8571428571428571,0.14285714285714285,0.6428571428571429,6285357.142857143,-7.670454545454508,-11.64772727272726,-0.9804428769779898,-3.2440828626950897,80.85271317829458,37.16415163783584,2.0,0.5,80302.9,820.0,0.9173593475561237,0.13357562896625752,1.923384637839354,0.3,0.0
2016-05-17,,,,966.0,957.0,985.0,957.8833333333333,970.8777911287899,25.0,38.56209150326797,-2.446124509762285,-0.005262506687457702,-2.440862003074827,1055.9039379798355,914.0960620201646,985.0,141.80787595967092,-43.47826086956522,64.35546008546955,43.93049355099363,105.20539315442139,-16.962595366562464,14.857142857142858,27.428571428571427,31.218650899979327,39.404559243709365,925.0,1056.0,933.0,0,0,176108.05,4644899,991.8893052683659,0.7,0.3,0.1,7919850.0,-7.481060606060552,-11.64772727272726,-1.323309443705769,-3.2440828626950897,80.85271317829458,37.16415163783584,2.0,0.45,79950.6,-1755.0,-1.945525291828798,0.1289390180774797,1.9569218344052135,0.3,0.0
2016-05-18,,,,965.6,956.1,981.7,958.7166666666667,969.3656205450957,25.071428571428573,36.41975308641976,-3.298801391260781,-0.6639702836021225,-2.6348311076586586,1051.6867656662082,911.7132343337918,981.7,139.97353133241643,-65.51724137931035,60.14501936732453,49.3353354897706,81.7643871224324,-28.575272872123588,14.814814814814815,25.925925925925924,29.699702012609382,33.14700140885117,1012.0,1056.0,933.0,0,0,171792.9,4472118,988.4257503268955,0.03571428571428571,0.9642857142857143,0.7857142857142857,6170750.0,-9.56439393939389,-11.64772727272726,-3.0272855586443486,-3.2440828626950897,80.85271317829458,36.514719848053176,2.0,0.4,79224.4,-7260.0,-8.207841541174876,0.12153903292544886,2.0686087916501883,0.2,0.0
2016-05-19,,,,964.2,956.1,977.85,959.65,968.1879423979436,25.142857142857142,38.60759493670886,-3.7697157412522984,-1.2851193751321577,-2.4845963661201407,1044.094443659715,911.6055563402851,977.85,132.48888731942975,-63.2183908045977,58.4874841759175,52.386051718486236,70.69034909078003,-36.49906350858913,14.772727272727273,27.84090909090909,28.423177367663687,40.89735115890269,925.0,1056.0,933.0,0,0,165773.65,4618489,983.727091629661,0.6666666666666666,0.3333333333333333,0.13333333333333333,9758066.666666668,-9.374999999999945,-11.64772727272726,-3.6092629992160616,-3.2440828626950897,80.85271317829458,36.514719848053176,2.0,0.35,78994.65,434.0,0.5345354222090926,0.12035218183169738,2.1308846791814124,0.5,0.0
2016-05-20,,,,967.8,959.1,973.8,960.8,968.8367097886157,25.642857142857142,43.27485380116959,-2.6598085711174235,-1.5600572143292109,-1.0997513567882127,1028.892649237404,918.707350762596,973.8,110.18529847480795,-35.064935064935064,67.56308468870691,57.44506270855979,87.79912864900115,-12.20016361811898,17.54874651810585,27.298050139275766,26.73728561966014,100.0,925.0,1034.0,933.0,0,0,159278.8,4779176,976.9828988540847,0.8518518518518519,0.14814814814814814,0.6666666666666666,5951370.37037037,-5.7059961315279795,-11.64772727272726,-3.7721498902689867,-3.2440828626950897,80.82508250825083,36.514719848053176,2.0,0.35,78988.6,-297.0,-0.3638546541543164,0.12034106337857042,1.9277471204622305,0.3,0.0
2016-05-23,,,,960.8,959.8,969.7,961.2333333333333,966.0903564754142,25.285714285714285,43.78698224852071,-4.551934764645694,-2.1584327243925077,-2.393502040253186,1021.8136410063908,917.5863589936093,969.7,104.22728201278142,-74.13793103448276,50.27081462907258,55.053646682064056,40.70515052308963,-40.76018926441633,17.796610169491526,21.751412429378533,26.908093073076287,100.0,983.0,1034.0,933.0,0,0,158741.7,4570179,971.2603238468531,0.17391304347826086,0.8260869565217391,0.7608695652173914,4543413.043478261,-9.090909090909028,-11.64772727272726,-3.8679804748490665,-3.5956271517393743,80.03960396039604,36.514719848053176,2.0,0.3,79579.65,3775.0,4.6416407431543405,0.1193727125864635,2.0287123742926902,-0.1,-1.0
2016-05-24,,,,953.2,959.6,964.95,961.5333333333333,963.5103225253747,25.785714285714285,42.51497005988024,-6.062267995875686,-2.9391997786891437,-3.1230682171865425,1009.0955725859676,920.8044274140325,964.95,88.29114517193511,-75.86206896551724,40.65673356223886,50.25467564212233,21.460849402471936,-64.66067277383924,17.451523545706372,22.71468144044321,27.760997185803973,92.73066208527692,983.0,1012.0,933.0,0,0,159781.35,4376802,965.6389406523352,0.631578947368421,0.3684210526315789,0.05263157894736842,10177736.842105264,-7.213438735177801,-11.64772727272726,-4.591256612386712,-3.5956271517393743,78.94117647058825,36.514719848053176,2.0,0.25,80444.3,4666.0,5.482703515698439,0.11940613914880333,2.1013864701864953,-0.2,0.0
2016-05-25,,,,950.4,958.0,961.4,961.9166666666666,961.3664822848629,25.642857142857142,45.06172839506173,-7.016947672812307,-3.7547493575137767,-3.2621983152985305,1000.776188369646,922.023811630354,961.4,78.752376739292,-72.41379310344827,35.43782237482591,45.31572455302353,15.682018018430682,-57.85338608013528,16.991643454038996,22.56267409470752,28.644584423515965,100.0,925.0,999.0,933.0,0,0,158315.25,4530932,961.2219544021607,0.6153846153846154,0.38461538461538464,0.15384615384615385,11856153.846153846,-5.805805805805719,-11.64772727272726,-3.535747471758355,-3.5956271517393743,78.1595365418895,36.514719848053176,2.0,0.2,81518.35,38.0,0.04233039991088372,0.11503642687049571,2.0190189361812814,-0.1,0.0
2016-05-26,,,,950.6,957.4,959.35,962.3833333333333,961.0458649243997,25.071428571428573,53.89221556886227,-6.328825508898717,-4.269564587790765,-2.059260921107952,994.5293898991971,924.170610100803,959.35,70.35877979839415,-43.10344827586207,42.07759586893156,44.236348324992875,37.76009095680894,-24.363491044606025,21.08262108262108,17.094017094017094,27.435070767307213,100.0,925.0,998.0,933.0,0,0,157813.0,4686046,958.6185503306657,0.9523809523809523,0.047619047619047616,0.8095238095238095,7386380.952380952,-4.008016032064043,-11.64772727272726,-1.9134754985646798,-3.5956271517393743,77.48106060606061,36.514719848053176,2.0,0.15,82338.1,-3745.0,-4.170007126313912,0.10925654706289403,2.0208469273008745,-0.4,0.0
2016-05-27,,,,950.2,959.0,958.35,963.1166666666667,962.1843539792187,24.0,61.764705882352935,-4.520993893195396,-4.319850448871692,-0.20114344432370412,990.5093074027891,926.190692597211,958.35,64.31861480557814,-17.857142857142858,55.432682960240086,47.96845987007528,70.36112914056972,21.48308267682219,25.5952380952381,15.178571428571429,27.432645760638444,100.0,925.0,998.0,933.0,0,0,162530.4,4885016,957.7738385147231,0.9615384615384616,0.038461538461538464,0.5769230769230769,7652692.307692308,-2.5050100200399883,-11.64772727272726,-0.8368752657078782,-3.5956271517393743,76.82797330097087,36.514719848053176,2.0,0.15,83077.6,-4469.0,-5.192707667638818,0.09902579591960006,2.113401336320917,-0.4,0.0
2016-05-30,,,,962.2,961.5,958.45,964.4,965.785844076436,25.142857142857142,65.60846560846561,-0.8992341499156282,-3.635727189080479,2.7364930391648508,991.136549623833,925.763450376167,958.45,65.373099247666,-0.0,70.28845530682673,55.408458348992426,100.04844922249535,114.90982509019156,31.81818181818182,14.488636363636363,27.230043805188107,100.0,925.0,1000.0,933.0,1,0,166963.95,5102303,958.1536615139577,1.0,0.0,0.8181818181818182,6584454.545454545,0.0,-11.64772727272726,0.2247408955378555,-3.5956271517393743,76.45091693635382,36.514719848053176,2.0,0.15,84345.0,9568.0,11.726352427874609,0.08691701741630742,2.0989498400498334,0.0,0.0
2016-05-31,,,,979.0,966.1,961.55,965.9666666666667,971.2348113072517,26.285714285714285,66.83673469387756,3.783332419889348,-2.1519152672865136,5.9352476871758615,1005.1823154022791,917.9176845977208,961.55,87.26463080455824,-10.280373831775702,76.76551226062593,62.52747631953692,105.24158414280392,156.56437934909187,35.59782608695652,13.858695652173914,28.047237128954613,100.0,925.0,1023.0,933.0,1,0,173805.5,5395767,962.8936115370342,0.5925925925925926,0.4074074074074074,0.8518518518518519,10869037.037037037,0.0,-11.64772727272726,3.179050345864708,-2.3186888171535003,76.19520897043833,36.514719848053176,1.0,0.2,85953.2,11617.0,12.743248283275932,0.08935253498970992,2.2391804594534177,0.4,0.0
2016-06-01,,,,996.4,973.4,964.75,967.0,976.6410197541801,26.5,66.49484536082474,7.807755431333362,-0.15998112756253846,7.967736558895901,1017.5609837060016,911.9390162939984,964.75,105.62196741200319,-7.339449541284404,82.0638583266558,69.03960365524321,108.11236766948099,128.04717461056168,32.61455525606469,13.746630727762803,27.529556338894086,99.05809934774136,925.0,1028.0,933.0,1,0,182356.0,5667426,967.6004103694604,0.6363636363636364,0.36363636363636365,0.22727272727272727,12348136.363636363,0.0,-11.64772727272726,3.2644221738413886,-2.3186888171535003,74.51507208387943,36.514719848053176,1.0,0.25,88292.1,13060.0,12.706875918232319,0.10455376015787055,2.364965661342276,0.4,0.0
2016-06-02,,,,1006.6,978.6,967.35,967.5833333333334,979.7228273966391,26.785714285714285,62.62135922330097,9.356146617720015,1.7432444214939722,7.612902196226043,1023.5649071818968,911.1350928181032,967.35,112.42981436379364,-30.508474576271187,77.87308069234682,71.98409600094442,89.6510500751516,95.62651540693523,32.0,14.133333333333333,27.412102974034696,87.5611390256452,1045.0,1028.0,933.0,0,0,200571.95,5206764,973.6312390640865,0.16279069767441862,0.8372093023255814,0.4418604651162791,10713069.767441861,-1.8482490272373586,-11.64772727272726,2.625171472503139,-2.3186888171535003,73.22142857142858,36.514719848053176,1.0,0.3,91619.75,22933.0,19.797304880049026,0.15205523755322836,2.668411519574163,0.3,0.0
2016-06-03,,,,1013.6,981.9,970.5,968.1666666666666,982.415891454102,26.428571428571427,58.730158730158735,10.3828787823511,3.471171293665398,6.9117074886857015,1028.4745860836847,912.5254139163153,970.5,115.9491721673694,-31.35593220338983,74.79674306043461,72.92164502077448,78.54693913975487,66.25369251462666,32.432432432432435,16.216216216216218,26.909293154454694,73.34851936218676,1045.0,1028.0,933.0,0,0,213667.95,4800554,977.6911013873005,0.5652173913043478,0.43478260869565216,0.043478260869565216,17661304.34782609,-1.945525291828798,-11.64772727272726,3.23864152002589,-2.3186888171535003,70.81621621621623,36.514719848053176,1.0,0.35,94645.6,-1988.0,-1.4325656472487291,0.1766074586364645,2.7746478262157965,0.5,0.0
2016-06-06,,,,1017.2,989.7,974.75,969.15,985.8048541727591,26.785714285714285,60.40609137055837,11.866695962248968,5.150276227382113,6.7164197348668555,1033.605308753049,915.8946912469511,974.75,117.71061750609795,-22.88135593220339,75.16211442124212,73.66846815426369,78.149406955199,67.6667423837377,32.0,16.0,27.166693411854947,78.85837784199308,927.0,1028.0,939.0,0,0,222380.35,5182523,982.3642954514642,0.84,0.16,0.4,15278760.0,-0.9727626459144045,-10.89015151515149,4.4327685729491675,-2.3186888171535003,69.49265054528213,36.514719848053176,1.0,0.4,96497.05,-8941.0,-6.536583226108316,0.18911225281377184,2.8955021266815053,0.2,0.0
2016-06-07,,,,1016.4,997.7,978.65,970.15,988.9662966324963,26.071428571428573,68.18181818181819,12.973769867157444,6.71497495533718,6.258794911820264,1038.41894106294,918.8810589370602,978.65,119.53788212587972,-22.033898305084747,75.34172114064117,74.22621914972285,77.5727251224778,73.84378255186748,35.342465753424655,13.972602739726026,28.313879559041094,100.0,927.0,1028.0,939.0,0,0,226971.9,5420110,985.8323181562711,0.3333333333333333,0.6666666666666666,0.05555555555555555,13199277.777777778,-0.8754863813229541,-9.56439393939389,4.061198343593488,-2.3186888171535003,68.40510366826157,36.514719848053176,1.0,0.45,98204.6,-3890.0,-3.0427946778470494,0.19514514068358577,2.707793977343041,-0.1,0.0
2016-06-08,,,,1014.8,1005.6,981.8,971.1833333333333,991.9218874294014,26.142857142857142,68.0,13.773058312688022,8.126591626807349,5.646466685880673,1043.3778497427695,920.2221502572304,981.8,123.15569948553912,-21.1864406779661,74.9700821349979,74.47417347814786,75.96189944869798,61.733588972882394,35.24590163934426,13.114754098360654,29.39216850173682,99.29162248144218,927.0,1028.0,939.0,0,0,227075.25,5566345,987.931517121894,0.6875,0.3125,0.0625,9139687.5,-0.7782101167315147,-9.56439393939389,3.328023592358676,-2.3186888171535003,68.03636363636363,36.514719848053176,1.0,0.5,99384.95,-8497.0,-6.855017627649184,0.1959707810076534,2.4920826928761435,-0.4,0.0
2016-06-13,,,,1017.6,1012.1,984.75,972.45,994.8817076742204,25.785714285714285,65.0,14.481639763600128,9.397601254165906,5.084038509434222,1048.3569344117363,921.1430655882638,984.75,127.21386882347258,-18.64406779661017,73.9116786882892,74.28667521486165,73.1616856351443,62.70094833963564,33.5180055401662,13.296398891966758,30.924749632980156,87.60339342523858,927.0,1028.0,939.0,0,0,228008.5,5719231,989.8606763198158,0.5,0.5,0.13636363636363635,6949363.636363636,-0.4863813229571967,-9.56439393939389,3.1138258100234406,-2.3186888171535003,68.03636363636363,36.514719848053176,1.0,0.55,101021.5,7854.0,6.802591463414642,0.19861067724930753,2.0761408210291714,0.0,0.0
2016-06-14,,,,1017.8,1015.7,987.35,973.5166666666667,996.2263069433423,24.214285714285715,74.82014388489209,13.75495412242185,10.269071827817095,3.485882294604755,1050.429815772484,924.270184227516,987.35,126.15963154496808,-30.508474576271187,58.6077857921928,69.0603787406387,37.702599895301006,42.40819582610502,35.693215339233035,10.914454277286135,34.00793227312482,100.0,1045.0,1028.0,939.0,0,0,225153.5,5508934,992.7144595427859,0.25,0.75,0.5833333333333334,8762375.0,-1.8482490272373586,-9.56439393939389,2.740984867699476,-2.3186888171535003,68.40510366826157,36.514719848053176,1.0,0.6,102325.0,-7853.0,-6.368502149055222,0.19658038434103173,1.8464833559989606,0.0,0.0
2016-06-15,,,,1016.8,1017.0,989.25,974.7166666666667,997.8238015201669,23.785714285714285,76.05633802816902,13.347950225516684,10.884847507357014,2.4631027181596696,1053.048614074998,925.4513859250019,989.25,127.59722814999623,-28.571428571428573,51.0718571947952,63.06420489202419,27.087161800337213,34.22388410790197,36.33633633633634,9.90990990990991,37.153604335053046,100.0,933.0,1028.0,939.0,0,0,224146.7,5664788,994.2725585520554,0.8461538461538461,0.15384615384615385,0.3076923076923077,11988769.23076923,-1.459143968871579,-9.56439393939389,2.064085887622979,-2.3186888171535003,69.49265054528213,36.514719848053176,1.0,0.65,103442.9,-2892.0,-2.5048286375014106,0.19360696311465442,1.5258376325641831,0.0,0.0
2016-06-16,,,,1010.6,1013.5,989.8,975.3,996.888201375389,25.142857142857142,64.24242424242424,10.882657141325694,10.88440943415075,-0.0017522928250564007,1053.3431059658346,926.2568940341653,989.8,127.08621193166937,-53.271028037383175,34.6226174402083,53.5836757414189,-3.2994991622128964,13.508844008973812,35.51136363636364,13.636363636363635,39.3267588691943,46.698030533646936,1045.0,1028.0,939.0,0,0,225538.1,5478563,995.1266174096527,0.03125,0.96875,0.78125,5819531.25,-3.8910505836575737,-9.56439393939389,0.6584619982391952,-2.5240084035740518,69.49265054528213,36.514719848053176,1.0,0.65,104535.05,-2270.0,-2.0166126238173487,0.18903273174882274,1.4801727903026287,0.2,-1.0
2016-06-17,,,,1005.8,1010.3,991.85,976.3,996.8036107682092,25.428571428571427,62.17948717948718,9.465317464067084,10.600591040134017,-1.1352735760669326,1053.2761216507154,930.4238783492848,991.85,122.85224330143058,-50.51546391752577,35.65005097106783,47.60580081796854,11.738551277266396,-2.763361231075151,31.460674157303373,17.415730337078653,40.633035368471326,19.908188585607927,948.0,1028.0,939.0,0,0,229182.55,5724233,995.9841337542204,0.92,0.08,0.32,9826800.0,-3.112840466926048,-9.374999999999945,2.226567407101202,-2.5240084035740518,69.49265054528213,36.514719848053176,1.0,0.7,105112.4,-17556.0,-15.917312661498705,0.18269455043450597,1.7566649745340097,0.2,-1.0
2016-06-20,,,,1000.2,1008.9,993.75,977.4166666666666,996.631838314094,24.857142857142858,57.74647887323944,8.167227204516053,10.113918273010425,-1.9466910684943723,1052.9477062144176,934.5522937855825,993.75,118.39541242883513,-64.1025641025641,35.78855857087582,43.666720068937636,20.032235574752193,8.070225340799244,30.74712643678161,17.81609195402299,40.71016205985966,0.0,1045.0,1028.0,939.0,0,0,229538.65,5570740,997.3364888658184,0.2777777777777778,0.7222222222222222,0.05555555555555555,8527388.888888888,-3.210116731517487,-9.090909090909028,2.0693309937271978,-2.5240084035740518,69.49265054528213,36.514719848053176,1.0,0.75,105744.35,1526.0,1.6454781699177357,0.17578235211889232,1.834357577260473,-0.2,-1.0
2016-06-21,,,,1002.0,1009.9,995.9,978.8166666666667,998.6669013317994,24.428571428571427,56.52173913043478,8.891888941853495,9.86951240677904,-0.9776234649255446,1055.353298788528,936.4467012114719,995.9,118.90659757705612,-37.5,48.44920298167678,45.26088103985068,54.825846865328984,26.02114678743818,27.192982456140353,18.128654970760238,39.46563971104283,0.0,973.0,1028.0,939.0,0,0,229598.55,5732625,998.7979227220732,0.9259259259259259,0.07407407407407407,0.8518518518518519,5995740.740740741,-0.9727626459143712,-9.090909090909028,2.2470306862563825,-2.5240084035740518,69.49265054528213,36.514719848053176,1.0,0.75,106659.35,5364.0,5.690341059778281,0.16646089823493845,1.7950469658786745,-0.1,0.0
2016-06-22,,,,1002.6,1009.7,999.7,980.4333333333333,1000.3176726335328,22.928571428571427,47.008547008547005,9.198767637011315,9.735363452825496,-0.5365958158141808,1053.5618114886422,945.8381885113579,999.7,107.72362297728432,-40.27777777777778,55.79673641401402,48.77283283123846,69.84454357956514,31.216939283021194,19.003115264797508,19.31464174454829,36.38399429490264,0.0,1045.0,1028.0,939.0,0,0,228080.8,5553983,1001.6942834878398,0.5384615384615384,0.46153846153846156,0.15384615384615385,13741692.307692308,-1.16731517509725,-7.213438735177801,4.688952332210443,-1.8792324297748,69.49265054528213,36.514719848053176,0.0,0.8,107676.45,5817.0,5.838661433919845,0.15808795455398492,1.8569644328497035,-0.2,0.0
2016-06-23,,,,1008.8,1009.7,1003.7,982.0166666666667,1002.0969419065297,22.357142857142858,46.086956521739125,9.573686641627432,9.703028090585883,-0.129341448958451,1049.9218904621036,957.4781095378964,1003.7,92.4437809242072,-36.111111111111114,62.33443629786727,53.293367320114726,80.41657425337235,33.0579456275462,19.808306709265178,19.808306709265178,33.477017550716596,0.0,973.0,1028.0,941.0,0,0,228613.65,5758017,1005.158831504593,0.5714285714285714,0.42857142857142855,0.21428571428571427,14573857.142857144,-0.8754863813229319,-5.805805805805719,4.943568956835204,-1.8792324297748,69.49265054528213,37.16415163783584,0.0,0.85,108729.3,5381.0,5.103085939722707,0.15175027399418223,1.8874818286213895,-0.1,0.0
2016-06-24,,,,1011.6,1008.7,1007.15,983.5833333333334,1002.8496141059078,20.714285714285715,50.476190476190474,9.04037604249072,9.57049768096685,-0.53012163847613,1042.745830625099,971.5541693749009,1007.15,71.19166125019808,-39.34426229508197,64.39579703808435,56.9941772261046,79.19903666204385,22.235874578202345,18.96551724137931,18.620689655172413,30.776239514519354,14.645727518633123,1034.0,1028.0,958.0,0,0,230260.5,5570950,1007.7258225647328,0.15,0.85,0.45,9353350.0,-1.750972762645897,-4.008016032064043,4.199224160176948,-1.8792324297748,69.49265054528213,38.1711855396066,0.0,0.9,109055.85,-14488.0,-13.072626706488489,0.14824317089127664,1.7460239136027091,0.1,0.0
2016-06-27,,,,1022.8,1011.5,1011.8,985.7833333333333,1007.4353651434403,22.714285714285715,64.82758620689656,11.790171145246859,10.014432373822853,1.775738771424006,1044.545268842613,979.054731157387,1011.8,65.49053768522606,-9.30232558139535,73.16308949825779,62.38381465015566,94.72163919446206,89.09160059021065,27.358490566037734,14.779874213836477,30.527483295613884,62.53258740470386,973.0,1051.0,973.0,1,0,236835.55,5857565,1011.4741505938051,0.8431372549019608,0.1568627450980392,0.803921568627451,5619901.960784314,0.0,-3.8910505836575737,4.795492703130231,-1.8792324297748,69.49265054528213,38.52644087938206,1.0,0.95,110480.5,18217.0,18.9092683129366,0.13816196192116398,1.9207539753385348,0.5,0.0
2016-06-28,,,,1028.6,1015.3,1015.5,987.7333333333333,1011.2034256059698,22.142857142857142,60.431654676258994,13.491119773956143,10.709769853849512,2.7813499201066314,1046.460076159234,984.539923840766,1015.5,61.9201523184679,-13.953488372093023,77.45756354147419,67.4083976139285,97.55589539656555,110.15443139074215,26.7741935483871,15.161290322580646,30.12455289268348,47.86451182331617,1059.0,1051.0,988.0,0,0,234876.6,5697774,1014.6170523869413,0.5882352941176471,0.4117647058823529,0.23529411764705882,9399470.588235294,-0.38058991436726863,-3.8910505836575737,3.841384727344273,-1.8792324297748,69.49265054528213,38.59849425002068,1.0,0.95,112326.75,3963.0,3.459443416320407,0.1223553314852348,1.8654245327032999,0.1,0.0
2016-06-29,,,,1034.2,1018.4,1017.7,989.65,1014.3269088815917,22.214285714285715,58.86524822695035,14.430710639480935,11.453958010975796,2.976752628505139,1050.2356484651643,985.1643515348359,1017.7,65.07129693032846,-17.441860465116278,79.15775553927736,71.32485025571145,94.82356610640917,89.98442759276682,23.794212218649516,16.39871382636656,28.343600511731097,42.63782254722093,1059.0,1051.0,988.0,0,0,232856.95,5520880,1016.8903419746185,0.5789473684210527,0.42105263157894735,0.15789473684210525,9310210.52631579,-0.6660323501427201,-3.8910505836575737,2.4452558983217907,-1.8792324297748,69.49265054528213,39.06172517290879,1.0,0.95,113908.35,4275.0,3.607016596495072,0.11394051772998867,1.8147083370662453,0.1,0.0
2016-06-30,,,,1047.4,1028.1,1020.8,992.2333333333333,1021.0576794642974,24.142857142857142,67.95580110497238,18.273060056749955,12.81777842013063,5.4552816366193255,1065.136512219452,976.463487780548,1020.8,88.67302443890401,-0.0,86.10517035951824,76.25162362364705,105.81226383126062,136.4419118702004,31.656804733727814,13.905325443786984,27.85776673291911,72.97062362979135,973.0,1085.0,988.0,1,0,234751.5,5852235,1020.4079331406474,1.0,0.0,0.9534883720930233,7705930.23255814,0.0,-3.8910505836575737,3.0031391543827564,-1.8792324297748,69.49265054528213,39.27783761604349,2.0,0.95,115817.35,18165.0,14.793068065214921,0.12106671057407484,1.9166494434565777,0.1,0.0
2016-07-01,,,,1067.4,1039.5,1024.9,995.3333333333334,1029.5283766581738,25.285714285714285,71.42857142857143,23.069509770487684,14.868124690202041,8.201385080285643,1084.5583253994769,965.2416746005233,1024.9,119.31665079895356,-8.666666666666666,87.4034469063455,79.96889805121319,102.2725446166101,153.662272057392,38.4180790960452,13.276836158192092,28.246239126435643,84.55835133399496,973.0,1110.0,988.0,1,0,241378.8,6256440,1027.3155563647954,0.6388888888888888,0.3611111111111111,0.6944444444444444,11227916.666666666,0.0,-3.8910505836575737,3.751557581699736,-1.8792324297748,70.5019305019305,39.77988843660486,2.0,0.95,116448.65,-12494.0,-8.863570258018294,0.12283559929748855,2.1575821340455583,-0.1,0.0
2016-07-04,,,,1080.6,1051.7,1030.3,998.55,1037.8590074526335,26.0,77.55102040816327,27.122916130020258,17.319082978165685,9.803833151854572,1102.1949526081112,958.4050473918888,1030.3,143.78990521622234,-11.656441717791411,86.69273721404944,82.2101777721586,95.65785609783114,130.88880246506358,40.934065934065934,10.43956043956044,28.688648541294793,100.0,973.0,1117.0,988.0,1,0,233331.65,6556159,1034.015027251268,0.4411764705882353,0.5588235294117647,0.20588235294117646,8815264.705882354,0.0,-3.8910505836575737,5.182176157924502,-1.4234936056099627,71.74285714285715,41.7942309694887,2.0,0.95,115764.55,-3375.0,-2.6271747168489457,0.11647678326377377,2.136394685199237,-0.4,0.0
2016-07-05,,,,1095.4,1062.0,1035.95,1001.0666666666667,1045.7771972190494,27.5,77.55102040816327,30.308657111078446,19.916997804748238,10.391659306330208,1117.5690767174367,954.3309232825634,1035.95,163.2381534348733,-9.202453987730062,87.2525224837849,83.89095934270071,93.97564876595328,99.71665988855511,38.7012987012987,13.246753246753247,28.107015888233573,100.0,973.0,1121.0,988.0,1,0,227897.65,6853689,1041.4044759420146,0.9705882352941176,0.029411764705882353,0.11764705882352941,8750882.352941176,0.0,-3.8910505836575737,5.429941221199131,-1.4234936056099627,73.36402877697843,41.7942309694887,2.0,0.95,114887.2,-5853.0,-4.6790310976097205,0.1095435051593235,2.3658049690553327,-0.3,0.0
2016-07-06,,,,1104.2,1069.2,1039.45,1003.1,1049.7984165315208,29.714285714285715,74.50980392156862,29.82673158784951,21.898944561368495,7.927787026481013,1123.7863566478177,955.1136433521824,1039.45,168.67271329563528,-30.303030303030305,78.77903534542403,82.18698467694182,71.96313668238847,76.23104348054238,38.70192307692307,11.778846153846153,28.73734894631229,90.33431759618678,1138.0,1121.0,988.0,0,0,231380.75,6402058,1049.5551916051788,0.20634920634920634,0.7936507936507936,0.5238095238095238,7168746.031746032,-2.943800178412137,-3.8910505836575737,3.1236208892637656,-2.491711233007479,74.57187191423331,41.7942309694887,2.0,0.95,114032.9,-8480.0,-7.111886411097224,0.10728854801643911,2.89322482433124,0.0,1.0
2016-07-07,,,,1105.0,1076.2,1042.95,1005.0333333333333,1053.531900671376,30.142857142857142,73.60406091370558,29.18902091765176,23.356959832625147,5.832061085026613,1129.4941171341106,956.4058828658895,1042.95,173.08823426822119,-33.108108108108105,73.28858766618012,79.22085234002125,61.424058318497856,61.547362388050004,38.15165876777251,8.293838862559241,31.276640525012738,87.45565891073375,990.0,1121.0,988.0,0,0,231816.5,6648360,1053.37959312646,0.25806451612903225,0.7419354838709677,0.03225806451612903,7945225.806451613,-2.8545941123996443,-3.8910505836575737,3.1206987167981404,-2.491711233007479,74.57187191423331,41.7942309694887,2.0,0.95,112984.65,-7769.0,-7.0144550683026825,0.10831449933470222,2.9013930600053603,-0.3,0.0
2016-07-08,,,,1093.4,1080.4,1044.55,1005.8333333333334,1053.3860053693402,32.0,62.231759656652365,25.405184684105052,23.76660480292113,1.6385798811839223,1130.48871745547,958.61128254453,1044.55,171.87743491093988,-59.310344827586206,54.89080447586612,71.11083638530287,22.450740656992622,26.465638891240957,33.705357142857146,14.285714285714285,32.26506176388121,51.31188136787145,1138.0,1121.0,988.0,0,0,240337.2,6331711,1055.3312413420258,0.0,1.0,0.8409090909090909,7196568.181818182,-6.1552185548617295,-6.1552185548617295,1.401229268913901,-2.9664907939176097,73.7852095152782,41.7942309694887,2.0,0.95,112627.1,5317.0,5.1627374062997555,0.10891075174225519,2.8568445192677325,-0.4,-1.0
2016-07-11,,,,1081.6,1081.1,1046.3,1006.9,1053.8254334294031,31.785714285714285,59.25925925925926,22.62975533093754,23.539234908524413,-0.9094795775868718,1131.8154033523942,960.7845966476057,1046.3,171.03080670478857,-61.06870229007634,44.530377587085354,62.250683452563706,9.08976585612865,12.738370745534418,31.235955056179776,16.179775280898877,33.104601371193326,41.86459443086629,1007.0,1121.0,988.0,0,0,241859.8,6515049,1056.403728041342,0.5833333333333334,0.4166666666666667,0.25,7639083.333333333,-5.619982158786807,-6.1552185548617295,1.5118565940973818,-2.9664907939176097,73.7852095152782,41.7942309694887,2.0,0.95,111439.95,-8738.0,-8.067956234707541,0.11061357575271875,2.7459097588845394,-0.4,-1.0
2016-07-12,,,,1077.0,1086.2,1050.75,1008.5833333333334,1058.0325350075552,33.785714285714285,66.14173228346456,23.388267885225787,23.509041503864687,-0.1207736186388999,1137.3485899970092,964.1514100029908,1050.75,173.19717999401837,-30.53435114503817,49.13136283583468,57.8775765803207,31.638935346862624,41.257542115718756,35.30655391120508,15.221987315010573,35.88574036010862,63.73866972212228,1007.0,1121.0,988.0,0,0,241704.85,6722247,1059.4890265269123,1.0,0.0,0.975609756097561,5053609.756097562,-2.0517395182872655,-6.1552185548617295,3.3918895897748422,-2.9664907939176097,73.12081218274112,41.7942309694887,3.0,0.95,111013.85,7368.0,7.400042182650868,0.11104826684594808,2.63437464946571,-0.1,-1.0
2016-07-13,,,,1078.6,1091.4,1054.9,1010.2166666666667,1061.6484840544547,34.57142857142857,65.21739130434783,23.556466976075853,23.518526598306924,0.03794037776892978,1141.8359110585232,967.9640889414771,1054.9,173.871822117046,-32.06106870229008,51.19395820261319,55.649703787751534,42.282467032336484,55.06035577696639,37.60330578512397,14.876033057851242,38.979103689692415,54.44614376228971,1138.0,1121.0,988.0,0,0,246492.05,6470649,1063.1721353014564,0.2,0.8,0.08,10063920.0,-2.23015165031224,-6.1552185548617295,3.1636765352981278,-2.9664907939176097,71.74285714285715,41.7942309694887,3.0,0.95,110327.8,-8091.0,-7.5662785804460615,0.11434529478915355,2.327920715791838,-0.1,0.0
2016-07-14,,,,1081.0,1093.0,1060.55,1011.7833333333333,1065.39624747784,35.57142857142857,68.27309236947791,23.818657523310776,23.578552783307693,0.24010474000308335,1143.7883388387113,977.3116611612887,1060.55,166.47667767742257,-28.46153846153846,54.34207142585559,55.21382633378622,52.59856160999435,41.37034466512983,36.144578313253014,17.46987951807229,41.40153436694219,50.347633757337626,1008.0,1121.0,995.0,0,0,251276.75,6752568,1067.260401065094,0.8529411764705882,0.14705882352941177,0.14705882352941177,8291735.294117647,-1.7841213202497985,-6.1552185548617295,4.5248355381017475,-2.9664907939176097,69.72431077694237,41.7942309694887,3.0,1.0,109904.7,2989.0,3.023956942252437,0.11607984765892698,2.4032975622167556,0.2,0.0
2016-07-15,,,,1089.6,1091.5,1065.5,1013.0166666666667,1068.2156524799504,34.142857142857146,60.2803738317757,23.274007296519812,23.51764368595012,-0.24363638943030708,1144.2280462297551,986.7719537702447,1065.5,157.4560924595104,-40.95238095238095,54.31315400021579,54.91360222259608,53.112257555455216,41.97731397724838,32.42677824267782,18.20083682008368,41.27642203016092,7.573278701578877,1138.0,1121.0,995.0,0,0,251017.4,6512085,1072.4986713404462,0.41935483870967744,0.5806451612903226,0.1935483870967742,7757516.129032259,-2.3193577163247325,-6.1552185548617295,3.9501430527131145,-2.9664907939176097,68.47812301838935,41.7942309694887,3.0,1.0,110393.35,679.0,0.6667779599933255,0.11089786282255513,2.2877420556488914,0.2,1.0
2016-07-18,,,,1088.8,1085.2,1068.45,1013.35,1066.8617808151932,36.42857142857143,51.39442231075698,19.311400910327166,22.67639513082553,-3.364994220498364,1140.1642722343458,996.7357277656541,1068.45,143.4285444686917,-80.0,39.75486862425734,49.86069102314983,19.543223826472357,0.8714248238154634,30.392156862745097,23.137254901960784,40.266479591647055,0.0,1138.0,1121.0,1010.0,0,0,254519.1,6288558,1074.5722138338538,0.061224489795918366,0.9387755102040817,0.8367346938775511,4561775.510204082,-5.976806422836766,-6.1552185548617295,2.2497490976083707,-3.4149464759676516,68.20007301935013,41.7942309694887,4.0,0.95,110347.55,-9163.0,-8.938465740596225,0.111533428865805,2.3983774846717467,0.4,0.0
2016-07-19,,,,1084.6,1080.8,1071.4,1013.7,1067.8273254994606,37.214285714285715,56.08856088560886,17.821479657209693,21.705412036102363,-3.88393237889267,1139.1189237331457,1003.6810762668546,1071.4,135.43784746629115,-63.541666666666664,41.78102352728267,47.16746852452745,31.00813353279311,-3.4905149954561567,29.750479846449135,22.264875239923228,39.980132728178425,17.946288570750156,1042.0,1121.0,1010.0,0,0,258619.1,6532443,1076.2885877982974,0.9333333333333333,0.06666666666666667,0.7666666666666667,8129500.0,-3.9250669045495346,-6.1552185548617295,2.20904550987674,-3.4149464759676516,68.03636363636363,41.7942309694887,4.0,0.95,110001.35,-644.0,-0.689884198009616,0.11559345452850496,2.5370089436118035,0.1,0.0
2016-07-20,,,,1080.2,1079.4,1074.3,1014.5666666666667,1068.4151992614168,35.642857142857146,47.63948497854078,16.21175241152264,20.606680111186417,-4.3949276996637785,1136.7958103858662,1011.8041896141337,1074.3,124.99162077173241,-68.08510638297872,41.742904573744,45.35928054093297,34.510152639366055,5.518231320047494,26.452905811623246,23.246492985971944,37.65803086690605,0.0,1138.0,1121.0,1010.0,0,0,262917.4,6267835,1078.3838973127429,0.2857142857142857,0.7142857142857143,0.14285714285714285,12600380.952380951,-4.1926851025869905,-6.1552185548617295,2.1782417988227314,-3.4149464759676516,67.9646408839779,41.7942309694887,4.0,0.9,109158.2,-4122.0,-4.4463621163907,0.12426145157097403,2.625351852472342,0.1,-1.0
2016-07-21,,,,1076.2,1078.6,1077.4,1015.35,1069.6137517127104,34.5,43.25581395348837,15.324225339699069,19.550189156888948,-4.225963817189879,1134.2410526218032,1020.558947378197,1077.4,113.6821052436062,-60.638297872340424,44.9582326787923,45.225597920219414,44.423502195938084,0.7077463021317827,19.461697722567287,24.84472049689441,35.05200607611031,0.0,1044.0,1121.0,1010.0,0,0,263138.35,6476288,1080.6572032038152,0.7727272727272727,0.22727272727272727,0.3181818181818182,9475136.363636363,-3.568242640499575,-6.1552185548617295,2.3058776534271956,-3.4149464759676516,67.06054797609653,41.7942309694887,4.0,0.9,108119.85,1477.0,1.6673628122777506,0.1314209534361733,2.5345832450656487,0.1,0.0
2016-07-22,,,,1069.0,1079.3,1079.85,1016.1333333333333,1068.6029182162617,34.285714285714285,37.39130434782609,12.699248570154168,18.18000103954199,-5.480752469387824,1128.0219507815698,1031.67804921843,1079.85,96.34390156313975,-84.04255319148936,34.94727949730432,41.79949177924772,21.242854933417533,-24.55620790494981,17.291666666666668,26.458333333333332,32.30872694627656,0.0,1138.0,1121.0,1044.0,0,0,261569.85,6320591,1082.640222869723,0.06451612903225806,0.9354838709677419,0.7096774193548387,5022483.870967741,-5.530776092774337,-6.1552185548617295,1.8486275405005137,-3.4149464759676516,66.5632232274353,39.77988843660486,4.0,0.85,107498.9,-6140.0,-6.817677104152786,0.13954065422524672,2.4364635853690855,0.4,-1.0
2016-07-25,,,,1076.2,1082.5,1081.8,1017.65,1070.6407355289987,34.42857142857143,43.96887159533073,12.970856530537503,17.138172137741094,-4.167315607203591,1128.1787610192525,1035.4212389807474,1081.8,92.75752203850516,-51.06382978723404,43.69619628178497,42.431726613426804,46.2251356185013,-4.650153107265056,18.04979253112033,23.651452282157674,29.768215219197664,17.720455630048107,1044.0,1121.0,1044.0,0,0,256769.35,6511196,1084.934518209955,0.9444444444444444,0.05555555555555555,0.8611111111111112,5294583.333333333,-2.765388046387174,-6.1552185548617295,1.5071057357652653,-3.4149464759676516,66.5632232274353,39.77988843660486,3.0,0.85,106241.4,5486.0,6.537178265014298,0.14519638718492023,2.3839383244107935,0.5,1.0
2016-07-26,,,,1080.4,1082.5,1084.35,1019.4,1073.2463797643322,31.714285714285715,52.1551724137931,13.674015399435802,16.445340790080035,-2.7713253906442326,1128.2123444785461,1040.4876555214537,1084.35,87.72468895709244,-25.0,54.65163085452331,46.50502802712564,70.94483650931865,24.168277705432427,18.468468468468465,22.74774774774775,26.700299528331158,40.769799004690725,1044.0,1121.0,1044.0,0,0,262739.45,6790389,1086.5469924038182,0.8,0.2,0.32,11167720.0,-2.0517395182872655,-6.1552185548617295,1.919463137566974,-3.4149464759676516,66.5632232274353,39.77988843660486,3.0,0.85,105334.05,10966.0,12.265396058430088,0.14428103689055954,2.4141019765815166,0.8,0.0
2016-07-27,,,,1086.8,1083.5,1087.45,1021.2,1076.3657721677291,31.142857142857142,53.55648535564853,14.70727074800925,16.09772678166588,-1.3904560336566298,1127.9389848567932,1046.9610151432069,1087.45,80.97796971358639,-15.068493150684931,64.37559704027043,52.46188436484057,88.20302239113016,54.21500882106852,22.01834862385321,23.1651376146789,22.289753584065124,52.34535317867191,1044.0,1121.0,1052.0,0,0,267188.4,7056262,1088.939799656971,0.5217391304347826,0.4782608695652174,0.34782608695652173,11559695.652173914,-1.3380909901873572,-6.1552185548617295,2.295785102677892,-3.4149464759676516,66.5632232274353,39.77988843660486,3.0,0.85,104098.35,-2292.0,-2.283505360060578,0.14121187953448716,2.358833474997975,0.6,0.0
2016-07-28,,,,1088.8,1082.5,1087.75,1023.3666666666667,1077.759508151755,29.857142857142858,58.986175115207374,14.152615870133559,15.708704599359418,-1.5560887292258592,1128.2514619618778,1047.2485380381222,1087.75,81.00292392375559,-35.61643835616438,63.505299987631275,56.143022905770806,78.22985415135221,33.23502126542024,22.966507177033492,17.942583732057415,20.27658111801628,69.92752735767988,1117.0,1121.0,1052.0,0,0,262963.05,6809414,1090.5945567891256,0.0,1.0,0.5769230769230769,9494153.846153846,-2.6761819803746922,-6.1552185548617295,0.3701263507935932,-3.4149464759676516,66.5632232274353,41.7942309694887,2.0,0.85,101823.7,-2614.0,-2.665171288743884,0.1174623767510523,2.413056475766197,0.5,0.0
2016-07-29,,,,1092.8,1080.9,1086.2,1025.2833333333333,1077.8776502325402,29.785714285714285,54.7085201793722,12.59950887612672,15.08686545471288,-2.4873565785861604,1125.4701842167547,1046.9298157832454,1086.2,78.54036843350923,-55.88235294117647,57.04274901136203,56.44293160763455,58.24238381881699,-9.239720450417263,23.02158273381295,19.904076738609113,18.52722507016146,56.07581989554709,1117.0,1121.0,1052.0,0,0,253376.55,6596939,1089.0360846994981,0.17391304347826086,0.8260869565217391,0.5217391304347826,9238043.47826087,-3.7466547725245714,-6.1552185548617295,-1.0095528060227308,-3.4149464759676516,66.5632232274353,41.99177402770218,2.0,0.8,99638.2,-10711.0,-11.21970125489703,0.10809561020605984,2.5433822908124144,0.5,0.0
2016-08-01,,,,1101.0,1088.6,1086.9,1028.1833333333334,1082.936921638965,31.071428571428573,57.02127659574468,15.387251158587333,15.146942595487772,0.2403085630995605,1128.8869653958784,1044.9130346041218,1086.9,83.97393079175663,-0.0,71.36183267424136,61.41589862983682,91.25370076305043,76.60319926071283,22.75862068965517,19.770114942528735,16.18994457388515,63.564882428943676,1049.0,1131.0,1052.0,1,0,252873.25,6886592,1088.5768670668012,1.0,0.0,0.8813559322033898,4909372.881355932,0.0,-6.1552185548617295,0.6106875664405069,-3.4149464759676516,66.5632232274353,43.107645174766745,3.0,0.8,98558.2,18735.0,22.104890566928216,0.09157624984248341,2.6767715370884564,0.5,0.0
2016-08-02,,,,1112.8,1096.6,1088.7,1031.7166666666667,1089.9905481495398,31.857142857142858,61.77606177606178,19.47010051198413,16.011574178787043,3.458526333197085,1139.0883862976482,1038.311613702352,1088.7,100.77677259529628,-8.474576271186441,77.90488544649124,66.91222756872162,99.89020120203048,149.61164683560412,26.233183856502244,19.282511210762333,14.187362384343572,78.9616113261935,1049.0,1157.0,1052.0,1,0,253151.85,7189694,1091.1151678988983,0.7058823529411765,0.29411764705882354,0.7647058823529411,8914764.705882354,0.0,-6.1552185548617295,1.2699844755115113,-3.4149464759676516,66.5632232274353,43.271045831633344,3.0,0.8,97823.1,1045.0,1.0097593970431973,0.07935916489019974,2.7003603293554805,0.5,0.0
2016-08-03,,,,1123.0,1104.9,1092.15,1035.45,1096.3724007067265,30.285714285714285,61.023622047244096,22.447032620634218,17.29866586715648,5.148366753477738,1151.0639425906618,1033.2360574093384,1092.15,117.82788518132338,-8.474576271186441,82.26692062799115,72.03045858847813,102.7398447070172,122.08335883276949,27.594339622641513,15.80188679245283,13.640394696437925,96.91430299837054,1167.0,1157.0,1052.0,0,0,239898.65,7189694,1092.7056758482524,0.8333333333333334,0.16666666666666666,0.0,15547250.0,0.0,-6.1552185548617295,2.4191678290661462,-3.4149464759676516,66.5632232274353,43.684556559050485,3.0,0.8,97638.0,2520.0,2.410675850193722,0.07658305122287518,2.5067491522440823,0.6,0.0
2016-08-04,,,,1136.0,1112.4,1095.5,1039.0333333333333,1102.0512196870384,30.857142857142858,62.248995983935735,24.44380811748988,18.72769431722316,5.716113800266719,1160.920099921057,1030.079900078943,1095.5,130.8401998421141,-14.4,83.09320132261557,75.71803949985727,97.84352496813216,102.8057217505833,28.935185185185187,18.287037037037038,13.243955128875365,100.0,1174.0,1157.0,1052.0,0,0,244019.95,6860966,1096.83629999651,0.5384615384615384,0.46153846153846156,0.02564102564102564,8428923.076923076,-0.08643042350907626,-6.1552185548617295,2.352301036122156,-3.4149464759676516,66.5632232274353,43.932493725968726,3.0,0.8,97600.8,-4811.0,-4.493951707066457,0.07634367451683663,2.632632361765636,0.6,0.0
2016-08-05,,,,1153.8,1123.3,1101.3,1042.55,1108.3320559073204,29.071428571428573,75.9090909090909,26.686936405709957,20.31954273492052,6.367393670789436,1170.9157876830664,1031.6842123169336,1101.3,139.2315753661328,-4.8,86.76801656801823,79.40136518924425,101.50131932556621,95.67881964415041,30.71253071253071,11.793611793611792,15.45506634081234,100.0,1049.0,1168.0,1054.0,1,0,238445.95,7066135,1101.5856355846402,0.9583333333333334,0.041666666666666664,0.5,8548708.333333334,0.0,-5.976806422836766,4.339259662865996,-2.120609616497494,67.06054797609653,44.84315703511553,3.0,0.8,97663.0,7305.0,7.144673526074885,0.07730462245489343,2.505816296495042,0.7,0.0
2016-08-08,,,,1162.8,1131.9,1107.2,1046.0833333333333,1114.7766220113851,28.785714285714285,74.14634146341464,28.778425105532506,22.01131920904292,6.767105896489586,1181.2258845198378,1033.1741154801623,1107.2,148.0517690396755,-1.639344262295082,90.54974689440209,83.11749242429686,105.41425583461253,93.89012739395132,33.25062034739454,11.41439205955335,17.919190982058755,95.42354428162037,1049.0,1176.0,1054.0,1,0,241584.95,7312253,1106.7070645336144,0.9230769230769231,0.07692307692307693,0.3076923076923077,9466076.923076924,0.0,-5.976806422836766,4.384499192460262,-2.120609616497494,67.9646408839779,45.881910896403646,3.0,0.8,97718.3,-8876.0,-8.102310381655698,0.07745231911405275,2.434991667880558,0.4,1.0
2016-08-09,,,,1173.6,1143.2,1112.85,1050.3166666666666,1123.940753248396,30.142857142857142,78.90295358649789,32.881119384817566,24.18527924419785,8.695840140619715,1200.004490780194,1025.695509219806,1112.85,174.30898156038802,-0.0,93.69983126293474,86.64493870384281,107.80961638111862,110.60895448254841,37.20379146919431,10.90047393364929,21.364061700090126,100.00000000000001,1049.0,1211.0,1054.0,1,0,243926.4,7566280,1112.3936132647661,1.0,0.0,0.875,6350675.0,0.0,-5.976806422836766,4.193299465728376,-2.120609616497494,68.03636363636363,46.82422891118543,2.0,0.8,97888.4,9664.0,9.59939606448601,0.07989287239237336,2.315542974143388,0.4,0.0
2016-08-10,,,,1180.8,1151.9,1117.7,1053.95,1130.5178243675964,31.571428571428573,72.58064516129032,34.2848699525216,26.205197385862604,8.079672566659,1211.4524175126742,1023.947582487326,1117.7,187.50483502534814,-19.883040935672515,88.48805955163391,87.25931231977317,90.94555401535538,97.3127536708211,39.14027149321267,9.502262443438914,24.84839740350864,84.76979705417781,1227.0,1211.0,1054.0,0,0,246992.0,7253370,1118.6288438491936,0.19047619047619047,0.8095238095238095,0.42857142857142855,7450238.095238095,-1.4863748967795187,-5.976806422836766,3.5699025690353023,-2.120609616497494,68.20007301935013,47.51329738454202,2.0,0.8,97166.4,-25933.0,-23.5034485258798,0.0861887210043502,2.7084565187117606,0.5,1.0
2016-08-11,,,,1183.4,1159.7,1121.1,1057.15,1134.1827934754444,31.928571428571427,72.0,33.07943384513851,27.580044677717787,5.499389167420723,1217.2049864525754,1024.9950135474244,1121.1,192.20997290515106,-33.91812865497076,79.85225475485272,84.79029313146636,69.97617800162547,60.390172964252905,38.25503355704698,13.422818791946309,26.78408076776343,80.24006015602971,1227.0,1211.0,1054.0,0,0,245381.75,7003656,1122.969412150659,0.25,0.75,0.6666666666666666,6936500.0,-3.4682080924855585,-5.976806422836766,2.4817213721162696,-2.120609616497494,68.90418818129662,49.90884937666054,2.0,0.8,95610.75,-13684.0,-16.212501777166956,0.10627794489920153,2.7716347841812317,0.5,0.0
2016-08-12,,,,1180.8,1167.3,1124.1,1060.4833333333333,1136.1653845730211,32.142857142857146,63.94849785407725,30.641221124594495,28.19227996709313,2.448941157501366,1220.519914955351,1027.6800850446489,1124.1,192.83982991070206,-46.45161290322581,61.03625494295146,76.87228040196139,29.36420402493158,36.797674411720884,37.11111111111111,17.999999999999996,28.301551020187947,44.09085510359582,1227.0,1211.0,1054.0,0,0,241810.8,6834592,1125.4553134792434,0.4358974358974359,0.5641025641025641,0.358974358974359,4334974.358974359,-4.624277456647419,-5.976806422836766,2.207367716042505,-2.120609616497494,68.90418818129662,51.21077594384368,2.0,0.8,93110.45,-18214.0,-25.755090497737555,0.1487996610712199,3.0410442362131143,0.4,0.0
2016-08-15,,,,1180.2,1171.5,1130.05,1064.0833333333333,1139.6734431851144,32.42857142857143,65.4320987654321,29.817650233859467,28.517354020446398,1.3002962134130698,1222.8757564075227,1037.2242435924773,1130.05,185.6515128150454,-34.83870967741935,54.458952570663286,69.40117112486203,24.574515462265794,48.754669586400446,35.903083700440526,17.841409691629956,29.960411285605584,46.85312881314834,1072.0,1211.0,1059.0,0,0,242187.05,7065644,1130.3274908106496,0.5416666666666666,0.4583333333333333,0.75,9627166.666666666,-3.137902559867889,-5.530776092774337,4.739642291465702,-2.0129059972876053,68.90418818129662,52.00302239318588,1.0,0.85,93852.35,55681.0,106.04692797013672,0.15193663318405354,2.9792333373377677,0.7,0.0
2016-08-16,,,,1180.4,1177.0,1136.8,1068.0333333333333,1146.561686691294,34.857142857142854,69.34306569343066,31.943711214236828,29.202625459204484,2.741085755032344,1232.9568893445407,1040.6431106554592,1136.8,192.31377868908157,-9.67741935483871,64.20451910507987,67.66895378493464,57.275649745370316,69.64046560892146,37.90983606557377,16.598360655737707,32.57181652095647,60.487242118049885,1072.0,1212.0,1059.0,1,0,254476.3,7555314,1139.8411205680056,0.8596491228070176,0.14035087719298245,0.6842105263157895,8590701.754385965,0.0,-5.530776092774337,5.040977096970941,-2.0129059972876053,69.76016684045882,53.276222767277446,1.0,0.85,96474.15,36954.0,34.15752354719144,0.1895720507447899,3.1935274958038002,0.7,0.0
2016-08-17,,,,1182.4,1181.6,1143.25,1072.4166666666667,1151.936764149266,34.5,70.8955223880597,32.52744889157816,29.86759014567922,2.6598587458989407,1238.9752097906864,1047.5247902093136,1143.25,191.4504195813729,-15.483870967741936,67.14758202510941,67.49516319832624,66.45241967867577,71.90473467205109,38.50931677018634,16.149068322981364,34.616701460578255,66.90382839847841,1227.0,1212.0,1059.0,0,0,256959.35,7241045,1147.244720808953,0.14285714285714285,0.8571428571428571,0.42857142857142855,14965190.476190478,-0.7425742574257321,-5.530776092774337,4.8138466677779705,-2.0129059972876053,71.00213219616205,53.82506952621952,1.0,0.9,98868.65,-8668.0,-5.972123659062567,0.20464498136865542,2.912628243736972,0.7,0.0
2016-08-18,,,,1190.2,1186.8,1149.6,1076.9,1157.276119944574,35.5,74.71264367816092,33.01297044628632,30.49666620580064,2.5163042404856775,1244.7860228571699,1054.41397714283,1149.6,190.37204571433995,-15.0,69.58774971886727,68.19269203850658,72.37786507958867,68.6093916378944,39.63782696177062,13.480885311871226,37.615262489865536,80.85014274679351,1072.0,1212.0,1059.0,0,0,267839.9,7667109,1155.1021376327178,0.35135135135135137,0.6486486486486487,0.13513513513513514,11515243.243243244,-0.3300330033003229,-5.530776092774337,4.71617298229944,-2.0129059972876053,71.54285714285714,54.54525925727022,1.0,0.9,101689.55,10005.0,7.331120441406003,0.22342773510144837,2.7881681914683782,0.8,0.0
2016-08-19,,,,1202.0,1191.4,1157.35,1081.45,1162.678394235567,33.07142857142857,69.30232558139535,33.49578111796632,31.096489188233775,2.3992919297325415,1246.5269972700505,1068.1730027299493,1157.35,178.3539945401012,-18.181818181818183,73.3421877558406,69.90919061095126,80.20818204561928,60.23589300731519,35.42116630669546,14.254859611231103,40.156810248804604,46.30320499385277,1072.0,1214.0,1079.0,1,0,280184.4,8069696,1161.3465482613117,0.84,0.16,0.24,16103480.0,0.0,-4.624277456647419,6.067657288509014,-1.5126429080176595,71.54285714285714,55.812552744361525,1.0,0.95,105277.35,9198.0,6.27944128128457,0.2401952803534456,2.6613998435731725,0.9,0.0
2016-08-22,,,,1211.8,1196.0,1163.95,1085.85,1168.3280709750368,32.57142857142857,66.497461928934,34.13050992206922,31.70329333500087,2.4272165870683544,1251.6659890603732,1076.2340109396268,1163.95,175.4319781207464,-12.121212121212121,78.06145850389373,72.62661324193208,88.93114902781704,67.95770729974558,31.57894736842106,14.473684210526317,41.719090333252176,30.61546159973697,1072.0,1222.0,1079.0,1,0,294887.45,8554362,1168.8444967167416,0.5862068965517241,0.41379310344827586,0.27586206896551724,16712620.689655174,0.0,-4.624277456647419,5.307021928258693,-1.5126429080176595,71.54285714285714,56.435103481469596,1.0,0.95,108961.2,7407.0,4.757958837585763,0.2575882912807194,2.828644894037499,0.9,0.0
2016-08-23,,,,1213.8,1197.1,1170.15,1090.0,1173.4396832631285,33.0,66.497461928934,34.23885288913448,32.21040524582759,2.0284476433068903,1255.742117197282,1084.5578828027183,1170.15,171.18423439456365,-12.121212121212121,81.20763900259583,75.48695516215332,92.64900668348082,64.18342842449054,31.168831168831172,14.285714285714286,42.4311577689221,25.51024835288793,1234.0,1222.0,1079.0,0,0,301271.65,8554362,1175.948219267672,0.5,0.5,0.0,22604277.777777776,0.0,-4.624277456647419,4.963088206158075,-1.5126429080176595,71.54285714285714,56.435103481469596,1.0,0.95,112168.2,1429.0,0.8762409325312914,0.27267492165927026,2.648541333419847,0.7,0.0
2016-08-24,,,,1211.2,1196.8,1174.35,1093.1666666666667,1175.0168562856877,32.857142857142854,57.45614035087719,31.380844069722798,32.04449301060663,-0.6636489408838315,1254.7759057504913,1093.9240942495085,1174.35,160.85181150098288,-45.833333333333336,72.19398155728611,74.38929729386425,67.80335008412982,36.00430352898422,28.043478260869566,16.956521739130434,42.58034787974903,0.0,1234.0,1222.0,1079.0,0,0,312981.5,8054292,1180.9879726117997,0.02702702702702703,0.972972972972973,0.8648648648648649,13515405.405405404,-2.6186579378068786,-4.624277456647419,3.208061671525383,-2.042081262355562,71.54285714285714,56.435103481469596,1.0,0.95,114910.3,-11590.0,-7.0450787784477775,0.2758170200343103,2.8420025309849466,0.7,0.0
2016-08-25,,,,1210.6,1200.4,1180.05,1096.2,1177.872393782289,33.214285714285715,58.00865800865801,29.980628110699627,31.631720030625228,-1.6510919199256016,1251.2309406778736,1108.8690593221263,1180.05,142.3618813557473,-30.208333333333332,68.39959130846101,72.39272863206317,60.41331666125669,25.168940421985567,27.741935483870964,19.35483870967742,40.67317278388124,2.5762226383505302,1138.0,1222.0,1079.0,0,0,329122.2,8623954,1185.336780330629,0.9655172413793104,0.034482758620689655,0.5172413793103449,19643517.241379313,-1.3911620294599136,-4.624277456647419,4.386321488601224,-2.042081262355562,71.54285714285714,56.435103481469596,1.0,0.95,118362.15,11581.0,7.573141863172084,0.2804042078373465,2.95284337767468,0.7,0.0
2016-08-26,,,,1212.2,1207.1,1187.2,1099.4333333333334,1182.0750229458804,33.857142857142854,59.583333333333336,29.898058591684958,31.284987742837174,-1.3869291511522164,1242.6279048095498,1131.7720951904503,1187.2,110.85580961909955,-12.5,73.29925805540594,72.69490510651076,74.50796395319631,53.911418987214475,30.590717299578063,18.9873417721519,38.85284181461411,9.918457157649513,1138.0,1222.0,1131.0,0,0,354667.7,9347339,1191.5332811530343,0.7428571428571429,0.2571428571428571,0.4857142857142857,20668142.85714286,-2.220446049250313e-14,-4.624277456647419,5.54656015496023,-2.042081262355562,71.54285714285714,56.435103481469596,1.0,1.0,124096.25,34934.0,21.236086879874527,0.2964548327582202,3.1610590671430074,0.7,0.0
2016-08-29,,,,1205.2,1208.5,1190.0,1102.4,1182.544068379606,34.142857142857146,45.0,26.700625964631627,30.368115387196067,-3.66748942256444,1238.7269513664794,1141.2730486335206,1190.0,97.4539027329588,-48.958333333333336,54.714125253311565,66.70131182211102,30.739752115712633,18.471622822362452,23.430962343096233,21.966527196652716,35.177556350038955,0.0,1234.0,1222.0,1155.0,0,0,376783.4,8615372,1195.2117329213547,0.13636363636363635,0.8636363636363636,0.7954545454545454,16635613.636363637,-2.864157119476296,-4.624277456647419,2.3737951335250234,-2.6309328968903487,71.54285714285714,55.812552744361525,0.0,0.95,128623.6,-5400.0,-2.7076219558055947,0.3077572476615879,3.3211407806217443,0.6,0.0
2016-08-30,,,,1195.8,1204.8,1190.9,1105.1833333333334,1181.8255856767864,33.142857142857146,46.15384615384615,22.933969337001372,28.88128617715713,-5.947316840155757,1237.6868627534843,1144.1131372465159,1190.9,93.57372550696846,-61.458333333333336,40.88784820809006,58.0968239507707,6.469896722728791,-25.68084922413184,20.68965517241379,25.86206896551724,31.619047675251213,3.8833506918613288,1234.0,1222.0,1155.0,0,0,391932.3,8009292,1195.5647107506406,0.32142857142857145,0.6785714285714286,0.42857142857142855,21645714.285714287,-3.846153846153877,-4.624277456647419,0.8626945739361335,-2.6309328968903487,71.54285714285714,54.47811321462747,0.0,0.9,133061.35,-747.0,-0.38497812272917376,0.3131090413437536,3.453613453328601,0.7,0.0
2016-08-31,,,,1190.6,1200.9,1191.25,1107.6166666666666,1180.127910850426,32.5,48.86877828054299,18.84403643117139,26.873836227959984,-8.029799796788595,1237.0636959526264,1145.4363040473736,1191.25,91.62739190525281,-72.91666666666667,30.288868502363076,48.82750546796816,-6.788405428847085,-51.32969281473824,21.0989010989011,22.857142857142858,28.472479957254926,13.020646437417415,1234.0,1222.0,1155.0,0,0,407808.9,7505193,1194.824793630873,0.25925925925925924,0.7407407407407407,0.4074074074074074,18670333.333333332,-4.746317512274989,-4.746317512274989,0.41172475519234675,-2.6309328968903487,71.54285714285714,53.276222767277446,0.0,0.85,136449.85,-18465.0,-9.553003259351234,0.3091894237647324,3.376283589702665,0.7,0.0
2016-09-01,,,,1182.6,1196.6,1191.7,1110.05,1178.6871574360996,31.142857142857142,52.40384615384616,15.504698269268374,24.600008636221663,-9.095310366953289,1236.2142200815792,1147.1857799184208,1191.7,89.0284401631584,-85.18518518518519,25.130850606513654,40.92862051414999,-6.464689208759026,-65.01655806228943,22.01834862385321,19.724770642201836,26.387986110088264,24.91816693944356,1153.0,1222.0,1155.0,0,0,413786.55,7953474,1194.7189333083284,0.6,0.4,0.05,22414050.0,-4.66448445171852,-4.746317512274989,0.4933268797583886,-2.6309328968903487,71.54285714285714,52.354111405835546,0.0,0.8,140065.4,-270.0,-0.1544401544401497,0.30129958612137486,3.197325267661518,0.4,0.0
2016-09-02,,,,1176.4,1194.3,1192.85,1112.9,1179.859809108852,32.285714285714285,54.166666666666664,14.785790042486497,22.63716491747463,-7.851374874988135,1235.952204119947,1149.7477958800528,1192.85,86.20440823989429,-53.08641975308642,32.99321664365867,38.283485890652884,22.412678149670242,-14.54399621801417,27.212389380530976,19.026548672566374,25.252042674748797,30.85106382978723,1153.0,1222.0,1155.0,0,0,432823.15,8539375,1194.9810078319517,0.6444444444444445,0.35555555555555557,0.5777777777777777,13020022.222222222,-2.536824877250432,-4.746317512274989,1.0232151365031608,-2.6309328968903487,71.54285714285714,52.354111405835546,0.0,0.75,142901.5,-8284.0,-4.745782131706344,0.29354553663494615,3.1766524771157076,0.1,-1.0
2016-09-05,,,,1176.6,1190.9,1193.45,1115.65,1180.6350653841994,30.642857142857142,43.33333333333333,13.814727585122,20.872677451004108,-7.057949865882108,1235.8936468495856,1151.0063531504145,1193.45,84.8872936991711,-56.79012345679013,36.95274271970407,37.83990483366995,35.178418491772305,2.351395074120447,22.144522144522146,20.04662004662005,22.81451634115633,0.0,1234.0,1222.0,1155.0,0,0,459841.15,7752897,1195.6583298384671,0.20588235294117646,0.7941176470588235,0.08823529411764706,23131705.88235294,-2.782324058919816,-4.746317512274989,0.5958462798169816,-2.6309328968903487,71.54285714285714,52.00302239318588,0.0,0.7,146370.8,3788.0,2.278208466900411,0.2810201591953936,3.347138438771657,-0.2,0.0
2016-09-06,,,,1182.4,1189.1,1193.1,1118.9,1182.8602972523709,31.285714285714285,50.26737967914438,14.172844148894683,19.532710790582225,-5.3598666416875425,1235.0468335169992,1151.1531664830006,1193.1,83.89366703399855,-37.03703703703704,46.43003360800784,40.70328109178258,57.883538640458355,6.057176181756116,21.461187214611872,20.547945205479454,20.047717922184,22.09751033280446,1153.0,1222.0,1155.0,0,0,476099.0,8332081,1195.6255339400698,0.9,0.1,0.5333333333333333,19306133.333333336,-1.4729950900163935,-4.746317512274989,-0.16140617667672152,-2.6309328968903487,71.00213219616205,51.21077594384368,0.0,0.7,148902.4,-9090.0,-5.345203723413638,0.27097824133876003,3.439640357607373,-0.4,1.0
2016-09-07,,,,1185.8,1188.2,1192.5,1121.7,1182.6831260854783,30.928571428571427,43.41463414634146,12.457148076079648,18.117598247681713,-5.660450171602065,1234.7947054045865,1150.2052945954135,1192.5,84.58941080917293,-65.4320987654321,42.91916770448386,41.441909962683006,45.873683188085565,-12.28403863906802,19.399538106235568,19.861431870669747,16.61443551831336,0.3130688023298305,1234.0,1222.0,1155.0,0,0,492583.3,7689485,1194.9580052416177,0.15625,0.84375,0.71875,20081125.0,-3.3551554828150865,-4.746317512274989,-0.36375258809366634,-2.6309328968903487,69.65355703235647,50.43442831678126,0.0,0.65,152330.15,-8010.0,-4.9761134131416584,0.24541888262226816,3.7031704531335983,-0.4,0.0
2016-09-08,,,,1186.0,1184.3,1192.35,1124.6666666666667,1181.0942569344804,30.642857142857142,38.785046728971956,9.774398753206697,16.44895834878671,-6.674559595580014,1235.015282324005,1149.6847176759948,1192.35,85.3305646480103,-83.95061728395062,34.63129698817443,39.17170563784681,25.550479688829654,-58.095554043966956,19.58041958041958,22.843822843822846,14.120407806894345,0.0,1234.0,1222.0,1155.0,0,0,511011.85,7071200,1193.9559470750694,0.19047619047619047,0.8095238095238095,0.7142857142857143,29442142.85714286,-4.5826513911620514,-4.746317512274989,-0.005983933781002105,-2.6309328968903487,69.65355703235647,49.9876593994241,0.0,0.6,156431.1,-220.0,-0.14382939219006463,0.20509993328757978,3.999139992728074,-0.2,0.0
2016-09-09,,,,1181.4,1178.9,1193.0,1127.5333333333333,1179.8471848454822,30.214285714285715,37.01923076923077,7.720684625563081,14.703303604141984,-6.982618978578904,1233.6163047374316,1152.3836952625684,1193.0,81.23260947486324,-80.76923076923077,31.152047454481878,36.49848624339184,20.45916987666196,-72.8997144280059,16.075650118203306,25.059101654846334,13.027280900959559,0.0,1153.0,1222.0,1164.0,0,0,534476.05,7709548,1192.8961647579906,0.6086956521739131,0.391304347826087,0.08695652173913043,27754260.869565215,-4.418985270049136,-4.746317512274989,0.6812801438008976,-2.6309328968903487,69.65355703235647,48.62291962014255,0.0,0.55,161447.95,104.0,0.06809000975520618,0.1292034468686684,4.129684672965265,0.1,0.0
2016-09-12,,,,1170.8,1173.7,1191.1,1129.8666666666666,1175.5760243840077,32.0,31.95020746887967,3.391185697915489,12.440880022896687,-9.049694324981198,1238.623512186326,1143.5764878136738,1191.1,95.04702437265223,-97.95918367346938,21.581039766402554,31.52600408439541,1.691111130416843,-106.90348862149737,15.178571428571427,28.348214285714285,12.535391837641924,0.0,1231.0,1222.0,1135.0,0,1,555117.75,7065662,1190.720326513309,0.046511627906976744,0.9534883720930233,0.7674418604651163,14974093.023255816,-7.119476268412472,-7.119476268412472,-1.442790735788682,-2.8272831984395648,69.65355703235647,47.51329738454202,0.0,0.5,163933.65,5058.0,3.309278148165107,0.10206953728327653,4.020294031688816,0.1,-1.0
2016-09-13,,,,1151.0,1166.7,1185.75,1131.3166666666666,1168.8544982521973,32.0,32.21757322175732,-2.432680250502699,9.46616796821681,-11.89884821871951,1245.8056759226292,1125.6943240773708,1185.75,120.11135184525847,-100.0,14.38735984426837,25.81312267101973,-8.464165809234352,-133.6479721325634,15.178571428571427,29.24107142857143,13.03686400177522,0.9675552240782938,1231.0,1222.0,1105.0,0,1,555675.3,6564841,1187.077766878127,0.0,1.0,0.8108108108108109,13535702.702702703,-9.574468085106414,-9.574468085106414,-4.6377927568938,-2.8272831984395648,69.65355703235647,46.837606837606835,0.0,0.45,165513.15,18830.0,11.925193633985852,0.0987955835478314,3.867433024495108,0.0,0.0
2016-09-14,,,,1135.0,1160.4,1180.65,1132.7333333333333,1162.3921650853215,31.142857142857142,27.192982456140356,-7.28690365452826,6.115553643667797,-13.402457298196056,1250.982368830153,1110.3176311698471,1180.65,140.66473766030595,-94.20289855072464,11.777365579239024,21.1345369737595,-6.936977209801924,-125.90390669859289,15.596330275229356,30.04587155963303,14.026154878861238,0.0,1231.0,1222.0,1101.0,0,1,558871.0,6186658,1183.5883841411226,0.47058823529411764,0.5294117647058824,0.23529411764705882,22246058.82352941,-9.901800327332266,-9.901800327332266,-4.445772671987634,-2.8272831984395648,69.65355703235647,46.14046822742475,0.0,0.4,166775.3,-15015.0,-8.495962790908218,0.08935646508624953,3.494925629361738,0.0,0.0
2016-09-19,,,,1124.6,1155.3,1175.95,1134.3166666666666,1157.783387458148,30.357142857142858,25.89285714285714,-9.969991465037765,2.898444621926685,-12.86843608696445,1250.9923739945261,1100.907626005474,1175.95,150.08474798905218,-84.0909090909091,13.589281970858803,18.6194519727926,3.528941966991205,-96.29996458537336,12.23529411764706,30.823529411764707,15.437950849429443,0.0,1093.0,1222.0,1101.0,0,0,547141.5,6378132,1181.1958534187836,0.7916666666666666,0.20833333333333334,0.5416666666666666,7978083.333333333,-8.837970540098217,-9.901800327332266,-3.9699510882469498,-2.8272831984395648,69.65355703235647,45.92307692307693,0.0,0.35,167457.4,-1596.0,-0.9869153330530067,0.08492403534427181,2.9244919939103076,-0.2,0.0
2016-09-20,,,,1116.6,1149.0,1171.65,1136.2833333333333,1154.9468743668956,30.285714285714285,35.467980295566505,-10.841698536348304,0.1504159902716875,-10.992114526619991,1247.3649084950812,1095.935091504919,1171.65,151.42981699016218,-70.16129032258064,19.60083185521641,18.946578600267202,20.90933836511482,-74.7229700679409,15.80188679245283,28.30188679245283,17.231982244978866,33.8656987295826,1091.0,1222.0,1101.0,0,0,574968.65,7337262,1174.94699571881,0.8604651162790697,0.13953488372093023,0.32558139534883723,22305348.837209303,-7.69230769230772,-9.901800327332266,-3.514863559364694,-2.8272831984395648,69.65355703235647,44.793774319066145,0.0,0.3,168641.25,19233.0,12.011616287784154,0.0840495166630575,3.1587374449878824,-0.2,0.0
2016-09-21,,,,1115.8,1143.3,1167.1,1137.6166666666666,1152.6662196652865,29.5,38.65979381443299,-11.161791557616198,-2.11202551930589,-9.049766038310308,1240.9901033184992,1093.2098966815006,1167.1,147.78020663699863,-67.74193548387096,24.463232632822333,20.78546327778558,31.818771342895843,-49.50958308856663,18.159806295399513,25.423728813559322,17.628807641804265,45.15463917525774,1091.0,1222.0,1101.0,0,0,582792.7,7978409,1170.7340808318293,0.35294117647058826,0.6470588235294118,0.17647058823529413,37714529.4117647,-7.446808510638325,-9.901800327332266,-3.7347379338417235,-2.8272831984395648,69.65355703235647,43.85802410553288,0.0,0.25,169568.0,2265.0,1.2628726589463346,0.08489736550919812,3.0492199110586125,0.2,0.0
2016-09-22,,,,1118.2,1134.6,1161.85,1138.7833333333333,1149.269436840021,30.142857142857142,38.07106598984771,-12.40218590125778,-4.170057595696268,-8.232128305561513,1234.2211922914194,1089.4788077085805,1161.85,144.7423845828389,-79.03225806451613,25.72911161028735,22.433346055286172,32.32064272028971,-54.12127477883081,19.194312796208532,25.829383886255926,18.395724935037347,43.07240181672454,1215.0,1222.0,1101.0,0,0,600586.75,7215651,1166.1357064848112,0.1388888888888889,0.8611111111111112,0.3888888888888889,21187722.222222224,-8.59247135842882,-9.901800327332266,-4.328832090096721,-2.8272831984395648,69.65355703235647,43.39837398373984,0.0,0.2,170200.25,-4461.0,-2.4562543360239664,0.08483974491695725,3.3435687649356725,0.5,0.0
2016-09-23,,,,1121.8,1128.4,1158.3,1140.0333333333333,1146.3866333314477,29.928571428571427,38.383838383838395,-13.073125220050997,-5.950671120567215,-7.122454099483782,1231.8136220817362,1084.7863779182637,1158.3,147.02724416347246,-77.41935483870968,28.005454251819476,24.290715454130606,35.43493184719722,-59.49374842694704,19.331742243436754,26.014319809069214,19.05589183580575,44.17862838915475,1091.0,1222.0,1101.0,0,0,600869.5,7721376,1162.6034463667513,0.6470588235294118,0.35294117647058826,0.11764705882352941,29748529.411764707,-8.428805237315906,-9.901800327332266,-3.0961550581594155,-2.8272831984395648,69.65355703235647,43.31782945736434,0.0,0.15,171295.45,-2331.0,-1.3157820464333891,0.08103020594338094,3.4544029011127053,0.3,0.0
2016-09-26,,,,1123.2,1123.9,1154.1,1140.6333333333334,1143.9688587284527,28.857142857142858,29.885057471264375,-13.290264284973773,-7.418589753448527,-5.8716745315252465,1225.9592190913484,1082.2407809086515,1154.1,143.7184381826969,-75.80645161290323,30.43500871689926,26.338813208386824,38.627399733924136,-50.860072669361315,13.861386138613861,27.97029702970297,20.200496219276534,16.378578585340087,1091.0,1222.0,1101.0,0,0,597779.05,8229229,1159.1882781773634,0.5666666666666667,0.43333333333333335,0.06666666666666667,16928433.333333336,-8.265139116202958,-9.901800327332266,-3.7598439265138834,-2.8272831984395648,69.65355703235647,42.36166050858509,0.0,0.1,170775.05,-20731.0,-11.858076029881136,0.08394555006891333,3.8743825100819578,0.3,0.0
2016-09-27,,,,1122.0,1119.3,1149.1,1140.8333333333333,1141.8765864686002,27.857142857142858,30.813953488372093,-13.229159400967546,-8.58070368295233,-4.6484557180152155,1214.7109746917188,1083.489025308281,1149.1,131.22194938343773,-73.5042735042735,38.41866078202641,30.365429066266685,54.52512421354585,-46.459072631084084,12.307692307692307,28.97435897435897,22.72908872762265,20.189508689611202,1091.0,1204.0,1101.0,0,0,583810.1,8673235,1154.157729171409,0.65,0.35,0.05,22200300.0,-6.810631229235908,-9.901800327332266,-4.639714291093661,-2.8272831984395648,69.31047360380241,38.75999614606416,0.0,0.05,168134.1,-7477.0,-4.852201563970282,0.08103860295177585,3.4105017895902465,0.0,0.0
2016-09-28,,,,1119.4,1117.6,1145.65,1140.85,1139.6026258525428,27.5,23.125,-13.349613871891734,-9.53448572074021,-3.815128151151523,1210.1163110714058,1081.1836889285944,1145.65,128.9326221428114,-76.92307692307692,41.40191420556147,34.044257446031615,56.11722772462117,-46.42099313471378,12.467532467532466,29.610389610389607,25.48386213456997,0.0,1208.0,1204.0,1101.0,0,0,570942.8,8198614,1149.8242876227414,0.56,0.44,0.16,18984840.0,-7.142857142857162,-9.901800327332266,-3.5450285932074284,-2.6522803391467002,68.4789390118614,38.60460272831407,0.0,0.05,165291.55,-9432.0,-6.433043691770446,0.08388267156692675,3.3964006934496367,-0.1,0.0
2016-09-29,,,,1119.8,1119.0,1142.85,1140.8166666666666,1137.6404710094437,26.714285714285715,27.53623188405797,-13.21208260128401,-10.270005096848971,-2.942077504435039,1206.8114192923522,1078.8885807076476,1142.85,127.92283858470455,-69.56521739130434,43.97554514288893,37.35468667831739,57.217262072032014,-33.79222363574287,14.171122994652405,30.213903743315505,27.981584114928378,28.168701922817032,1091.0,1204.0,1101.0,0,0,558320.2,8552242,1147.4168467306038,0.23809523809523808,0.7619047619047619,0.047619047619047616,16839428.57142857,-7.0598006644518545,-9.901800327332266,-2.8940794986721152,-2.6522803391467002,66.85258801704279,38.32128390504026,0.0,0.05,161764.2,-14443.0,-10.528042220051603,0.09439574392068519,3.1114998828077836,-0.3,0.0
2016-09-30,,,,1109.6,1115.7,1138.05,1140.4833333333333,1131.0080451990204,29.642857142857142,21.839080459770116,-17.022141205779008,-11.620432318634979,-5.401708887144029,1209.319614105411,1066.780385894589,1138.05,142.53922821082188,-95.6140350877193,31.27781440898478,35.329062588539855,23.175318049874633,-80.82674325420682,12.771084337349397,36.14457831325301,30.845222939158337,0.0,1177.0,1204.0,1068.0,0,1,555564.1,8103265,1143.9592754463436,0.08064516129032258,0.9193548387096774,0.8225806451612904,7241564.516129032,-11.295681063122952,-11.295681063122952,-4.107476538862762,-2.911957379999263,66.497461928934,37.93511366144339,1.0,0.05,159402.4,4846.0,3.9480866525993363,0.1049350825700048,3.2367395901165756,-0.4,-1.0
2016-10-10,,,,1099.4,1111.3,1133.3,1140.1666666666667,1125.197755180066,36.214285714285715,21.839080459770116,-19.653701181314545,-13.227086091170893,-6.4266150901436525,1209.4994612496318,1057.100538750368,1133.3,152.3989224992638,-86.88524590163935,25.48955743207681,32.04922753638551,12.37021722345942,-56.41076174923404,19.13214990138067,29.783037475345168,30.840588159773834,0.0,1054.0,1204.0,1068.0,0,0,540846.35,8257191,1142.4838023158827,0.1391304347826087,0.8608695652173913,0.017391304347826087,1338486.956521739,-11.129568106312338,-11.295681063122952,-4.052967086708681,-2.911957379999263,66.21287821255845,37.31688963210703,1.0,0.05,157634.45,11607.0,9.097179223914287,0.10726528623371269,2.798761254768963,-0.1,-1.0
2016-10-11,,,,1090.6,1106.3,1127.65,1140.6,1120.7027308772026,34.285714285714285,30.872483221476514,-20.853314254097995,-14.752331723756313,-6.100982530341682,1202.5823203402663,1052.717679659734,1127.65,149.86464068053237,-79.1304347826087,23.949560027181644,29.34933836665089,13.150003348243146,-80.28872181266172,20.208333333333336,27.083333333333336,29.71780492245315,53.70404079326545,1054.0,1204.0,1068.0,0,0,526822.55,8562616,1138.0610765743922,0.8125,0.1875,0.5,19089062.5,-10.465116279069807,-11.295681063122952,-5.088389131464374,-2.911957379999263,66.21287821255845,36.708980674497916,1.0,0.05,157385.05,22087.0,15.86755366533521,0.10681520772780805,2.57184175225579,0.2,0.0
2016-10-12,,,,1083.0,1101.2,1122.25,1140.9666666666667,1116.826280317469,34.214285714285715,39.6694214876033,-21.39599327973633,-16.081064034952316,-5.314929244784015,1194.384012708784,1050.115987291216,1122.25,144.26802541756797,-76.72413793103448,23.7249940411096,27.474556924803792,16.22586827372122,-75.10731060670747,21.920668058455114,23.79958246346555,27.750040464153823,100.0,1053.0,1204.0,1068.0,0,0,515248.15,9117606,1130.2908101335895,0.75,0.25,0.05555555555555555,15416388.888888888,-10.299003322259171,-11.295681063122952,-4.83808217671993,-2.911957379999263,66.21287821255845,36.708980674497916,1.0,0.05,156573.95,-7446.0,-4.616729599523817,0.10574465206455608,2.601433730434355,0.0,0.0
2016-10-13,,,,1073.2,1096.5,1115.55,1140.5,1112.366634572948,34.57142857142857,37.79527559055118,-22.375060969000288,-17.339863421761912,-5.035197547238376,1180.2191173346243,1050.8808826653756,1115.55,129.33823466924878,-85.34482758620689,20.701720165337434,25.216944671648342,11.671271152715619,-71.49351705611829,21.694214876033058,21.074380165289256,25.59225360022757,89.48900700145566,1169.0,1181.0,1068.0,0,0,508256.5,8678255,1124.1138960019857,0.22727272727272727,0.7727272727272727,0.45454545454545453,19970500.0,-9.398814563928914,-11.295681063122952,-6.2632575296445,-2.911957379999263,65.64517139813249,36.708980674497916,1.0,0.0,156436.6,4385.0,2.850419599966192,0.10566485823123183,2.5805850939743866,-0.1,0.0
2016-10-14,,,,1072.2,1090.9,1109.65,1139.95,1107.6650503279054,34.357142857142854,28.925619834710744,-23.445554902537424,-18.561001717917016,-4.884553184620408,1170.6013179340043,1048.6986820659959,1109.65,121.90263586800847,-91.37931034482759,16.674709995282427,22.369533112859706,5.285063760127869,-78.75511118734217,19.95841995841996,22.453222453222455,22.928893174089904,39.74427277570592,1169.0,1168.0,1063.0,0,1,495915.4,8282481,1117.6874547217799,0.19047619047619047,0.8095238095238095,0.3333333333333333,18846380.952380955,-8.989726027397282,-11.295681063122952,-5.713598710649021,-2.911957379999263,65.64517139813249,34.81789888080467,1.0,0.0,156585.8,-2279.0,-1.4403812364904955,0.10543909654631707,2.3843867463651724,0.2,0.0
2016-10-17,,,,1076.2,1087.8,1105.85,1139.7666666666667,1105.9826645823905,33.857142857142854,35.82089552238806,-21.86322901112021,-19.221447176557653,-2.6417818345625577,1161.2310721988304,1050.4689278011695,1105.85,110.7621443976609,-68.10344827586206,21.748657238234262,22.162574487984557,20.920822738733676,-51.43667920562958,20.253164556962027,21.940928270042196,21.190161317710988,78.41585890473048,1053.0,1168.0,1063.0,0,0,491938.75,8821233,1112.388419764317,0.8611111111111112,0.1388888888888889,0.75,14965333.333333334,-6.678082191780854,-11.295681063122952,-3.2775961446264286,-2.911957379999263,64.24521803634822,34.81789888080467,1.0,0.0,157124.4,7568.0,4.853055283020069,0.10535483380632206,2.822201863286826,0.2,0.0
2016-10-18,,,,1078.6,1084.6,1101.95,1139.6833333333334,1104.4605060507342,33.785714285714285,34.35114503816794,-20.37436138666385,-19.452030018578892,-0.9223313680849579,1149.3074314737066,1054.5925685262935,1101.95,94.71486294741317,-68.10344827586206,25.131288733535484,23.152145903168197,29.08957439427006,-32.05940596394079,19.23890063424947,21.987315010570825,20.475875603425273,70.17288429237824,1169.0,1135.0,1063.0,0,0,476165.4,8821233,1108.0134249569583,0.5,0.5,0.0,20180062.5,-3.9647577092511432,-11.295681063122952,-3.3693182820120997,-2.911957379999263,64.24521803634822,33.92443067488582,1.0,0.0,157056.05,-12035.0,-7.360361076624811,0.10553704529651671,2.8697707476000653,0.0,0.0
2016-10-19,,,,1081.2,1082.1,1099.85,1140.3333333333333,1103.3690292839976,33.642857142857146,39.99999999999999,-18.73636696423614,-19.30889740771034,0.5725304434742,1144.6948788368536,1055.0051211631462,1099.85,89.68975767370739,-65.51724137931035,28.248445362586878,24.85091238964109,35.04351130847846,-10.910105723364694,22.08067940552017,19.320594479830145,19.89943450066838,100.0,1053.0,1131.0,1063.0,0,0,469171.4,9325239,1104.7138180204506,0.29411764705882354,0.7058823529411765,0.08823529411764706,14823705.88235294,-3.359858532272364,-11.295681063122952,-1.936826729903424,-2.738895253392541,64.24521803634822,33.92443067488582,1.0,0.0,155743.5,-19826.0,-13.08854207927328,0.11247594854143524,2.91391647171539,0.0,0.0
2016-10-20,,,,1089.2,1081.2,1100.1,1140.8833333333334,1104.0005503045693,34.42857142857143,46.666666666666664,-15.883392793225767,-18.623796484813425,2.740403691587659,1145.1211646134932,1055.0788353865066,1100.1,90.04232922698657,-50.86206896551724,35.21160725321884,28.304477344167005,49.02586707132251,4.712253365764514,21.576763485477176,18.04979253112033,19.482554604593112,100.0,1053.0,1131.0,1063.0,0,0,462632.35,9695279,1103.9755478981674,0.8571428571428571,0.14285714285714285,0.6071428571428571,13215714.285714285,-1.8567639257294988,-11.295681063122952,0.3645270839718807,-1.403832523828826,64.24521803634822,33.92443067488582,1.0,0.05,153830.2,6815.0,5.1766046334979166,0.11175411652837478,2.8930451416034857,0.4,1.0
2016-10-21,,,,1101.6,1086.9,1101.3,1141.7333333333333,1106.0004978946104,33.642857142857146,51.35135135135135,-12.27056809749729,-17.3531508073502,5.082582709852911,1147.6810306051661,1054.9189693948338,1101.3,92.76206121033238,-37.93103448275862,56.35111716424634,37.65335728419345,93.74663692435212,41.355580772326476,22.717622080679405,17.62208067940552,17.975680911484602,100.0,1053.0,1131.0,1063.0,0,0,468327.35,10187362,1104.8890697927422,0.9473684210526315,0.05263157894736842,0.7894736842105263,25899105.263157893,-0.5305039787798838,-11.295681063122952,1.3195942280757456,-1.403832523828826,64.24521803634822,33.92443067488582,1.0,0.1,152511.1,-3131.0,-2.261221247246592,0.11515475458160854,3.1126697864733797,0.2,1.0
2016-10-24,,,,1108.2,1092.2,1101.75,1142.4333333333334,1107.6194980951236,33.285714285714285,50.33557046979865,-9.459716064120357,-15.774463858704234,6.314747794583877,1148.8193776864198,1054.6806223135802,1101.75,94.13875537283957,-39.6551724137931,68.678522553942,47.9950790407763,110.04540958027341,43.93490475476263,23.390557939914164,17.811158798283262,16.05918061571412,96.55810667608615,1169.0,1131.0,1063.0,0,0,472684.3,9908749,1105.283690968087,0.6666666666666666,0.3333333333333333,0.13333333333333333,18574200.0,-0.7073386383731672,-11.295681063122952,0.5653008660465,-1.403832523828826,64.24521803634822,33.92443067488582,1.0,0.15,151204.95,-1337.0,-0.987926167851394,0.11860841899842244,2.8695398768491533,0.1,1.0
2016-10-25,,,,1117.2,1097.9,1102.1,1143.7,1110.227164943207,33.0,55.4140127388535,-6.192413575701266,-13.858053802103642,7.665640226402376,1150.086401582526,1054.113598417474,1102.1,95.97280316505203,-29.310344827586206,77.8531922511512,57.947783444234595,117.66400986498441,61.314993039955176,25.757575757575758,16.883116883116884,14.63571218716955,100.0,1053.0,1135.0,1063.0,1,0,445554.95,10325292,1105.1062181368798,0.8571428571428571,0.14285714285714285,0.5714285714285714,19835380.952380955,0.0,-11.295681063122952,0.4606672547958871,-1.403832523828826,64.24521803634822,33.92443067488582,1.0,0.2,149164.5,4547.0,3.393359552825803,0.11297564444047899,3.044541903219863,0.3,1.0
2016-10-26,,,,1124.8,1103.0,1102.1,1144.3833333333334,1112.2055301867113,33.42857142857143,53.75,-3.881080702145482,-11.86265918211201,7.981578479966528,1150.086401582526,1054.113598417474,1102.1,95.97280316505203,-32.758620689655174,79.48833506398586,65.12796731748502,108.20907055698754,66.1724518628836,25.85470085470085,16.666666666666664,13.597388036294694,95.04388355865679,1169.0,1135.0,1063.0,0,0,430548.0,9984284,1104.1191848527922,0.4444444444444444,0.5555555555555556,0.14814814814814814,12629925.925925925,-0.35242290748900285,-11.295681063122952,0.10598108704312187,-1.403832523828826,64.24521803634822,33.92443067488582,1.0,0.25,146378.25,-12651.0,-9.131395080263305,0.10777657300149361,2.820608839004035,0.5,1.0
2016-10-27,,,,1124.0,1106.6,1101.55,1144.5166666666667,1111.6145273117863,31.285714285714285,64.17910447761194,-4.020280522554458,-10.2941834502005,6.273902927646041,1149.0671991022584,1054.0328008977415,1101.55,95.03439820451695,-54.310344827586206,70.99988621123961,67.08527361540321,78.82911140291242,26.295527059049313,27.625570776255707,10.045662100456621,13.517631995947522,100.0,1169.0,1135.0,1063.0,0,0,406828.85,9695909,1102.4494244528953,0.125,0.875,0.78125,9011718.75,-2.555066079295165,-11.295681063122952,-0.4317967403185088,-2.3277936202037113,64.42970333517597,33.92443067488582,1.0,0.3,143760.15,-1098.0,-0.8721692230703848,0.1023103584241519,2.7482779180233057,0.4,0.0
2016-10-28,,,,1123.0,1112.3,1101.6,1144.75,1112.4131437582828,25.285714285714285,67.12328767123287,-2.9667159314496985,-8.82868994645034,5.861974015000641,1149.1965500739782,1054.0034499260216,1101.6,95.19310014795656,-27.956989247311828,67.12492414082641,67.09849045721094,67.17779150805734,29.05614912194517,21.751412429378533,11.299435028248588,14.221184715629274,100.0,1053.0,1135.0,1063.0,0,0,390799.3,9881043,1101.7836573231664,0.7419354838709677,0.25806451612903225,0.45161290322580644,5972064.516129032,-1.3215859030836996,-11.295681063122952,0.16087037057897371,-2.3277936202037113,65.64517139813249,33.92443067488582,1.0,0.35,141315.2,1132.0,0.9070876237028624,0.0938737844799019,2.315099089199552,0.7,0.0
2016-10-31,,,,1121.6,1114.9,1101.35,1145.1666666666667,1112.7547491146368,25.642857142857142,63.38028169014085,-2.426553178516542,-7.548262592863581,5.1217094143470385,1148.568528923311,1054.1314710766887,1101.35,94.43705784662234,-32.25806451612903,62.21026688753506,65.46908260065231,55.69263546130057,31.348354375351484,21.448467966573816,11.142061281337048,15.441648050630052,90.20095677801248,1146.0,1135.0,1063.0,0,0,376078.25,9667611,1100.9701482337784,0.5238095238095238,0.47619047619047616,0.19047619047619047,10163428.57142857,-1.6740088105726914,-11.295681063122952,-0.12707251250938306,-2.3277936202037113,65.64517139813249,33.92443067488582,1.0,0.4,140106.1,3986.0,3.1653259428081393,0.09379406872814341,2.2278262974190026,0.4,0.0
2016-11-01,,,,1126.6,1121.9,1103.25,1146.5166666666667,1117.2542968180046,26.785714285714285,71.73913043478261,1.5342757951893873,-5.731754915252988,7.266030710442375,1156.6240524382547,1049.8759475617453,1103.25,106.74810487650939,-0.0,74.80684459169004,68.58166993099823,87.25719391307365,86.98483869962601,27.466666666666665,7.466666666666667,19.237528004619385,100.0,1059.0,1160.0,1063.0,1,0,369441.45,9978881,1101.5831691778674,1.0,0.0,0.8461538461538461,5985961.538461538,0.0,-11.295681063122952,1.6662577139766057,-2.3277936202037113,66.497461928934,33.92443067488582,2.0,0.45,140047.0,15523.0,11.948765712438325,0.09363228971107285,2.054562018228978,0.4,0.0
2016-11-02,,,,1136.6,1130.7,1106.4,1147.35,1123.3253161686707,28.214285714285715,78.46153846153845,6.295218429344004,-3.3263602463335893,9.621578675677593,1169.9126178926383,1042.8873821073619,1106.4,127.02523578527644,-14.685314685314685,76.53789639446002,71.23374541881883,87.14619834574242,133.07141529423043,36.708860759493675,7.0886075949367084,23.96472675041577,100.0,1059.0,1181.0,1063.0,1,0,364276.15,10350196,1104.7113409245521,0.43243243243243246,0.5675675675675675,0.5675675675675675,10035540.54054054,0.0,-11.295681063122952,2.615549306291419,-2.3277936202037113,66.62262707739377,33.92443067488582,2.0,0.5,139293.75,-23315.0,-16.03110646607443,0.09839085453987084,2.1209294165715193,0.2,1.0
2016-11-03,,,,1155.6,1139.8,1110.5,1148.0833333333333,1130.7229051049878,29.285714285714285,83.17307692307692,11.54900290420187,-0.3512876162264975,11.900290520428367,1186.7475193729188,1034.2524806270812,1110.5,152.49503874583752,-8.387096774193548,80.65489389260297,74.37412824341354,93.21642519098185,124.7689159966226,38.292682926829265,5.365853658536586,28.93162971271801,100.00000000000001,1059.0,1201.0,1063.0,1,0,369423.45,10806770,1109.5961795783853,0.6388888888888888,0.3611111111111111,0.5555555555555556,12682611.111111112,0.0,-11.295681063122952,3.2906300686045955,-2.3277936202037113,67.55909525326537,33.92443067488582,2.0,0.55,140852.25,31792.0,26.033196583716144,0.09580774779889117,2.252059893734695,0.3,0.0
2016-11-04,,,,1170.4,1146.7,1116.8,1148.7,1136.749295094989,28.5,77.65957446808511,14.975198684740917,2.7140096439669854,12.261189040773932,1198.8618508712684,1034.7381491287315,1116.8,164.12370174253692,-15.151515151515152,81.40525689706296,76.71783779463001,90.78009510192885,100.97935258723231,35.58897243107769,5.513784461152882,33.87239626324066,88.70691461372496,1214.0,1201.0,1063.0,0,0,366010.9,10426044,1115.5261825991156,0.44,0.56,0.28,15229040.0,-0.5828476269775229,-11.129568106312338,6.536150883498376,-0.9901512918754334,69.31047360380241,33.92443067488582,1.0,0.6,141954.2,-4285.0,-2.784040334474669,0.0933564326155312,2.4669227792877066,0.2,0.0
2016-11-07,,,,1196.0,1158.8,1125.5,1150.1666666666667,1146.9636479430853,31.0,82.3529411764706,21.477486561975184,6.466705027568626,15.010781534406558,1222.250356996471,1028.749643003529,1125.5,193.5007139929421,-0.0,87.60350459804198,80.34639339576734,102.11772700259127,113.6843197970375,40.32258064516129,5.0691244239631335,38.94370397414228,98.10035372723702,1083.0,1244.0,1063.0,1,0,381375.4,10887260,1122.627132478917,1.0,0.0,0.9803921568627451,9043450.980392158,0.0,-10.465116279069807,7.645610117751158,-0.9901512918754334,69.65355703235647,33.92443067488582,2.0,0.65,143359.0,17664.0,11.805277087176202,0.10034448168452645,2.6897363457768564,0.6,0.0
2016-11-08,,,,1209.8,1168.2,1133.05,1151.1833333333334,1154.7766338532676,36.285714285714285,77.2,25.130532772777315,10.199470576610365,14.93106219616695,1237.4570475540063,1028.6429524459936,1133.05,208.81409510801268,-37.00440528634361,78.77270676906502,79.82183118686656,76.67445793346195,112.27373610506962,44.29133858267717,4.330708661417323,44.33795884208136,83.63827919227394,1313.0,1244.0,1063.0,0,0,399578.55,10217772,1135.0468987053152,0.2222222222222222,0.7777777777777778,0.1388888888888889,6198962.962962963,-1.205787781350487,-10.299003322259171,6.431455142930203,-1.2560200545287625,69.65355703235647,33.92443067488582,2.0,0.7,141399.65,-45196.0,-27.016235085957486,0.10243200562150939,3.358343886482956,0.5,1.0
2016-11-09,,,,1224.6,1180.6,1141.8,1152.5,1164.3217163434329,39.285714285714285,77.99227799227799,29.780292251066385,14.11563491150157,15.664657339564815,1256.328966687574,1027.271033312426,1141.8,229.05793337514797,-26.85185185185185,76.89785389542607,78.84717208971972,72.99921750683876,102.03451599233598,40.909090909090914,4.0,49.572652503338816,84.22292223019355,1097.0,1255.0,1063.0,1,0,398498.8,10751167,1147.5489170439994,0.42857142857142855,0.5714285714285714,0.37142857142857144,7619928.571428572,0.0,-9.398814563928914,7.242057476908809,-1.2560200545287625,69.65355703235647,33.92443067488582,2.0,0.75,140318.55,10119.0,8.287740794129217,0.10200064952099878,3.557093935783558,0.8,0.0
2016-11-10,,,,1237.4,1196.5,1151.55,1153.4,1173.9101243107248,41.92857142857143,77.55905511811024,33.881610449143864,18.06883001903003,15.812780430113833,1273.3150455417585,1029.7849544582414,1151.55,243.53009108351716,-22.22222222222222,76.90626157130968,78.20020191691637,74.3183808800963,91.74855837671603,36.28620102214651,3.7478705281090288,54.47586798886113,82.90362938198611,1097.0,1265.0,1063.0,1,0,402392.15,11268385,1158.9839274531903,0.5535714285714286,0.44642857142857145,0.17857142857142858,9236035.714285715,0.0,-8.989726027397282,8.291389238442532,-1.2560200545287625,69.65355703235647,33.92443067488582,2.0,0.8,138964.25,-1079.0,-0.8160949967855435,0.09931838195424139,3.7526323863646645,0.5,1.0
2016-11-11,,,,1259.0,1214.7,1163.5,1155.2166666666667,1186.1091600906557,44.42857142857143,80.96885813148789,39.66034567043948,22.38713314931192,17.27321252112756,1295.181433771041,1031.818566228959,1163.5,263.36286754208186,-5.963302752293578,82.51077663530147,79.63706015637807,88.25820959314828,101.08915143089746,37.942122186495176,3.5369774919614145,59.4333015436784,92.508537440351,1097.0,1302.0,1090.0,1,0,410081.5,11817946,1172.5651820430817,0.7111111111111111,0.28888888888888886,0.8222222222222222,12212466.666666668,0.0,-6.678082191780854,9.896863675092055,-1.2560200545287625,69.65355703235647,33.92443067488582,2.0,0.85,138060.85,6739.0,5.138939726695946,0.0956862255815581,4.040922963149821,0.6,1.0
2016-11-14,,,,1260.0,1228.0,1171.45,1156.55,1192.0987638915456,50.642857142857146,67.27272727272728,39.507954796293006,25.81129747870814,13.696657317584865,1303.6451906124032,1039.2548093875969,1171.45,264.39038122480633,-36.40167364016737,71.38145342938228,76.88519124737947,60.373977793387894,73.71651924064993,34.83779971791255,9.026798307475316,62.14974875716318,45.95959595959599,1336.0,1302.0,1090.0,0,0,403221.45,11416395,1183.5613654729925,0.19444444444444445,0.8055555555555556,0.49074074074074076,3718064.814814815,-4.070660522273428,-4.070660522273428,5.65647543239328,-2.3034446087838707,69.31047360380241,33.92443067488582,3.0,0.9,134498.05,-45620.0,-33.08794197642793,0.11458101732249301,4.36005667070308,0.5,0.0
2016-11-15,,,,1256.2,1233.0,1177.45,1157.4666666666667,1193.8036435209222,52.57142857142857,60.821917808219176,35.82721602257379,27.814481187481274,8.01273483509252,1304.8870432801898,1050.0129567198103,1177.45,254.8740865603795,-52.71966527196653,54.33869047190886,69.36969098888926,24.27668943794805,37.86225663967597,32.47282608695652,11.141304347826086,64.09986426572512,0.0,1336.0,1302.0,1093.0,0,0,395959.95,11238744,1188.3729322877225,0.0,1.0,0.7222222222222222,3289833.3333333335,-7.066052227342556,-7.066052227342556,4.03936020237604,-3.1699061245924565,69.31047360380241,33.92443067488582,3.0,0.95,131251.65,-5707.0,-6.186114573735846,0.13887461534054296,3.6739242544340143,0.5,0.0
2016-11-16,,,,1252.6,1238.6,1184.65,1158.5333333333333,1197.9175822332154,53.357142857142854,67.84741144414168,34.68900511982997,29.189385973951016,5.499619145878956,1308.2099577447796,1061.0900422552206,1184.65,247.11991548955893,-41.42259414225941,47.99049953029219,62.24329383602357,19.484910918829428,33.926003340696354,31.994645247657303,9.772423025435074,64.56689723275808,31.432345856516996,1097.0,1302.0,1106.0,0,0,377674.85,11377048,1195.150863633096,0.813953488372093,0.18604651162790697,0.627906976744186,3216372.093023256,-4.9923195084485394,-7.066052227342556,4.694917384497308,-3.1699061245924565,69.31047360380241,33.92443067488582,3.0,1.0,128559.9,-8733.0,-10.090354485372277,0.16950929712656088,3.2225329558206406,0.2,0.0
2016-11-17,,,,1246.4,1241.9,1190.85,1158.9,1201.3540029729093,53.0,66.01123595505618,33.16261190406385,29.984031159973583,3.1785807440902687,1311.0363027487656,1070.6636972512342,1190.85,240.37260549753137,-44.15584415584416,41.55077591063768,55.345787860894944,13.960752010123159,31.641416822891415,32.21024258760108,9.164420485175201,66.2866396691129,23.217221622244402,1336.0,1302.0,1106.0,0,0,366629.6,11227913,1200.493228906413,0.7307692307692307,0.2692307692307692,0.11538461538461539,5735961.538461538,-5.222734254992323,-7.066052227342556,4.04347503040331,-3.1699061245924565,68.13839427159242,33.92443067488582,3.0,1.0,125765.4,4760.0,6.1170725438540074,0.19030181854940995,2.794917109340955,0.1,-1.0
2016-11-18,,,,1230.4,1244.7,1195.7,1159.2166666666667,1203.3202884040606,55.285714285714285,64.56043956043956,30.631533323004305,30.11353159257973,0.5180017304245759,1312.4779719674862,1078.922028032514,1195.7,233.55594393497222,-50.0,32.675641651867906,47.78907245788593,2.4487800398318598,29.28153255414807,33.72093023255814,9.431524547803617,68.0483177780964,16.726299217901566,1336.0,1302.0,1106.0,0,0,348669.55,11095031,1206.8143707511404,0.22641509433962265,0.7735849056603774,0.22641509433962265,2507207.547169811,-6.144393241167434,-7.066052227342556,3.169378917941037,-3.1699061245924565,67.38766410701017,33.92443067488582,3.0,1.0,123014.55,-2258.0,-2.7344838026036933,0.2102184879857885,2.3286236351833467,0.0,-1.0
2016-11-21,,,,1226.6,1243.3,1201.05,1159.5833333333333,1205.8612133179597,54.42857142857143,60.670731707317074,28.937593884020316,29.87834405086785,-0.9407501668475327,1313.529191057944,1088.570808942056,1201.05,224.95838211588807,-61.98830409356725,28.748935230598505,41.44236004879012,3.362085594215273,20.519709591572155,29.79002624671916,10.498687664041995,67.37909118948248,0.0,1165.0,1302.0,1106.0,0,0,341216.75,11224588,1210.6558277595302,0.675,0.325,0.2,3238925.0,-5.529953917050678,-7.066052227342556,3.4781418917908016,-3.1699061245924565,67.15317559153175,33.92443067488582,3.0,1.0,120282.3,-965.0,-1.2014890994434535,0.2284197757948811,1.7846369977204777,-0.2,0.0
2016-11-22,,,,1241.6,1248.9,1208.55,1160.7666666666667,1213.3982406210112,55.357142857142854,64.3646408839779,31.668124592690447,30.236300159232368,1.431824433458079,1322.4797567524877,1094.6202432475122,1208.55,227.85951350497544,-32.278481012658226,39.81272298955323,40.89914769571116,37.63987357723737,51.84731027370726,29.290322580645164,10.322580645161292,65.96856821468846,16.415663084191515,1165.0,1302.0,1106.0,0,0,331081.1,11438418,1217.5706362680723,1.0,0.0,1.0576923076923077,4112115.384615385,-1.3056835637480724,-7.066052227342556,4.366712942695156,-3.1699061245924565,66.62262707739377,33.92443067488582,4.0,1.0,118077.75,15101.0,19.030396209295297,0.23459472117934077,1.8268865012618989,-0.1,0.0
2016-11-23,,,,1250.4,1251.5,1216.05,1161.75,1219.8365034190101,54.857142857142854,61.5606936416185,33.12745065113381,30.814530257612656,2.312920393521157,1328.2199368674108,1103.8800631325892,1216.05,224.3398737348216,-35.947712418300654,46.19355661990116,42.66395067044116,53.252768518821156,58.05717016726324,29.427083333333332,10.416666666666668,63.98952706377744,4.104572163494413,1336.0,1302.0,1106.0,0,0,320858.85,11301855,1223.4747739803136,0.4827586206896552,0.5172413793103449,0.13793103448275862,4709068.965517241,-1.612903225806439,-7.066052227342556,4.382229282862913,-3.1699061245924565,66.62262707739377,33.92443067488582,4.0,1.0,116515.7,199.0,0.21068679660782852,0.2412917289094816,1.759975847765837,-0.2,0.0
2016-11-24,,,,1258.4,1252.4,1224.45,1162.6166666666666,1224.9949316648185,57.214285714285715,61.5606936416185,33.33487191457357,31.31859858900484,2.0162733255687293,1326.637598382361,1122.2624016176392,1224.45,204.37519676472175,-43.35664335664335,48.70615217446147,44.67801783844793,56.76242084648857,53.55225284077793,30.337078651685395,11.485642946317103,61.982662432231336,4.104572163494413,1336.0,1302.0,1116.0,0,0,315663.45,11117388,1230.1464055573533,0.3275862068965517,0.6724137931034483,0.1206896551724138,3180465.5172413797,-2.150537634408589,-7.066052227342556,5.111876583230836,-3.1699061245924565,66.23364629829152,33.92443067488582,4.0,1.0,114962.25,-926.0,-0.9783205848793441,0.24780821876197995,1.7923951968558072,0.1,0.0
2016-11-25,,,,1269.2,1249.8,1232.25,1164.05,1229.85255722055,55.57142857142857,55.369127516778526,33.27704103077781,31.710287077359435,1.5667539534183739,1324.167296923272,1140.332703076728,1232.25,183.83459384654407,-44.776119402985074,54.69299033852987,48.01634200514191,68.0462870053058,42.51936200168385,26.606683804627252,11.825192802056556,59.18241699239199,0.0,1202.0,1302.0,1116.0,0,0,311497.8,11219209,1234.2522274100597,0.7142857142857143,0.2857142857142857,0.07142857142857142,3636464.285714286,-1.9969278033794113,-7.066052227342556,4.726102972440145,-3.1699061245924565,66.23364629829152,33.92443067488582,4.0,1.0,112643.35,-14177.0,-15.126005590764569,0.26119046800229384,1.717497039291122,-0.1,0.0
2016-11-28,,,,1283.4,1255.0,1241.5,1165.65,1236.628504151926,51.5,61.68831168831169,34.846808389276475,32.33759133974284,2.509217049533632,1320.4843422191143,1162.5156577808857,1241.5,157.9686844382286,-26.119402985074625,64.6671217641481,53.56660192481064,86.86816144282304,68.2613977126128,23.994452149791957,12.76005547850208,55.495260057965936,24.684572922428416,1202.0,1302.0,1160.0,0,0,307025.45,11343194,1239.6207971792999,0.6470588235294118,0.35294117647058826,0.49019607843137253,2431078.431372549,-0.07680491551458335,-7.066052227342556,5.52424761223314,-3.1699061245924565,66.23364629829152,33.92443067488582,4.0,1.0,110267.5,2847.0,3.578926196432386,0.2708736794631953,1.6919086611166314,0.2,0.0
2016-11-29,,,,1280.0,1260.8,1246.9,1166.4166666666667,1239.6162656612667,49.142857142857146,52.063492063492056,33.047089842353444,32.47949104026497,0.5675988020884759,1316.6511365687204,1177.1488634312798,1246.9,139.50227313744062,-50.74626865671642,61.7895754289723,56.30759309286452,72.75354010118787,46.15584651220665,25.1453488372093,13.662790697674419,51.73824435535591,0.0,1336.0,1302.0,1181.0,0,0,295813.7,11256159,1245.3011089975435,0.05405405405405406,0.9459459459459459,0.8918918918918919,2352297.2972972975,-2.611367127496156,-7.066052227342556,3.2870257714184516,-3.1699061245924565,66.23364629829152,33.92443067488582,3.0,1.0,106359.05,-15129.0,-18.361328219816496,0.2833569030252332,1.497907940182411,0.1,0.0
2016-11-30,,,,1269.0,1259.7,1249.15,1167.0666666666666,1238.3194784554319,48.714285714285715,44.38040345821325,27.910021580891225,31.56559714839022,-3.655575567498996,1312.5660032931821,1185.733996706818,1249.15,126.83200658636406,-82.08955223880596,47.80224568828039,53.47247729133648,36.4617824821682,-16.962693716270156,25.366568914956012,20.087976539589445,46.76226631829345,0.0,1336.0,1302.0,1194.0,0,0,282165.6,11157806,1249.3415194245272,0.06,0.94,0.84,1967060.0,-5.837173579109056,-7.066052227342556,1.4190972488429205,-3.3502207232745564,66.23364629829152,33.92443067488582,3.0,0.95,103289.75,-6532.0,-9.710556439264428,0.3053645567619351,1.5332257078386697,0.4,-1.0
2016-12-01,,,,1265.6,1262.0,1251.95,1168.4333333333334,1240.098575745391,47.92857142857143,43.40175953079179,26.04012454890949,30.460502628494076,-4.420378079584587,1311.224473071394,1192.6755269286061,1251.95,118.54894614278783,-58.95522388059702,47.38540517149727,51.443453251390075,39.269309011711655,-2.8709796870879734,22.056631892697464,20.417287630402384,41.11326008177192,0.0,1202.0,1302.0,1194.0,0,0,262526.0,11221588,1253.8673487578374,0.7419354838709677,0.25806451612903225,1.0,2057483.870967742,-3.4562211981566837,-7.066052227342556,1.6716245605720557,-3.3502207232745564,66.23364629829152,33.92443067488582,3.0,0.95,98159.4,-9429.0,-15.52482094344283,0.3180197597974658,1.388229026531782,0.2,0.0
2016-12-02,,,,1254.6,1261.9,1253.3,1169.3833333333334,1238.2796637696395,44.92857142857143,45.67901234567901,21.406557078850483,28.64971351856536,-7.243156439714877,1308.0764836210885,1198.5235163789114,1253.3,109.55296724217715,-79.67479674796748,38.365337865009025,47.08408145592973,20.92785068316762,-58.769770508095306,20.190779014308426,21.144674085850557,37.07506355161397,9.315574086382211,1319.0,1302.0,1210.0,0,0,246626.2,11158858,1258.0609667586007,0.3787878787878788,0.6212121212121212,0.5454545454545454,950454.5454545455,-6.221198156682039,-7.066052227342556,0.8932606747954005,-3.3502207232745564,66.23364629829152,33.92443067488582,3.0,0.9,92664.95,-11567.0,-22.54512142829299,0.3383301098228763,1.447943358711368,0.4,-1.0
2016-12-05,,,,1238.2,1260.8,1252.05,1170.2833333333333,1236.4435053153882,44.642857142857146,51.56794425087108,17.372775646993887,26.394325944251065,-9.021550297257178,1308.8246236864102,1195.2753763135897,1252.05,113.54924737282045,-70.92198581560284,35.26956330480507,43.145908738888174,19.51687243663885,-88.39697173972998,20.319999999999997,21.279999999999998,33.74635176495826,33.40546919765184,1319.0,1302.0,1210.0,0,0,228753.2,11055102,1260.0644960012216,0.82,0.18,0.04,2075120.0,-6.374807987711217,-7.066052227342556,-0.5117476024157711,-3.3502207232745564,66.23364629829152,33.92443067488582,2.0,0.85,87666.75,27589.0,69.4255013966129,0.3012098804468539,1.4552048348443414,0.0,-1.0
2016-12-06,,,,1225.4,1252.7,1250.8,1170.5,1233.3536476663037,44.357142857142854,43.99999999999999,12.817844033465462,23.679029562093945,-10.861185528628482,1310.7248652370688,1190.875134762931,1250.8,119.84973047413769,-81.56028368794327,29.65961430722229,38.65047726166621,11.67788839833446,-74.6081223203602,21.417069243156202,20.128824476650564,30.167469407006138,2.6459722374029457,1319.0,1302.0,1204.0,0,1,200378.65,10953105,1260.6641397008445,0.23076923076923078,0.7692307692307693,0.38461538461538464,2615307.6923076925,-7.526881720430123,-7.526881720430123,-0.5199951758287878,-3.3502207232745564,66.23364629829152,33.92443067488582,2.0,0.8,85245.4,6341.0,9.418072718631176,0.29654541791431305,1.4733362626630362,-0.3,0.0
2016-12-07,,,,1235.0,1252.0,1251.75,1171.9333333333334,1237.2247288409415,47.785714285714285,55.84795321637426,14.687138706245378,21.880651390924235,-7.193512684678858,1312.5512292119236,1190.9487707880764,1251.75,121.60245842384711,-31.914893617021278,42.46811166580777,39.92302206304673,47.558290871329845,-4.5512893661131795,25.85949177877429,18.68460388639761,27.33940203682303,58.823110270313286,1178.0,1302.0,1204.0,0,0,180222.35,11083374,1260.5995493899618,1.0,0.0,0.9459459459459459,1760391.8918918918,-2.1505376344086002,-7.526881720430123,0.6488367753137847,-3.3502207232745564,66.23364629829152,33.92443067488582,3.0,0.8,82585.55,5349.0,7.260855990986714,0.27545945590226273,1.4791802192187258,-0.2,0.0
2016-12-08,,,,1244.8,1255.2,1253.8,1173.6333333333334,1243.7747546656137,48.357142857142854,61.60220994475138,18.53701756718442,21.211924626176273,-2.6749070589918524,1319.081898837167,1188.5181011628329,1253.8,130.56379767433418,-9.21985815602837,58.57212172519572,46.13938861709639,83.43758794139438,62.26665198944294,27.769571639586413,17.725258493353028,24.89586610312457,86.82227460679367,1178.0,1306.0,1204.0,1,0,168258.75,11361320,1262.57633674326,0.9180327868852459,0.08196721311475409,0.5245901639344263,4556491.803278688,0.0,-7.526881720430123,1.1409164161209953,-3.3502207232745564,66.23364629829152,33.92443067488582,3.0,0.8,81403.55,28478.0,36.03988964539726,0.25314493691583595,1.7476746103353953,0.1,0.0
2016-12-09,,,,1259.0,1256.8,1253.3,1175.4833333333333,1248.3676351736506,49.285714285714285,58.423913043478265,20.22524724379241,21.014589149699503,-0.7893419059070936,1317.1653188151838,1189.434681184816,1253.3,127.73063763036771,-19.148936170212767,66.19093829298762,52.82323850906013,92.92633786084261,67.95044870655686,28.260869565217394,16.3768115942029,23.37734042219777,71.66072859732752,1319.0,1306.0,1204.0,0,0,159145.3,10994028,1260.219839459077,0.5094339622641509,0.49056603773584906,0.2641509433962264,6930037.735849056,-1.071975497702915,-7.526881720430123,-0.035202163025119644,-3.3502207232745564,66.23364629829152,33.92443067488582,3.0,0.8,79756.05,-2571.0,-2.3917169010939987,0.21094904589508776,2.1320684862609656,0.1,0.0
2016-12-12,,,,1281.4,1259.8,1257.4,1178.2333333333333,1256.2373842047316,49.92857142857143,56.53409090909091,24.428558275393698,21.697382974838344,2.7311753005553534,1330.0299923548828,1184.7700076451174,1257.4,145.25998470976538,-14.044943820224718,72.77897758858352,59.475151535567925,99.38662969461468,107.94882238725107,27.324749642346205,16.165951359084406,21.78985174937565,71.81414662084761,1178.0,1331.0,1204.0,1,0,155626.4,11325201,1265.8635541056444,0.609375,0.390625,0.609375,5174578.125,0.0,-7.526881720430123,2.1848981005072075,-3.131988240434621,66.23364629829152,33.92443067488582,2.0,0.8,81319.8,18605.0,17.731713128425074,0.23753413695137962,2.360040238823958,0.5,0.0
2016-12-13,,,,1314.2,1269.8,1265.3,1181.5666666666666,1266.8814428519,52.0,61.298701298701296,30.39492950214253,23.436892280299183,6.958037221843348,1349.6479011063655,1180.9520988936345,1265.3,168.695802212731,-5.0,80.18598505905568,66.37876271006384,107.80042975703938,120.02458905920928,27.747252747252748,15.521978021978022,20.399962460326698,97.86941580756009,1178.0,1368.0,1204.0,1,0,159098.25,11572289,1274.925063914908,0.8275862068965517,0.1724137931034483,0.6379310344827587,4260137.931034483,0.0,-7.526881720430123,4.1715547602403875,-2.8863788651061975,66.23364629829152,33.92443067488582,2.0,0.8,83870.15,14025.0,11.353517364203025,0.2748220807626802,2.442391101943594,0.9,0.0
2016-12-14,,,,1330.2,1282.6,1271.15,1185.2166666666667,1275.1784482945761,52.0,60.20408163265306,33.606246793730406,25.47076318298543,8.135483610744977,1363.1185873145182,1179.181412685482,1271.15,183.93717462903624,-16.9811320754717,81.13027934754656,71.29593492255808,100.79896819752355,103.46006624346875,27.06043956043956,13.873626373626374,19.481400905683806,91.88348879070524,1390.0,1368.0,1204.0,0,0,169553.6,11224878,1285.418110949379,0.3793103448275862,0.6206896551724138,0.2413793103448276,5989844.827586207,-1.0233918128654929,-7.526881720430123,3.1206812733217095,-2.8863788651061975,66.23364629829152,35.24461324408679,2.0,0.8,86916.9,1195.0,0.8687434117262249,0.29959795195082645,2.6134439038801585,0.5,0.0
2016-12-15,,,,1341.6,1293.2,1277.6,1189.5166666666667,1283.5424055998546,53.214285714285715,60.90225563909774,36.457207671256356,27.66805208063962,8.789155590616737,1376.4361749243703,1178.7638250756295,1277.6,197.67234984874085,-12.735849056603774,83.17490321282979,75.25559101931532,99.01352759985872,92.46087799000969,26.442953020134226,13.557046979865772,19.035202808478996,95.7014529450774,1178.0,1368.0,1204.0,0,0,174206.65,11467074,1293.1600861199424,0.5111111111111111,0.4888888888888889,0.2,5382133.333333333,-0.3654970760234022,-7.526881720430123,3.4229761941101233,-2.8863788651061975,66.23364629829152,35.75031247702375,2.0,0.8,89271.05,-9092.0,-6.552792792792794,0.31031515499375245,2.469907889975244,0.2,0.0
2016-12-16,,,,1356.2,1307.6,1284.75,1193.9166666666667,1291.3002717332017,52.07142857142857,58.51063829787235,38.43494388389081,29.82143044128986,8.61351344260095,1387.2716280134237,1182.2283719865763,1284.75,205.0432560268473,-11.79245283018868,84.50976453504893,78.34031552455986,96.84866255602708,86.3291065463218,22.770919067215367,13.854595336076818,18.590812205089026,83.01376297529525,1178.0,1368.0,1204.0,0,0,177866.5,11673153,1299.8699148893504,0.3142857142857143,0.6857142857142857,0.05714285714285714,5887971.428571429,-0.21929824561404132,-7.526881720430123,3.8236178050827125,-2.8863788651061975,66.23364629829152,37.40039957691855,2.0,0.8,91859.8,2434.0,1.8772462940967793,0.3178762061496988,2.081827444458505,0.3,0.0
2016-12-19,,,,1351.8,1316.6,1288.7,1197.1666666666667,1292.9859601395635,54.07142857142857,55.13784461152882,35.07921078685081,30.87298651040205,4.206224276448758,1388.3881453121983,1189.0118546878018,1288.7,199.37629062439646,-38.20754716981132,75.4626500409098,77.38109369667652,71.62576272937639,40.41614201994851,21.92866578599736,19.682959048877144,16.862870091914168,64.48238814867764,1390.0,1368.0,1204.0,0,0,183022.85,11440469,1304.25380300875,0.07692307692307693,0.9230769230769231,0.8615384615384616,3579753.846153846,-4.312865497076035,-7.526881720430123,2.0756354597590105,-3.3518159022890894,66.23364629829152,38.01590790998841,2.0,0.8,93224.5,-25446.0,-19.26384641007782,0.3134638564507166,1.9820121866798992,0.2,0.0
2016-12-20,,,,1340.4,1327.3,1290.0,1200.2166666666667,1294.7015829834147,52.42857142857143,61.83844011142061,32.20985624316563,31.14036045695477,1.0694957862108616,1390.161974085119,1189.838025914881,1290.0,200.32394817023805,-37.264150943396224,64.83224288441606,73.19814342592304,48.1004418014021,17.001785635479482,22.615803814713896,16.34877384196185,17.182228153207713,100.0,1178.0,1368.0,1204.0,0,0,180790.95,11609661,1306.4991781022964,0.7777777777777778,0.2222222222222222,0.07407407407407407,6266370.37037037,-4.166666666666674,-7.526881720430123,0.8331463514031727,-3.3518159022890894,66.23364629829152,38.32128390504026,1.0,0.8,93921.25,1742.0,1.6334414792866125,0.31322847793868014,1.9349520843854626,0.2,-1.0
2016-12-21,,,,1325.0,1327.6,1289.8,1202.65,1293.0157179373753,54.42857142857143,52.76243093922651,26.882471842920495,30.288782734147915,-3.4063108912274203,1390.0535732398846,1189.5464267601153,1289.8,200.5071464797693,-53.301886792452834,48.445375853292305,64.9472209017128,15.441685756451307,-4.054906423034059,22.57217847769029,20.20997375328084,17.300929815338502,49.12106038698188,1390.0,1368.0,1204.0,0,0,185995.8,11369001,1306.0537247794484,0.31343283582089554,0.6865671641791045,0.5074626865671642,3591940.2985074627,-6.652046783625742,-7.526881720430123,0.0907054989329069,-3.3518159022890894,66.23364629829152,38.32128390504026,1.0,0.75,95070.35,9246.0,8.530464627080491,0.3144393498336221,1.8433468893562022,0.2,-1.0
2016-12-22,,,,1299.0,1320.3,1287.75,1204.5833333333333,1287.2999352766728,53.57142857142857,51.621621621621614,18.89227071061532,28.0094803294414,-9.117209618826077,1390.9960015792465,1184.5039984207535,1287.75,206.49200315849293,-74.05660377358491,32.71620444726825,54.203548750231285,-10.258484158657822,-37.91065585659922,22.933333333333337,18.8,17.84353417583424,42.725830139946304,1390.0,1368.0,1204.0,0,0,185048.95,11203471,1304.7971180058034,0.037037037037037035,0.9629629629629629,0.8148148148148148,3065370.3703703703,-9.868421052631593,-9.868421052631593,-0.7858434824327901,-3.4784249944782415,66.23364629829152,39.41230486685032,1.0,0.7,95643.55,-12444.0,-10.578574221738613,0.31341913894929047,1.7844805584621724,0.4,-1.0
2016-12-23,,,,1275.6,1315.9,1286.35,1206.7333333333333,1283.557084297942,52.142857142857146,53.78590078328982,13.613426282619912,25.1302695200771,-11.516843237457188,1391.0164375905247,1181.6835624094751,1286.35,209.33287518104953,-72.82051282051282,26.457267611310144,44.95478837059091,-10.537773907251392,-42.644667593637664,23.56164383561644,17.671232876712327,18.69910717426438,54.85850064336425,1195.0,1368.0,1204.0,0,0,186936.5,11343043,1303.3709021512652,0.7666666666666667,0.23333333333333334,0.5,4652400.0,-8.77192982456142,-9.868421052631593,-0.4639942682660221,-3.4784249944782415,66.23364629829152,39.933884297520656,1.0,0.65,96543.85,-7635.0,-7.258294514687713,0.30801690981218544,1.7585972463351625,0.1,-1.0
2016-12-26,,,,1257.0,1304.4,1282.1,1208.3166666666666,1277.1230762695668,53.714285714285715,51.49999999999999,6.769734194787588,21.4581624550192,-14.68842826023161,1391.0759026960436,1173.1240973039562,1282.1,217.9518053920874,-89.23076923076923,21.227921997283687,37.04583291282184,-10.407899833792612,-56.815175847965335,22.20744680851064,21.143617021276597,18.652908069711724,0.0,1390.0,1368.0,1204.0,0,0,189759.1,11162606,1299.7588765615633,0.3442622950819672,0.6557377049180327,0.5245901639344263,2957983.606557377,-11.111111111111116,-11.111111111111116,-1.8100941849140073,-3.4784249944782415,66.23364629829152,42.721407624633436,1.0,0.6,97637.55,6715.0,6.883296601916866,0.3030729741284715,1.6683259132726291,-0.2,-1.0
2016-12-27,,,,1243.6,1292.0,1280.9,1210.35,1273.968497577227,51.785714285714285,45.81005586592178,3.5643374399926415,17.87939745201389,-14.315060012021249,1391.051856901933,1170.7481430980672,1280.9,220.30371380386578,-74.87179487179488,22.57119198444342,32.22095260336236,3.271670746605537,-44.21376151038624,17.517241379310345,21.931034482758623,18.301581543888556,0.0,1195.0,1368.0,1204.0,0,0,192149.25,11297444,1297.8632728638459,0.8723404255319149,0.1276595744680851,0.5957446808510638,2868893.6170212766,-9.06432748538013,-11.111111111111116,-0.36728623761704604,-3.4784249944782415,66.23364629829152,43.88035190615835,1.0,0.55,98658.45,-16585.0,-15.90582142514626,0.29222849486961305,1.6636798835030515,-0.5,-1.0
2016-12-28,,,,1241.0,1283.0,1282.8,1212.7833333333333,1273.0191168555864,50.5,43.93063583815029,2.6078090715352573,14.825079775918166,-12.217270704382909,1390.2422243763776,1175.3577756236223,1282.8,214.88444875275536,-64.61538461538461,26.90313142605506,30.44834554425993,19.81270318964532,-18.943580119297128,17.114568599717114,22.48939179632249,17.69397486485331,0.0,1195.0,1368.0,1204.0,0,0,196822.35,11489259,1297.4960709492595,0.6046511627906976,0.3953488372093023,0.46511627906976744,4460813.953488372,-7.602339181286554,-11.111111111111116,1.1335628171652978,-3.4784249944782415,66.23364629829152,43.98612716763005,1.0,0.55,100651.9,12919.0,14.733420767520112,0.2723663311778921,1.635839252130984,-0.1,0.0
2016-12-29,,,,1245.2,1272.1,1282.65,1215.0333333333333,1271.2077723931495,48.714285714285715,44.44444444444444,1.0309528390223477,12.066254388539003,-11.035301549516655,1390.2521424165343,1175.0478575834659,1282.65,215.2042848330684,-69.74358974358974,29.23810294304054,30.04493134385347,27.62444614141468,-25.58485873373759,16.715542521994134,23.31378299120235,16.969699140577585,2.8691881955683427,1390.0,1368.0,1204.0,0,0,200538.0,11351164,1296.7219634184046,0.5,0.5,0.35714285714285715,4931964.285714285,-8.333333333333348,-11.111111111111116,0.11456969830532439,-3.4784249944782415,66.23364629829152,44.3043227665706,1.0,0.5,102597.25,-10391.0,-10.328615164406985,0.24369671398093284,1.6272667329141313,-0.1,0.0
2016-12-30,,,,1240.0,1257.8,1282.7,1217.6,1266.5213178795161,47.42857142857143,33.73134328358209,-2.7689311361830278,9.099217283594598,-11.868148419777626,1390.1823853377439,1175.2176146622562,1282.7,214.96477067548767,-86.15384615384616,26.523318628693694,28.871060438800214,21.827835008480662,-47.74943627328186,11.44578313253012,28.162650602409638,18.151658316082887,0.0,1390.0,1368.0,1204.0,0,0,205639.8,11186398,1295.1492648796584,0.21739130434782608,0.782608695652174,0.6956521739130435,3581869.5652173916,-10.672514619883056,-11.111111111111116,0.21410380265173173,-3.4784249944782415,66.23364629829152,44.3043227665706,1.0,0.5,104830.25,-5814.0,-6.444747431079778,0.19766163765334133,1.7315719912553948,0.1,-1.0
2017-01-03,,,,1237.6,1247.3,1281.95,1219.8333333333333,1260.5669066528956,46.57142857142857,24.0506329113924,-7.150390875888888,5.849295651697901,-12.999686527586789,1391.493502533765,1172.4064974662351,1281.95,219.08700506752984,-95.38461538461539,20.025962419129133,25.922694432243187,8.232498392901029,-63.01066277061884,8.282208588957056,30.82822085889571,20.251164785337256,0.0,1390.0,1368.0,1204.0,0,0,205231.6,11090806,1295.4849610553802,0.13043478260869565,0.8695652173913043,0.391304347826087,2078086.956521739,-11.98830409356727,-11.98830409356727,-0.19820004913730488,-3.4784249944782415,66.23364629829152,44.3043227665706,1.0,0.5,105775.25,1829.0,2.167087287764069,0.1824910560065599,1.6071954413516043,0.1,0.0
2017-01-04,,,,1230.4,1237.0,1282.15,1222.0,1255.560534590715,45.214285714285715,26.14379084967321,-10.18258422322674,2.642919676712973,-12.825503899939713,1391.1073069456043,1173.192693054396,1282.15,217.91461389120832,-85.37735849056604,22.918542847320655,24.921310570602344,18.91300740075728,-75.5399385259269,6.6350710900473935,35.07109004739337,22.820240005419187,5.539241605634233,1177.0,1368.0,1204.0,0,0,208608.65,11260344,1293.683836296657,0.7948717948717948,0.20512820512820512,0.10256410256410256,4347128.205128205,-11.69590643274856,-11.98830409356727,0.2934162293274048,-3.4784249944782415,66.23364629829152,44.3043227665706,1.0,0.5,107039.7,12730.0,14.763185972074044,0.16688993312304656,1.642290924182572,0.4,0.0
2017-01-05,,,,1219.8,1230.4,1279.0,1224.1833333333334,1251.316674153504,43.5,24.66666666666667,-12.20287719651742,-0.3262396979331057,-11.876637498584314,1392.4975075079751,1165.5024924920249,1279.0,226.99501501595023,-83.9622641509434,26.176464462316332,25.339695201173672,27.85000298460165,-60.3800415251067,8.210180623973727,36.45320197044335,25.03599207806033,1.6302447824329251,1177.0,1368.0,1204.0,0,0,208253.85,11383517,1292.6750597087803,0.38095238095238093,0.6190476190476191,0.14285714285714285,5865380.952380952,-11.476608187134529,-11.98830409356727,-1.7332149918158524,-3.4784249944782415,66.23364629829152,44.3043227665706,0.0,0.45,107754.8,-5638.0,-5.69736655955052,0.15726215339687744,1.524943992236183,0.1,-1.0
2017-01-06,,,,1210.2,1227.7,1274.0,1226.45,1247.000800424599,43.42857142857143,23.76237623762377,-14.045524087881631,-3.0700965759228107,-10.97542751195882,1391.2383985955955,1156.7616014044045,1274.0,234.47679719119105,-84.89583333333333,26.745848103082682,25.808412835143344,28.620718638961364,-56.57803817058264,8.552631578947368,37.66447368421053,27.796331689133673,0.0,1369.0,1368.0,1204.0,0,0,201693.1,11236786,1289.9452426318335,0.29411764705882354,0.7058823529411765,0.14705882352941177,4315617.647058823,-11.84210526315792,-11.98830409356727,-2.9674670269559584,-3.4784249944782415,66.23364629829152,44.3043227665706,0.0,0.4,107263.25,4345.0,4.656022288898409,0.15937962888140872,1.5192689422240395,-0.2,0.0
2017-01-09,,,,1211.4,1225.7,1270.8,1229.2,1245.191200384161,40.714285714285715,34.94423791821562,-13.574144597208488,-5.170906180179946,-8.403238417028541,1389.4549176127175,1152.1450823872824,1270.8,237.3098352254351,-65.06849315068493,34.17671924820897,28.59784830616522,45.33446113229647,-44.693331177530375,9.12280701754386,31.403508771929825,31.337869516385783,29.36716809188614,1177.0,1368.0,1204.0,0,0,188898.65,11348189,1287.7055470398193,0.9629629629629629,0.037037037037037035,0.8148148148148148,4126037.0370370373,-10.233918128654995,-11.98830409356727,-1.7857929574893947,-3.4784249944782415,66.23364629829152,44.3043227665706,0.0,0.35,106632.9,-5347.0,-5.474837454564074,0.16332441445747561,1.370169774139229,-0.4,0.0
2017-01-10,,,,1226.0,1231.8,1268.1,1232.3166666666666,1248.2206098713839,43.07142857142857,44.62025316455696,-9.141307166085653,-5.964986377361088,-3.1763207887245652,1383.397144712885,1152.8028552871149,1268.1,230.59428942577006,-31.506849315068493,54.83576155008802,37.34381938747282,89.81964587531843,-10.158917298354982,16.58374792703151,27.363184079601993,31.941039930876958,69.47178002105706,1177.0,1368.0,1204.0,0,0,183747.3,11576335,1282.3183039061437,1.0,0.0,0.8166666666666667,3802433.3333333335,-6.652046783625765,-11.98830409356727,-1.3551013773284724,-3.4784249944782415,66.23364629829152,44.431636247198206,0.0,0.35,105832.0,15194.0,16.45832881994844,0.16025551465731958,1.5728609093756643,0.0,0.0
2017-01-11,,,,1237.8,1234.1,1263.05,1235.2666666666667,1250.0091232169664,40.07142857142857,48.28767123287671,-6.361832743798004,-6.0443556506484715,-0.31747709314953276,1368.3365263534492,1157.7634736465507,1263.05,210.57305270689858,-16.666666666666668,64.33495214450312,46.34086363981625,100.32312915387686,5.829561845755038,18.181818181818183,23.351158645276296,32.4356741836407,81.68692838827018,1285.0,1365.0,1204.0,0,0,178297.0,11438253,1276.8078300999643,0.28,0.72,0.4,5523280.0,-7.179487179487198,-11.98830409356727,-2.8100571490868353,-3.4784249944782415,66.23364629829152,44.585091420534454,0.0,0.35,103490.65,-16784.0,-15.611280601235212,0.14997999416004057,1.534601272528627,-0.1,1.0
2017-01-12,,,,1247.4,1233.6,1258.3,1238.0333333333333,1250.8653971963029,38.5,55.078125,-4.749858962874214,-5.78545631309362,1.0355973502194065,1354.4886304693835,1162.1113695306165,1258.3,192.377260938767,-24.074074074074073,68.19861007164405,53.626779117092184,97.3422719807478,2.8002818537549246,18.923933209647494,21.89239332096475,32.24771517779032,100.0,1285.0,1365.0,1204.0,0,0,169727.45,11262233,1267.6795302311639,0.34375,0.65625,0.25,5500625.0,-7.765567765567782,-11.98830409356727,-2.664448679223354,-3.4784249944782415,66.23364629829152,45.467260509454604,0.0,0.35,102325.1,24711.0,27.236354818799047,0.1316856870679317,1.5755790149165099,-0.2,0.0
2017-01-13,,,,1261.2,1235.7,1253.9,1240.7833333333333,1253.163930796655,39.0,55.252918287937746,-2.156433818698588,-5.0596518142146145,2.9032179955160267,1337.096406804981,1170.7035931950193,1253.9,166.39281360996165,-16.949152542372882,73.14935586697175,60.13430470038537,99.1794582001445,24.318633511867024,21.42857142857143,20.512820512820515,31.38326459406338,100.0,1177.0,1365.0,1204.0,0,0,169095.4,11491788,1261.441779512236,0.4594594594594595,0.5405405405405406,0.43243243243243246,6204189.189189189,-6.593406593406614,-11.98830409356727,-2.4054422574575907,-3.4784249944782415,66.23364629829152,45.467260509454604,0.0,0.35,101428.7,-3709.0,-3.21295229515155,0.11915216337077589,1.6860110797789034,-0.1,0.0
2017-01-16,,,,1278.4,1244.9,1251.35,1243.9333333333334,1258.9578421493545,39.214285714285715,68.56060606060606,3.0111378335038808,-3.445493884670916,6.456631718174797,1322.4563695421893,1180.2436304578105,1251.35,142.21273908437888,-12.738853503184714,77.85328607691959,66.04063182589678,101.47859457896521,76.00451862443387,28.233151183970854,14.936247723132967,33.408100310752786,100.0,1177.0,1314.0,1204.0,0,0,170582.1,11727601,1258.0044974433622,0.6875,0.3125,0.609375,3684578.125,0.0,-11.98830409356727,-1.2082969428122452,-3.4784249944782415,67.15317559153175,45.467260509454604,0.0,0.35,101389.25,19573.0,17.5181240490468,0.11816759531524362,1.8038539147180686,0.2,0.0
2017-01-17,,,,1282.0,1254.0,1250.65,1246.8,1262.3904286113207,39.142857142857146,60.0,5.509820605645473,-1.654430986607638,7.164251592253111,1319.6100189278038,1181.6899810721964,1250.65,137.92003785560746,-24.840764331210192,75.81523419620726,69.29883261600028,88.8480373566212,72.04046877813069,28.284671532846712,14.963503649635035,34.80902006610292,80.89074926747593,1334.0,1314.0,1204.0,0,0,167179.7,11562965,1255.1327702067497,0.41304347826086957,0.5869565217391305,0.41304347826086957,3579043.4782608696,-1.4459665144596623,-11.98830409356727,-0.27039020492498916,-2.6360468943288757,67.15317559153175,45.467260509454604,0.0,0.35,101891.95,-14603.0,-11.12160422838777,0.12185572961938619,1.6615961441819582,0.1,0.0
2017-01-18,,,,1288.0,1262.9,1249.95,1249.5,1265.6865782673854,37.785714285714285,56.962025316455694,7.564232229338586,0.1893016565816068,7.374930572756979,1316.5753468441403,1183.3246531558598,1249.95,133.25069368828053,-23.56687898089172,74.93962472983866,71.1790966539464,82.46068088162315,74.26623346920758,23.44045368620038,15.50094517958412,35.29594299061253,74.10928782235032,1177.0,1314.0,1204.0,0,0,165153.35,11691630,1254.1840445057073,0.4583333333333333,0.5416666666666666,0.08333333333333333,5361041.666666667,-1.2937595129375867,-11.98830409356727,-0.2697400288379035,-2.6360468943288757,67.15317559153175,45.467260509454604,0.0,0.35,102527.95,4408.0,3.777206512425013,0.12752327271510772,1.5696891759216345,0.2,0.0
2017-01-19,,,,1296.4,1271.9,1251.15,1252.3333333333333,1269.0497612895392,37.642857142857146,60.17316017316018,9.40670022819404,2.0327813709040936,7.373918857289947,1320.63009938481,1181.6699006151903,1251.15,138.96019876961964,-21.019108280254777,74.95974981989244,72.43931437592842,80.00062070782047,69.74179702458233,23.52941176470588,16.50853889943074,35.37108788633969,81.27728278418944,1177.0,1314.0,1204.0,0,0,159750.2,11824227,1253.5870128279444,0.7692307692307693,0.23076923076923078,0.15384615384615385,5099884.615384615,-0.9893455098934467,-11.98830409356727,0.9118330951885386,-2.6081762142842817,67.15317559153175,45.467260509454604,0.0,0.4,102516.8,-3697.0,-3.052647223965388,0.12740572801753963,1.490599683620238,0.3,0.0
2017-01-20,,,,1301.6,1281.4,1254.55,1255.5833333333333,1272.092641166726,36.5,69.84924623115577,10.743030424127028,3.774831181548681,6.968199242578347,1326.8868581888119,1182.213141811188,1254.55,144.6737163776238,-21.019108280254777,73.90479047821889,72.92780641002524,75.85875861460616,77.8055757949472,28.18003913894325,11.545988258317026,35.347273456936094,100.00000000000001,1334.0,1314.0,1204.0,0,0,164040.15,11824227,1257.9787037909114,0.13333333333333333,0.8666666666666667,0.0,8377633.333333333,-0.9893455098934467,-11.98830409356727,2.584424365046138,-2.5524475524475476,67.38766410701017,45.467260509454604,0.0,0.45,104155.95,20562.0,17.512839512481793,0.14672769339763356,1.4440056603955258,0.4,0.0
2017-01-23,,,,1295.4,1286.9,1256.3,1258.3,1273.1314372460854,35.714285714285715,69.84924623115577,10.231687638329731,5.066202472904891,5.16548516542484,1329.6559454770968,1182.9440545229031,1256.3,146.71189095419368,-32.48407643312102,62.835751791680806,69.56378820391043,49.37967896722154,43.88310126371745,28.8,14.0,33.69958634470803,100.00000000000001,1334.0,1314.0,1204.0,0,0,167661.7,11612224,1260.4719390296054,0.3142857142857143,0.6857142857142857,0.5142857142857142,6057228.571428572,-2.3592085235920712,-11.98830409356727,1.378704338727113,-2.5524475524475476,67.99005036743456,45.467260509454604,0.0,0.5,105042.95,-22678.0,-16.436549179912006,0.14654662470626273,1.4525741007690345,0.3,-1.0
2017-01-24,,,,1298.0,1290.0,1260.9,1261.5,1276.4522527464583,35.714285714285715,72.72727272727273,11.708764513977485,6.394714881119411,5.314049632858074,1335.1482323021678,1186.6517676978324,1260.9,148.49646460433542,-18.840579710144926,65.14631514794225,68.09129718525438,59.256351073318,58.406402118908716,31.199999999999996,9.799999999999999,32.557679471093834,100.0,1196.0,1314.0,1204.0,0,0,166079.9,11761025,1264.4190250194836,0.717948717948718,0.28205128205128205,0.6410256410256411,3815410.2564102565,-0.45662100456618226,-11.98830409356727,3.571613044659914,-1.5269370420546273,68.81833409471601,45.467260509454604,0.0,0.55,105794.3,4002.0,3.4710958844702766,0.1485647321064462,1.4198846776081475,0.4,0.0
2017-01-25,,,,1302.4,1295.2,1264.65,1264.15,1280.5044191515576,35.785714285714285,73.6842105263158,13.610078140038013,7.837787532903132,5.772290607134881,1342.7788409581913,1186.521159041809,1264.65,156.25768191638235,-10.869565217391305,70.18526273020711,68.78928570023862,72.9772167901441,66.8422042691438,30.33932135728543,9.780439121756487,31.701142826585286,100.0,1196.0,1319.0,1204.0,1,0,165079.05,11875846,1267.4653174746686,0.8181818181818182,0.18181818181818182,0.5,5219136.363636364,0.0,-11.98830409356727,2.983670981125364,-1.5269370420546273,68.81833409471601,45.467260509454604,0.0,0.6,106942.95,-8639.0,-7.241590316604773,0.14169730769353328,1.414928990696948,0.1,0.0
2017-01-26,,,,1306.8,1301.6,1267.6,1266.5166666666667,1284.5516173275998,34.785714285714285,75.77092511013215,15.263699036352591,9.322969833593024,5.940729202759567,1349.9660635277007,1185.233936472299,1267.6,164.73212705540163,-8.333333333333334,74.39434182013808,70.6576377402051,81.86774998000402,67.23965898965334,31.211498973305957,8.624229979466119,31.251979046900907,100.0,1196.0,1323.0,1204.0,1,0,160293.4,11971948,1269.4369728676706,0.7,0.3,0.2,4805100.0,0.0,-11.98830409356727,2.389608741474065,-1.5269370420546273,68.81833409471601,45.467260509454604,0.0,0.65,106967.1,-9571.0,-8.649171320645587,0.1415694684472698,1.379198094888703,0.1,0.0
2017-02-03,,,,1304.2,1302.9,1269.3,1267.9666666666667,1284.8800347249714,37.642857142857146,62.5,13.5933028834786,10.17703644357014,3.41626643990846,1351.8873700041788,1186.712629995821,1269.3,165.17474000835773,-46.21212121212121,56.522634806498985,65.9459700956364,37.67596422822416,45.363669116439375,32.63757115749526,13.092979127134724,30.37771006356257,57.39762810472143,1349.0,1323.0,1204.0,0,0,158297.0,11873781,1271.2543711083174,0.08955223880597014,0.9104477611940298,0.5223880597014925,1465179.1044776118,-2.645502645502651,-11.98830409356727,1.3709516567939575,-2.556517556517552,67.99005036743456,45.467260509454604,0.0,0.7,107665.7,3098.0,3.0646868538981353,0.1360110755188626,1.203329361339329,-0.1,0.0
2017-02-06,,,,1305.2,1300.3,1272.6,1269.5333333333333,1285.1771742749743,34.714285714285715,52.87958115183246,12.129678514320858,10.567564857720283,1.5621136566005749,1352.4588227996378,1192.741177200362,1272.6,159.71764559927578,-60.396039603960396,44.60816346407292,58.83336788511524,16.15775462198829,25.52979591024747,25.514403292181072,14.197530864197532,30.661217737822028,16.708028603395892,1349.0,1323.0,1204.0,0,0,154752.0,11873781,1274.074576634443,0.10526315789473684,0.8947368421052632,0.0,4940315.7894736845,-2.645502645502651,-11.98830409356727,2.7504884301512265,-1.5316204677906853,67.38766410701017,45.467260509454604,0.0,0.75,109345.35,13807.0,13.252387579785951,0.12559105649477778,0.9946775717689764,-0.2,0.0
2017-02-07,,,,1302.0,1300.0,1277.0,1270.3333333333333,1285.8269672011672,34.92857142857143,56.75675675675676,11.163822629489914,10.68681641207421,0.47700621741570437,1350.378614409296,1203.621385590704,1277.0,146.757228818592,-56.43564356435643,39.32210897604862,52.32961491542637,13.307097097293124,13.024803750932232,23.721881390593047,17.586912065439673,30.83301296762091,16.937300020423454,1248.0,1323.0,1206.0,0,0,157089.9,12016131,1276.402153692461,0.8214285714285714,0.17857142857142858,0.14285714285714285,5083928.571428572,-2.3431594860166327,-11.84210526315792,3.7701801815588603,-1.5059433210118116,66.26353421859041,45.467260509454604,0.0,0.8,111293.9,7207.0,6.1080412231337755,0.11704758416742507,0.9726124494926776,-0.2,0.0
2017-02-08,,,,1301.4,1301.9,1282.4,1271.7833333333333,1288.7005893724845,35.214285714285715,64.17910447761193,12.194404798018695,10.988334089263107,1.206070708755588,1350.072275283914,1214.7277247160862,1282.4,135.3445505678278,-36.26373626373626,45.798072650699076,50.152434160517274,37.089349631062674,36.639805890755085,27.99188640973631,15.010141987829615,32.46986667994632,49.36155494567461,1248.0,1323.0,1206.0,0,0,156310.85,12170088,1281.9850519013876,0.9166666666666666,0.08333333333333333,0.6666666666666666,4276583.333333333,-0.5291005291005346,-11.84210526315792,4.455251836678854,-1.5059433210118116,64.85059883936289,45.467260509454604,0.0,0.85,112589.75,-324.0,-0.25878800948889724,0.11567687130457775,1.0116661440591197,-0.2,0.0
2017-02-09,,,,1297.6,1302.2,1287.05,1272.6,1290.1576760989144,33.857142857142854,57.36040609137055,11.905608436632065,11.171788958736899,0.7338194778951657,1346.3244730713927,1227.7755269286072,1287.05,118.54894614278555,-56.25,45.11538176713272,48.47341669605576,38.39931190928665,38.683095191033736,26.37130801687764,15.611814345991561,34.14449057923064,19.57432009103808,1349.0,1323.0,1206.0,0,0,154204.8,12089036,1285.4722281666977,0.05555555555555555,0.9444444444444444,0.6666666666666666,4502888.888888889,-1.4361300075585892,-11.84210526315792,3.7994675907656617,-1.5059433210118116,64.40380061927023,45.467260509454604,0.0,0.9,113886.2,-5626.0,-4.505305305305307,0.10777270905776629,0.9574663437961368,0.0,0.0
2017-02-10,,,,1315.2,1309.7,1295.55,1274.45,1298.3331355180653,34.785714285714285,63.47826086956522,17.287256775299056,12.39488252204933,4.892374253249725,1354.6430577452265,1236.4569422547734,1295.55,118.18611549045318,-0.9259259259259259,63.101612536113166,53.3494819760749,82.60587365618969,105.35653803894358,29.158110882956876,15.811088295687885,34.06439611730854,46.29994524148506,1269.0,1376.0,1228.0,1,0,162139.45,12394460,1295.0288317659067,0.987012987012987,0.012987012987012988,0.935064935064935,3966545.4545454546,0.0,-10.233918128654995,5.517954929564019,-1.5059433210118116,64.21621175888512,45.467260509454604,1.0,0.95,118459.75,69887.0,58.60594218819446,0.17151538598861588,1.0919864705852658,0.4,0.0
2017-02-13,,,,1334.6,1319.9,1303.4,1275.8333333333333,1306.587122611583,33.92857142857143,70.45454545454545,22.024590866559038,14.320824190951273,7.703766675607765,1366.299753158219,1240.5002468417813,1303.4,125.7995063164376,-9.375,72.27607502407544,59.65834632540841,97.51153242140948,141.49693353625574,34.10526315789473,16.210526315789473,34.404622245363704,76.77558964964507,1269.0,1385.0,1259.0,1,0,170111.65,12665307,1304.393613351388,0.6470588235294118,0.35294117647058826,0.2647058823529412,7966088.235294118,0.0,-7.765567765567782,5.091346114999745,-1.5059433210118116,64.21621175888512,45.467260509454604,1.0,1.0,122375.3,-18507.0,-9.78502241773116,0.1834415905828865,1.2503496630058757,0.3,0.0
2017-02-14,,,,1353.4,1327.7,1308.85,1278.1166666666666,1314.1502537914323,34.0,70.31963470319634,25.564956996559886,16.569650752072995,8.99530624448689,1380.4108684598868,1237.289131540113,1308.85,143.12173691977387,-8.59375,78.65280001605029,65.98983088895571,103.97873827023946,117.8460865291517,34.03361344537815,16.176470588235293,35.48865824835815,76.18623695984725,1269.0,1386.0,1259.0,1,0,166376.2,12818744,1311.2369900262177,0.72,0.28,0.04,6137480.0,0.0,-7.765567765567782,3.8159963515780486,-1.5059433210118116,64.21621175888512,45.467260509454604,1.0,1.0,125249.3,-5637.0,-3.303658815324473,0.19215132053747247,1.208944940873162,0.0,0.0
2017-02-15,,,,1363.2,1332.3,1313.75,1280.7,1318.993086763677,35.07142857142857,63.5593220338983,26.37219590756831,18.53015978317206,7.842036124396252,1386.6533245938651,1240.8466754061349,1313.75,145.80664918773027,-26.153846153846153,77.0505846260848,69.67674880133207,91.79825627559026,90.7799612752321,34.21588594704684,16.70061099796334,36.69326217523695,46.65405797720187,1399.0,1386.0,1259.0,0,0,170054.35,12607099,1316.789776131376,0.17073170731707318,0.8292682926829268,0.5121951219512195,5162073.1707317075,-1.5151515151515138,-7.765567765567782,3.422319146669985,-1.5716690716690704,64.21621175888512,45.467260509454604,1.0,1.0,128492.7,-9396.0,-5.6948215671062785,0.18316045157352034,1.2344114315855765,0.2,0.0
2017-02-16,,,,1375.4,1336.5,1319.05,1282.8333333333333,1323.3746975480888,36.142857142857146,63.5593220338983,26.704110200722198,20.164949866682086,6.539160334040112,1390.5938032918996,1247.5061967081003,1319.05,143.08760658379924,-26.153846153846153,75.98244103277447,71.77864621181287,84.39003067469767,74.98010527017234,29.249011857707508,18.18181818181818,35.36907732888462,46.65405797720187,1399.0,1386.0,1275.0,0,0,171255.65,12607099,1322.6182517189943,0.37777777777777777,0.6222222222222222,0.0,4445466.666666666,-1.5151515151515138,-6.593406593406614,3.7280886894690317,-1.5716690716690704,63.683278522641025,45.467260509454604,1.0,1.0,129973.85,-10534.0,-6.770096917658552,0.18159093319846062,1.3742816090273906,0.1,0.0
2017-02-17,,,,1375.2,1345.2,1324.05,1285.1833333333334,1328.2913930196994,38.214285714285715,70.17543859649123,27.457557465150785,21.623471386375826,5.834086078774959,1396.6019051945896,1251.4980948054103,1324.05,145.10381038917922,-31.612903225806452,73.4506596132475,72.33598401229108,75.68001081516033,88.533591478177,33.45794392523365,12.523364485981308,36.151149902614364,75.55632153431442,1269.0,1386.0,1283.0,0,0,182334.3,13058227,1333.4349521730142,0.234375,0.765625,0.15625,7048875.0,-0.7936507936508019,-2.645502645502651,3.507725181009167,-1.5716690716690704,63.683278522641025,45.467260509454604,1.0,1.0,133029.2,27775.0,19.146985426920903,0.18814066520975808,1.573341121243823,0.1,0.0
2017-02-20,,,,1375.0,1354.8,1327.55,1287.8833333333334,1333.596974636871,37.92857142857143,67.9245283018868,28.45290723112612,22.989358555325886,5.463548675800233,1404.6704799067595,1250.4295200932404,1327.55,154.2409598135191,-25.806451612903224,72.84417496675128,72.50538099711115,73.52176290603157,65.62487907661355,31.450094161958567,13.747645951035782,35.22054595371773,65.72330212442377,1269.0,1386.0,1283.0,0,0,181502.25,13277399,1337.7669997663024,0.8571428571428571,0.14285714285714285,0.2571428571428571,6262057.142857143,-0.14430014430014682,-2.645502645502651,2.5983710266105713,-1.5716690716690704,63.683278522641025,45.467260509454604,1.0,1.0,134036.0,-21398.0,-12.380450945110134,0.1891875156667944,1.545324745577683,0.1,0.0
2017-02-21,,,,1370.8,1362.1,1331.05,1290.1333333333334,1336.587738957169,39.357142857142854,60.45454545454545,27.39282049813073,23.870050943886856,3.522769554243876,1408.3041261033754,1253.7958738966245,1331.05,154.50825220675097,-38.064516129032256,66.03590159073741,70.34888786165322,57.40992904890578,60.56773867048423,32.3049001814882,13.2486388384755,34.54832368430214,33.09095488893978,1424.0,1386.0,1283.0,0,0,184425.5,13054298,1341.92989481751,0.07142857142857142,0.9285714285714286,0.4523809523809524,5311928.571428572,-1.5151515151515138,-2.645502645502651,2.639361461602681,-1.5716690716690704,63.683278522641025,45.467260509454604,1.0,1.0,136026.55,5072.0,3.349203309583393,0.187372858287482,1.6444245458500515,0.0,0.0
2017-02-22,,,,1369.6,1366.4,1334.15,1291.3666666666666,1338.7222400088672,40.214285714285715,58.108108108108105,25.77146684124682,24.250334123358847,1.5211327178879728,1410.622974242342,1257.6770257576582,1334.15,152.94594848468387,-41.935483870967744,59.884149447588385,66.8606417236316,45.93116489550195,31.38417387348336,30.550621669627,16.69626998223801,32.59277206593369,29.749858185877123,1424.0,1386.0,1283.0,0,0,187804.0,12858063,1344.268299131009,0.5625,0.4375,0.1875,6132343.75,-1.9480519480519431,-2.645502645502651,2.345153610898798,-1.5716690716690704,63.5593220338983,45.467260509454604,1.0,1.0,137005.9,-15816.0,-10.105360006644904,0.1843684474994791,1.6513311995674709,0.0,0.0
2017-02-23,,,,1364.6,1370.0,1336.1,1292.35,1338.8439314365942,37.92857142857143,62.62135922330097,22.69181406914413,23.938630112515906,-1.2468160433717763,1410.9862997799532,1261.2137002200466,1336.1,149.77259955990667,-54.193548387096776,43.148572750005165,58.95661873242279,11.53248078516991,12.37285799870777,28.625235404896422,14.500941619585687,31.879379386750724,55.42985979188988,1424.0,1386.0,1283.0,0,0,189110.45,12699337,1346.007491741819,0.2571428571428571,0.7428571428571429,0.5428571428571428,4535028.571428571,-3.3189033189033212,-3.3189033189033212,1.4986441205382004,-1.5716690716690704,63.5593220338983,45.467260509454604,1.0,1.0,138075.55,-1891.0,-1.3440420768328631,0.17986905637228887,1.6042288384787997,0.1,0.0
2017-02-24,,,,1358.4,1366.8,1338.25,1293.5166666666667,1339.33498558549,39.214285714285715,63.333333333333336,20.339472848047762,23.21879865962228,-2.8793258115745175,1411.340787093114,1265.159212906886,1338.25,146.18157418622786,-51.61290322580645,38.07502447597942,51.99608731360833,10.2328988007216,-3.3093184188138376,27.686703096539162,17.304189435336976,31.492201797500595,48.01195814648731,1269.0,1386.0,1283.0,0,0,184291.3,12854283,1348.1417050976725,0.8378378378378378,0.16216216216216217,0.10810810810810811,4187729.72972973,-3.0303030303030276,-3.3189033189033212,1.6373479386845475,-1.5716690716690704,63.5593220338983,45.467260509454604,1.0,1.0,137036.6,-21610.0,-15.568715598974093,0.18440946241217515,1.3466282327049701,-0.2,-1.0
2017-02-27,,,,1351.8,1363.4,1341.65,1294.7666666666667,1340.4459393392528,40.0,63.84976525821596,18.823086160886078,22.33965615987504,-3.516569998988963,1410.0982901250923,1273.201709874908,1341.65,136.89658025018434,-51.773049645390074,36.79476106206436,46.92897856309367,16.52632606000573,18.667135280321617,31.607142857142854,13.928571428571427,33.20449067344702,49.55926454468369,1269.0,1386.0,1288.0,0,0,183140.0,13043260,1351.9635463761786,0.38461538461538464,0.6153846153846154,0.1794871794871795,4845564.102564103,-2.5252525252525415,-3.3189033189033212,2.5798339293711696,-1.5716690716690704,63.61741067876183,45.467260509454604,1.0,1.0,137981.75,17004.0,14.509275218867867,0.17946787556854962,1.338814784495987,0.1,-1.0
2017-02-28,,,,1342.8,1356.8,1342.25,1295.0833333333333,1338.498707021229,40.214285714285715,50.909090909090914,14.947591335778043,20.861243195055643,-5.9136518592776,1409.6588077955487,1274.8411922044513,1342.25,134.81761559109736,-83.87096774193549,26.63194281014501,40.16329997877745,-0.4307715271198731,-19.972153226804753,27.53108348134991,17.58436944937833,32.62295959124739,0.0,1424.0,1386.0,1288.0,0,0,185001.45,12857230,1352.8384413563608,0.1282051282051282,0.8717948717948718,0.7948717948717948,4770000.0,-4.761904761904779,-4.761904761904779,0.5499987702571282,-2.3121418976341244,63.61741067876183,45.467260509454604,1.0,0.95,138295.2,-8632.0,-6.4322866212611185,0.1775413687839494,1.350028048904911,0.4,-1.0
2017-03-01,,,,1335.8,1352.7,1342.5,1296.0166666666667,1337.117877781112,40.785714285714285,54.716981132075475,12.05998038920302,19.10099063388512,-7.041010244682102,1409.582039324965,1275.417960675035,1342.5,134.16407864993016,-80.64516129032258,22.839374302808537,34.388658086787814,-0.2591932651500173,-34.48636017139215,26.795096322241683,18.914185639229423,32.02390520602076,19.482229047827992,1300.0,1386.0,1288.0,0,0,186281.2,12997646,1352.8126102723552,0.6923076923076923,0.3076923076923077,0.15384615384615385,5400615.384615385,-4.473304473304484,-4.761904761904779,0.3026997696951951,-2.3121418976341244,63.61741067876183,45.467260509454604,1.0,0.9,138742.0,-5972.0,-4.756064539763949,0.17370996542678896,1.3058982715707874,0.2,-1.0
2017-03-02,,,,1333.0,1348.8,1342.65,1297.6833333333334,1336.0590322781488,36.857142857142854,32.3943661971831,9.819715626055086,17.244735632319113,-7.4250200062640275,1409.5616463782562,1275.738353621744,1342.65,133.82329275651227,-83.05084745762711,22.028970623641065,30.2687622657389,5.5493873394453885,-23.954094569982228,20.348837209302328,20.348837209302328,29.903879113391927,0.0,1300.0,1386.0,1288.0,0,0,188631.9,13140762,1352.698695802071,0.36363636363636365,0.6363636363636364,0.09090909090909091,6505272.727272727,-4.3290043290043485,-4.761904761904779,0.23206452094950972,-2.3121418976341244,63.61741067876183,45.467260509454604,1.0,0.85,139977.45,6202.0,5.185878890245332,0.1618775900167912,1.3047296935717247,0.3,0.0
2017-03-03,,,,1326.6,1342.5,1343.85,1298.6,1333.7676958707061,36.642857142857146,25.17006802721089,6.835807727565225,15.162950051368338,-8.327142323803113,1407.4119051749537,1280.288094825046,1343.85,127.12381034990767,-86.82170542635659,19.884757174170495,26.8074272352161,6.039417052079287,-51.592329893798684,16.569200779727094,24.95126705653021,28.805517675587975,0.0,1424.0,1386.0,1288.0,0,0,191583.9,12983555,1352.162069116107,0.5666666666666667,0.43333333333333335,0.4666666666666667,5240233.333333334,-5.339105339105343,-5.339105339105343,1.0298861554018122,-1.5541237691496745,63.61741067876183,45.467260509454604,1.0,0.8,140633.8,-8484.0,-6.744252599446721,0.1545810699022031,1.308318394405704,0.5,0.0
2017-03-06,,,,1320.4,1336.1,1345.45,1300.25,1332.4564867401627,36.357142857142854,28.57142857142857,5.058263844388648,13.1420128099724,-8.083748965583752,1404.5466202613306,1286.3533797386694,1345.45,118.1932405226612,-80.62015503875969,23.673171449446997,25.7626753066264,19.494163735088193,-47.82556371986492,16.69941060903733,25.14734774066798,27.707156237784027,7.557677008750981,1295.0,1386.0,1292.0,0,0,193595.15,13117646,1352.3324250805526,0.8095238095238095,0.19047619047619047,0.38095238095238093,6385285.714285715,-4.761904761904779,-5.339105339105343,1.3275179983685819,-1.5541237691496745,63.61741067876183,44.585091420534454,1.0,0.75,140810.95,4223.0,3.599802236770322,0.15310453105747307,1.2473416844155736,0.5,-1.0
2017-03-07,,,,1320.6,1331.7,1346.9,1301.95,1331.3653927649093,34.357142857142854,33.58208955223881,3.6877293052118603,11.251156109020293,-7.563426803808433,1401.7448529465892,1292.055147053411,1346.9,109.68970589317814,-79.84496124031008,26.615447632964663,26.046932748739152,27.75247740141569,-46.51193631323022,17.04781704781705,24.532224532224536,26.535727666355456,18.691150452985674,1295.0,1386.0,1304.0,0,0,191926.5,13226623,1353.89333025924,0.5384615384615384,0.46153846153846156,0.07692307692307693,8382846.153846154,-4.689754689754711,-5.339105339105343,1.212370060655762,-1.5541237691496745,63.61741067876183,44.355555555555554,1.0,0.7,140256.55,-7424.0,-6.108528407454639,0.15768778832155597,1.1420371033710066,0.3,0.0
2017-03-08,,,,1306.6,1321.2,1343.8,1302.7833333333333,1323.997260120632,36.142857142857146,22.388059701492537,-2.7728060665674548,8.446363673902743,-11.219169740470198,1411.5008901441622,1276.0991098558377,1343.8,135.40178028832452,-100.0,17.743631755309778,23.279165750929362,6.67256376407061,-110.75028492261008,16.20553359683794,33.201581027667984,27.326203856831643,0.0,1424.0,1386.0,1254.0,0,1,195728.75,12996621,1351.2786303323692,0.0,1.0,0.9571428571428572,3285742.8571428573,-9.523809523809545,-9.523809523809545,-1.833671187119901,-2.433462526146274,63.61741067876183,44.34168272318561,2.0,0.65,141260.3,30839.0,27.025440141616496,0.15457763468652938,1.2245695286941376,0.2,0.0
2017-03-09,,,,1286.8,1309.9,1339.95,1302.0,1314.759425823429,34.42857142857143,16.055045871559628,-9.956726302957804,4.765745678530634,-14.72247198148844,1423.971237916665,1255.9287620833352,1339.95,168.04247583332972,-93.15789473684211,14.520599224036747,20.35964357529849,2.842510521513262,-140.26821560009682,10.58091286307054,43.15352697095435,28.404011380632202,0.0,1424.0,1386.0,1227.0,0,1,201499.9,12800146,1346.2745330560128,0.3333333333333333,0.6666666666666666,0.6923076923076923,5037820.512820513,-11.4718614718615,-11.4718614718615,-2.292648088482517,-2.433462526146274,63.61741067876183,42.13335625416336,2.0,0.6,140919.35,-32520.0,-22.435322525008626,0.15786923938610858,1.34653924157249,0.1,-1.0
2017-03-10,,,,1269.0,1297.8,1332.3,1300.6166666666666,1306.0204328878642,33.785714285714285,12.206572769953056,-15.790775191263947,0.654441504571718,-16.445216695835665,1429.3514784724086,1235.2485215275913,1332.3,194.10295694481738,-95.26315789473684,11.823256625548309,17.514181258715098,0.44140735921472896,-114.83861949636115,10.782241014799155,42.706131078224104,29.869520509184806,0.0,1424.0,1386.0,1223.0,0,1,191623.3,12692254,1342.5776488732492,0.19230769230769232,0.8076923076923077,0.15384615384615385,4149692.3076923075,-11.760461760461782,-11.760461760461782,-6.422012818616338,-2.433462526146274,63.61741067876183,34.701658991288916,1.0,0.55,137147.1,1261.0,1.1215867650982814,0.14520819167927593,1.2683226990640333,-0.2,-1.0
2017-03-13,,,,1254.4,1287.4,1325.4,1299.8666666666666,1300.3994392794962,34.142857142857146,22.935779816513758,-18.26712944630458,-3.1298726856035417,-15.137256760701039,1426.224808977054,1224.5751910229462,1325.4,201.64961795410773,-73.98843930635839,18.751736301090176,17.926699606173457,20.401809690923614,-94.22395705882694,8.577405857740585,45.60669456066945,31.762884724689034,20.775646371976634,1202.0,1386.0,1223.0,0,0,185941.95,12849474,1335.0840876234045,0.9574468085106383,0.0425531914893617,0.5106382978723404,3345106.3829787234,-10.028860028860043,-11.760461760461782,-5.368822027876678,-2.433462526146274,63.61741067876183,33.701492537313435,1.0,0.5,134214.35,-1717.0,-1.5102338795507153,0.14174069386255833,1.328475527667539,-0.5,-1.0
2017-03-14,,,,1238.2,1279.4,1318.1,1298.35,1294.647111729068,33.42857142857143,22.831050228310502,-20.557525179497816,-6.615403184382397,-13.942121995115418,1421.5578988869458,1214.642101113054,1318.1,206.91579777389188,-78.03468208092485,21.67990149541277,19.177766902586562,26.684170681065197,-73.28457398918056,10.683760683760683,42.09401709401709,33.919374851103974,20.57285180572851,1375.0,1384.0,1223.0,0,0,184833.95,12718197,1329.9120101222386,0.18181818181818182,0.8181818181818182,0.3181818181818182,5967136.363636364,-10.404624277456653,-11.760461760461782,-5.724422829409218,-2.433462526146274,63.61741067876183,33.34454488122767,1.0,0.45,131205.55,-7158.0,-6.392555414649825,0.1421798229703448,1.3879641668991385,-0.3,-1.0
2017-03-15,,,,1238.6,1272.6,1312.65,1296.4833333333333,1290.9664344215378,34.0,30.555555555555557,-20.841367703458218,-9.460596088197562,-11.380771615260656,1417.1836007425693,1208.1163992574309,1312.65,209.0672014851384,-68.78612716763006,28.853267663608513,22.40293382292721,41.753935344971126,-64.89974076267578,11.344537815126051,42.857142857142854,35.732835078294265,35.53030303030303,1202.0,1384.0,1223.0,0,0,179862.15,12830406,1324.6902087700682,0.8604651162790697,0.13953488372093023,0.37209302325581395,2609511.6279069767,-9.248554913294804,-11.760461760461782,-4.152080380357022,-2.433462526146274,63.61741067876183,32.026604068857594,1.0,0.4,128465.45,-4022.0,-3.8372004274156657,0.14717363325868427,1.2932607544500039,-0.2,0.0
2017-03-16,,,,1243.0,1264.9,1306.85,1294.7333333333333,1286.969631143296,35.357142857142854,28.310502283105023,-21.384647541849517,-11.845406378927954,-9.539241162921563,1412.0240912662455,1201.6759087337543,1306.85,210.34818253249114,-72.83236994219654,31.76884510907234,25.524904251642255,44.25672682393251,-65.02278529567108,10.90909090909091,40.60606060606061,38.20213048876615,31.183063511830632,1375.0,1384.0,1223.0,0,0,180523.6,12617131,1317.1130109858213,0.8035714285714286,0.19642857142857142,0.125,3808482.1428571427,-9.75433526011561,-11.760461760461782,-4.4462855284521385,-2.433462526146274,63.61741067876183,30.15873015873016,1.0,0.35,127108.95,17138.0,17.00299621009187,0.14652346766978863,1.305445878165041,-0.5,0.0
2017-03-17,,,,1246.6,1257.8,1300.15,1292.7,1282.5915710344107,34.0,25.0,-22.20477108996988,-13.91727932113634,-8.287491768833542,1404.1100631821591,1196.189936817841,1300.15,207.9201263643181,-74.34210526315789,31.579230072714893,27.54301285866647,39.65166450081174,-55.508207560464,6.0924369747899165,42.226890756302524,40.77063615190097,30.09481141904563,1375.0,1384.0,1223.0,0,0,164991.85,12476638,1304.4659478634853,0.4,0.6,0.4,7024650.0,-10.332369942196529,-11.760461760461782,-5.235818966391727,-2.433462526146274,63.61741067876183,28.51924331376386,1.0,0.3,123957.9,-8116.0,-6.881931960790966,0.12552347805629957,1.3715170319687453,-0.2,0.0
2017-03-20,,,,1243.6,1249.0,1292.55,1290.4833333333333,1277.7733261739904,33.357142857142854,27.77777777777777,-23.312220922941833,-15.796267641497439,-7.515953281444395,1392.8599932052564,1192.2400067947435,1292.55,200.61998641051287,-78.26086956521739,29.249541359952005,28.111855692428314,31.524912694999387,-59.082384960660065,6.209850107066383,41.755888650963605,44.48920034923344,36.629158852538694,1375.0,1365.0,1223.0,0,0,159796.85,12361366,1296.9934442804515,0.4666666666666667,0.5333333333333333,0.3,3842400.0,-9.743589743589753,-11.760461760461782,-6.054096421836767,-2.433462526146274,63.61741067876183,28.203957382039572,1.0,0.25,121762.7,-2281.0,-2.0771108035258945,0.11943102559742325,1.3050915763035011,0.0,0.0
2017-03-21,,,,1242.8,1240.5,1286.1,1289.2666666666667,1273.79491415742,33.5,27.77777777777777,-23.595126394097406,-17.356039392017433,-6.239087002079973,1383.3374196977184,1188.8625803022815,1286.1,194.4748393954369,-75.3623188405797,38.38858312885689,31.53743150457117,52.090886377428326,-56.271663103543844,6.183368869936035,40.511727078891255,48.50881480814881,72.84598153308194,1202.0,1359.0,1223.0,0,0,154015.45,12468839,1288.8845563870377,0.7857142857142857,0.21428571428571427,0.14285714285714285,3838321.4285714286,-9.05077262693158,-11.760461760461782,-5.150840336517544,-2.433462526146274,63.61741067876183,27.77777777777777,1.0,0.2,119012.2,-6034.0,-5.611196354675219,0.10680464011915845,1.2663685649059222,-0.2,0.0
2017-03-22,,,,1231.0,1234.8,1278.0,1287.3666666666666,1266.4811128090942,35.5,22.553191489361694,-26.658996761594153,-19.21663086593278,-7.442365895661375,1376.6476985086283,1179.3523014913717,1278.0,197.29539701725662,-94.8905109489051,28.833129493312,30.635997500818114,25.227393478299774,-70.94626401486907,4.225352112676056,43.058350100603626,54.3750762063251,48.40406351243424,1327.0,1351.0,1197.0,0,1,152428.9,12304335,1280.1464540735603,0.14,0.86,0.78,3290080.0,-11.398963730569934,-11.760461760461782,-6.123851963792707,-3.2511685763212617,63.61741067876183,27.45098039215686,1.0,0.15,117942.2,17794.0,17.53086176490872,0.09874191694111295,1.3195120280142987,-0.3,0.0
2017-03-23,,,,1221.6,1232.3,1271.1,1286.1166666666666,1260.3400544463232,34.42857142857143,25.6637168141593,-28.356798368474983,-21.04466436644122,-7.312134002033762,1370.7877229414928,1171.412277058507,1271.1,199.3754458829858,-91.24087591240875,24.777641884430224,28.683212295355485,16.966501062579702,-69.34183859825188,4.356846473029045,39.626556016597505,58.660853764757455,62.95587695619318,1190.0,1351.0,1197.0,0,0,148167.2,12377827,1274.7319928657173,0.375,0.625,0.3125,4593250.0,-11.028867505551421,-11.760461760461782,-5.211045173089662,-3.2511685763212617,63.61741067876183,26.047776042570426,1.0,0.1,116127.65,-16782.0,-14.067647428643282,0.09502938560883684,1.1012013842899584,-0.2,-1.0
2017-03-24,,,,1216.0,1231.3,1264.55,1285.7833333333333,1255.8314778323875,35.07142857142857,26.63755458515284,-28.486337537758345,-22.532999000704645,-5.9533385370537,1361.2393560788576,1167.8606439211424,1264.55,193.3787121577152,-83.21167883211679,27.16657607110163,28.177666887270867,25.144394438763157,-57.776200382498935,6.313645621181264,39.71486761710795,62.40218078291359,67.51173298958076,1190.0,1351.0,1197.0,0,0,145440.7,12478243,1269.2169864877346,0.7,0.3,0.36666666666666664,3347200.0,-10.21465581051072,-11.760461760461782,-4.840297799688668,-3.2511685763212617,63.61741067876183,26.047776042570426,1.0,0.05,115442.25,973.0,0.9491479129476232,0.09862898528365845,1.0393983959801762,-0.1,-1.0
2017-03-27,,,,1210.0,1226.8,1257.1,1285.0166666666667,1250.704670419779,37.07142857142857,25.10460251046024,-29.14069059018516,-23.854537318600748,-5.286153271584411,1348.56273327943,1165.6372667205699,1257.1,182.92546655886008,-83.56164383561644,27.634860237877277,27.996731337473005,26.91111803868582,-62.8771457611116,5.394990366088632,40.26974951830444,66.57155992697628,70.29288702928862,1324.0,1326.0,1197.0,0,0,142248.8,12353104,1260.5260530610217,0.5853658536585366,0.4146341463414634,0.2682926829268293,3052170.731707317,-9.351432880844634,-11.760461760461782,-5.587227379242654,-3.2511685763212617,63.61741067876183,25.564987056769617,1.0,0.0,114142.3,4713.0,4.554239220764167,0.09276223406963062,1.0563213362745052,-0.4,0.0
2017-03-28,,,,1214.4,1228.6,1254.0,1285.7166666666667,1251.3994637131334,36.214285714285715,50.87719298245614,-24.854036251315392,-24.054437105143677,-0.7995991461717153,1340.5575561479911,1167.4424438520089,1254.0,173.11511229598227,-4.761904761904762,50.94356536183688,35.645676012260964,81.53934406098873,-16.64599295074684,13.21499013806706,29.388560157790923,66.82605728147362,100.0,1178.0,1326.0,1197.0,0,0,145096.05,12596079,1254.263472943153,1.0,0.0,0.9655172413793104,4189224.1379310344,-5.128205128205121,-11.760461760461782,-1.8152306414142716,-3.2511685763212617,63.61741067876183,25.564987056769617,2.0,0.05,114100.85,16538.0,15.284799304984343,0.09239672176857211,1.2341336401620147,-0.1,0.0
2017-03-29,,,,1230.2,1230.6,1251.6,1286.25,1253.7423719309304,35.142857142857146,61.18721461187214,-19.77641206842486,-23.198832097799915,3.422420029375054,1332.4595924068838,1170.740407593116,1251.6,161.7191848137677,-6.666666666666667,65.07348801900237,45.45494668117476,104.3105706946576,27.586082974221473,18.699186991869915,22.154471544715445,63.100339483261166,100.0,1178.0,1326.0,1197.0,0,0,145586.9,12746312,1252.0107620717706,0.7083333333333334,0.2916666666666667,0.75,6259708.333333333,-3.7707390648567096,-11.760461760461782,-1.332589040729917,-3.2511685763212617,63.61741067876183,25.564987056769617,2.0,0.1,113042.25,-26315.0,-21.096386797822618,0.0974356170176367,1.263623390910063,0.0,1.0
2017-03-30,,,,1246.4,1234.0,1249.45,1286.5666666666666,1256.5288126994133,35.07142857142857,63.51351351351351,-15.014439707830661,-21.561953619806065,6.547513911975404,1324.022395061846,1174.877604938154,1249.45,149.14479012369202,-1.8691588785046729,76.09260571983336,55.66749969406096,116.94281777137816,38.61767799661822,19.14460285132383,22.19959266802444,59.365008632916386,99.99999999999999,1178.0,1321.0,1197.0,0,0,144208.8,12861866,1249.2012166848808,0.92,0.08,0.28,4622160.0,-2.876608629825872,-11.760461760461782,-1.169709184619644,-3.2511685763212617,63.61741067876183,25.564987056769617,2.0,0.15,111706.7,663.0,0.673629879498483,0.09852507406300719,1.3534847172240079,0.3,1.0
2017-03-31,,,,1265.2,1240.6,1249.2,1287.45,1261.3355924423263,34.357142857142854,63.51351351351351,-9.197915041179158,-19.089145904080684,9.891230862901526,1322.9180974709311,1175.481902529069,1249.2,147.43619494186214,-2.272727272727273,83.30416138897982,64.87972025903392,120.15304364887163,70.25057591086494,23.7006237006237,19.33471933471934,55.20823428980664,99.99999999999999,1178.0,1321.0,1197.0,0,0,143478.8,13004473,1248.1927424121195,0.918918918918919,0.08108108108108109,0.6486486486486487,3854243.2432432435,-1.059803179409513,-11.760461760461782,0.002788325929126136,-3.2511685763212617,63.61741067876183,25.564987056769617,2.0,0.2,110577.2,-4363.0,-4.40329010445577,0.10441830369942369,1.460524282485649,0.0,1.0
2017-04-05,,,,1284.6,1247.3,1248.15,1288.7333333333333,1264.9226788763906,36.0,63.22869955156951,-5.17416591441588,-16.306149906147724,11.131983991731843,1318.125258785532,1178.1747412144682,1248.15,139.95051757106376,-18.79194630872483,82.60545882307827,70.78829978038203,106.23977690847073,82.59387158926299,24.206349206349202,18.452380952380953,51.920677293559315,99.30465887993738,1327.0,1321.0,1197.0,0,0,142999.25,12879973,1247.4005555973195,0.37777777777777777,0.6222222222222222,0.17777777777777778,2766666.6666666665,-1.6654049962149586,-11.760461760461782,-0.47802135058933987,-3.2511685763212617,63.61741067876183,25.564987056769617,2.0,0.25,108653.65,-11658.0,-12.307594856527526,0.11748262539179494,1.528980461548883,0.3,1.0
2017-04-06,,,,1293.6,1254.0,1247.25,1290.3833333333334,1268.5490904119724,34.57142857142857,61.13744075829384,-1.6436027420011214,-13.373640473318403,11.730037731317282,1313.6518864665204,1180.8481135334796,1247.25,132.80377293304082,-16.107382550335572,83.03451169860699,74.87037041979036,99.36279425624025,85.54385206642873,24.3801652892562,15.702479338842977,49.314245125870855,94.1990867312551,1178.0,1307.0,1197.0,0,0,141408.55,12957136,1246.0125242309134,0.6956521739130435,0.30434782608695654,0.17391304347826086,3354913.043478261,-0.3060443764345777,-11.760461760461782,-0.38637270044335936,-3.2511685763212617,63.61741067876183,26.047776042570426,2.0,0.3,106978.8,-2450.0,-2.949532890301454,0.13213053378852888,1.3308389976363522,0.0,1.0
2017-04-07,,,,1298.6,1264.4,1249.6,1291.9333333333334,1271.6396532298797,32.92857142857143,62.62135922330097,0.9816943616513072,-10.502573506324461,11.484267867975769,1320.2016251490081,1178.9983748509917,1249.6,141.20325029801643,-17.449664429530202,82.87311965589458,77.53795349849177,93.5434519707002,78.21952056987152,26.464208242950104,14.533622559652928,47.27520728851369,97.82190606390621,1327.0,1307.0,1197.0,0,0,136088.1,12833543,1245.7567467936826,0.6060606060606061,0.3939393939393939,0.06060606060606061,3745242.424242424,-0.4590665646518777,-11.760461760461782,1.9070134675524082,-2.203221535745802,63.61741067876183,26.442787030954133,1.0,0.35,104031.9,5398.0,6.696107375890037,0.11288535978202406,1.3129411071281036,-0.1,0.0
2017-04-10,,,,1300.8,1273.6,1252.95,1293.3166666666666,1273.7692100651293,32.785714285714285,62.92682926829268,2.4689591082549214,-7.908266983408585,10.377226091663506,1325.3712094551327,1180.5287905448674,1252.95,144.84241891026522,-22.14765100671141,81.19952943502592,78.75847881066983,86.08163068373813,68.72763167392895,26.579520697167755,14.596949891067538,44.012201603147744,98.5676766777495,1327.0,1307.0,1197.0,0,0,130897.45,12740881,1248.6883564194718,0.16666666666666666,0.8333333333333334,0.3888888888888889,5147888.888888889,-0.9946442234123998,-11.760461760461782,2.835461589592655,-1.01926740249242,63.61741067876183,27.549733139252787,1.0,0.4,101754.75,-19125.0,-22.235269497279454,0.13945490061063,1.3567692240265008,-0.2,0.0
2017-04-11,,,,1285.8,1275.5,1253.4,1293.75,1269.7911900589265,35.42857142857143,50.0,-1.3398102111668777,-6.594575628960244,5.254765417793366,1325.146336785247,1181.6536632147531,1253.4,143.49267357049393,-63.758389261744966,62.53196975458421,73.34964245864128,40.89662434647005,-2.867107075681147,24.596774193548384,23.387096774193548,38.89890628502051,67.00828302681457,1327.0,1307.0,1197.0,0,0,135794.25,12535053,1249.520604149292,0.08196721311475409,0.9180327868852459,1.0163934426229508,3374229.5081967213,-5.738332058148432,-11.398963730569934,0.44823757820677934,-3.2371400489188322,63.61741067876183,27.77777777777777,2.0,0.4,101669.3,45095.0,67.4196779643279,0.13887680738777242,1.4232719084996936,-0.3,0.0
2017-04-12,,,,1270.2,1277.4,1252.1,1293.6333333333334,1265.1444100533145,35.214285714285715,47.16981132075472,-5.1861131228372415,-6.312883127735644,1.1267700048984022,1325.2628320938768,1178.937167906123,1252.1,146.32566418775377,-71.14093959731544,42.60541102905003,63.101565315444205,1.6131024562616858,-33.63878315195932,24.746450304259632,24.543610547667342,33.677159206348,60.09869701922289,1327.0,1307.0,1197.0,0,0,135453.7,12384644,1249.2668683099835,0.12,0.88,0.44,6016360.0,-6.579954093343532,-11.398963730569934,-0.7476980955610514,-3.2371400489188322,63.61741067876183,27.77777777777777,2.0,0.4,101541.85,-2557.0,-2.283402689717995,0.13819755054087904,1.3984109833714478,-0.3,0.0
2017-04-13,,,,1257.0,1275.3,1251.95,1292.9666666666667,1262.4639900482368,34.57142857142857,58.264462809917354,-6.8641440294411495,-6.423135308076746,-0.44100872136440383,1325.22949379276,1178.6705062072401,1251.95,146.55898758551984,-60.40268456375839,35.87487172051612,54.026000783801514,-0.4273864060546799,-24.0566798708425,27.066115702479344,21.487603305785125,28.631566501180828,86.3337684758131,1178.0,1307.0,1197.0,0,0,136733.5,12541517,1248.573680188103,0.6341463414634146,0.36585365853658536,0.3902439024390244,3826170.731707317,-5.355776587605177,-11.398963730569934,0.04262773974621209,-3.2371400489188322,63.61741067876183,27.77777777777777,2.0,0.4,102088.1,6316.0,5.771989947452583,0.14081414171887438,1.4780487084363387,0.0,0.0
2017-04-14,,,,1242.2,1270.4,1250.5,1292.3,1259.0864671865,35.714285714285715,55.06072874493927,-8.898337542826766,-6.91817575502675,-1.9801617878000162,1324.5852993443652,1176.4147006556348,1250.5,148.17059868873048,-67.11409395973155,28.514282296436036,45.52209462134636,-5.501342353384615,-20.818357857591693,26.799999999999997,20.8,23.804163842003952,77.99264663374002,1327.0,1307.0,1197.0,0,0,141139.45,12341189,1247.7259387789877,0.125,0.875,0.3125,6260250.0,-6.120887528691632,-11.398963730569934,-0.841418487521188,-3.2371400489188322,63.61741067876183,27.77777777777777,2.0,0.4,103343.15,10154.0,8.773036348398588,0.14825498252243777,1.5089093848528903,0.0,0.0
2017-04-17,,,,1226.6,1263.7,1248.85,1291.5833333333333,1254.982994121119,36.5,50.607287449392715,-11.268166220917465,-7.7881738482048934,-3.4799923727125712,1324.528753188774,1173.1712468112257,1248.85,151.35750637754836,-74.49664429530202,22.261554051282562,37.76858109799176,-8.752500042135836,-38.16299337063997,24.266144814090023,23.28767123287671,18.76782394824026,66.39783392167816,1327.0,1307.0,1197.0,0,0,140748.0,12135743,1246.58617766031,0.2926829268292683,0.7073170731707317,0.2682926829268293,5010878.048780488,-6.962509563886732,-11.398963730569934,-0.9812988362400862,-3.2371400489188322,63.61741067876183,27.77777777777777,2.0,0.4,104156.7,8308.0,6.599150085388628,0.1586219855815089,1.5380110953117845,-0.3,0.0
2017-04-18,,,,1222.2,1254.0,1247.3,1290.5,1250.698899442917,34.92857142857143,51.652892561983464,-13.475089929154365,-8.925557064394788,-4.549532864759577,1324.901139438169,1169.698860561831,1247.3,155.2022788763379,-92.1259842519685,16.659217852370194,30.732126682784575,-11.486599808458564,-46.29669718009297,25.357873210633947,21.47239263803681,13.90536932070908,27.4300228207475,1327.0,1307.0,1197.0,0,0,140541.65,11999377,1245.2016744976786,0.21052631578947367,0.7894736842105263,0.3157894736842105,7177157.894736842,-7.421576128538609,-11.398963730569934,-0.9204114170953466,-3.2371400489188322,63.61741067876183,27.77777777777777,2.0,0.4,104952.0,-8481.0,-6.319530859965871,0.16367570522863872,1.3873346125989572,0.0,0.0
2017-04-19,,,,1226.6,1248.4,1247.85,1289.3166666666666,1249.965670924544,35.357142857142854,46.57534246575342,-12.418120299663315,-9.624069711448493,-2.794050588214821,1325.1498944644002,1170.5501055355996,1247.85,154.59978892880054,-57.534246575342465,26.64499235270795,29.369748572759033,21.195479912605784,-32.57686962908075,21.212121212121215,26.262626262626267,11.953607528521754,0.0,1181.0,1307.0,1197.0,0,0,144843.8,12200692,1244.1575860800854,0.96875,0.03125,0.515625,3145546.875,-4.8967100229532985,-11.398963730569934,0.5056701068942191,-3.2371400489188322,63.5593220338983,27.77777777777777,2.0,0.4,106265.45,8082.0,6.428469162119588,0.17268328198871255,1.4133369714825164,0.1,0.0
2017-04-20,,,,1234.0,1245.5,1249.75,1288.9666666666667,1252.254654646016,36.785714285714285,49.568965517241374,-8.975558677701201,-9.494367504699035,0.5188088269978337,1327.6889099500845,1171.8110900499155,1249.75,155.87781990016902,-36.3013698630137,41.98207823513863,33.5738584602189,58.79851778497809,14.60689628775912,21.16504854368932,25.242718446601945,11.977100345369971,17.673827020915756,1181.0,1307.0,1197.0,0,0,152514.4,12461577,1245.9023632085452,1.0,0.0,0.6888888888888889,5797444.444444444,-2.5248661055852772,-11.398963730569934,1.3249144036804716,-3.2371400489188322,63.5593220338983,27.77777777777777,2.0,0.45,108173.35,5855.0,4.3758034139487645,0.18265556048705864,1.5158638816269332,0.1,0.0
2017-04-21,,,,1245.6,1243.9,1254.15,1288.7666666666667,1255.373258965443,36.785714285714285,50.42372881355932,-5.298616567301224,-8.655217317219472,3.3566007499182486,1329.441084255826,1178.8589157441743,1254.15,150.58216851165162,-28.767123287671232,57.36658323020541,41.504766716881065,89.09021625685409,47.47813896692714,25.63106796116505,25.242718446601945,11.5038286465878,22.720200055571006,1181.0,1307.0,1202.0,0,0,157164.55,12719084,1251.1731700946555,0.391304347826087,0.6086956521739131,0.4782608695652174,11195956.52173913,-1.6832440703901663,-11.028867505551421,3.104433035907168,-1.1010676455860111,63.5593220338983,27.77777777777777,2.0,0.5,109324.05,2650.0,1.8974788592213798,0.1927030118213871,1.559516128291547,0.5,0.0
2017-04-24,,,,1264.0,1245.3,1259.45,1288.8833333333334,1260.385329540163,37.785714285714285,50.212765957446805,-0.5226805370184593,-7.02870996117927,6.50602942416081,1334.2056722015966,1184.6943277984035,1259.45,149.5113444031931,-13.013698630136986,69.83642862113196,50.94865401829803,107.6119778267998,54.533112889823954,23.251417769376186,26.843100189035916,11.291320345482287,21.841983408807288,1181.0,1308.0,1202.0,1,0,166191.85,12973122,1255.6315367851473,0.8627450980392157,0.13725490196078433,0.45098039215686275,4981137.2549019605,0.0,-10.21465581051072,3.6261488383616056,-1.1010676455860111,63.5593220338983,27.77777777777777,2.0,0.55,111844.65,10616.0,7.459823342163885,0.20675641354160082,1.5855828142080857,0.9,0.0
2017-04-25,,,,1280.8,1251.5,1263.5,1288.7666666666667,1263.586726726814,36.42857142857143,48.962655601659755,2.1082970426848533,-5.201308560406446,7.309605603091299,1336.413791923259,1190.586208076741,1263.5,145.82758384651788,-15.671641791044776,74.66707181707304,58.854793284556365,106.29162888210638,52.65038387715252,20.784313725490193,27.843137254901958,11.36473155542763,14.599975921061818,1315.0,1308.0,1202.0,0,0,172631.05,12743922,1259.8003708873152,0.2692307692307692,0.7307692307692307,0.5384615384615384,8815384.615384616,-1.0703363914373099,-9.351432880844634,2.774011520377877,-1.2563868052502973,63.52267521759047,27.77777777777777,2.0,0.6,113822.05,-9891.0,-6.467876410004902,0.21124909692074145,1.6891334586369111,0.9,0.0
2017-04-26,,,,1287.6,1257.1,1267.25,1288.6666666666667,1264.8641813242605,37.214285714285715,44.881889763779526,2.789452730000221,-3.6031563023251123,6.392609032325334,1334.326939326943,1200.173060673057,1267.25,134.15387865388584,-28.35820895522388,73.65864489297407,63.78941048736227,93.39711370419768,33.25615982080922,20.345489443378117,29.558541266794624,11.13702112153163,0.0,1315.0,1308.0,1210.0,0,0,177487.7,12521650,1263.6233928698532,0.058823529411764705,0.9411764705882353,0.5,6537411.764705882,-2.3700305810397615,-7.421576128538609,2.588154724033179,-1.487635239567233,63.51351351351351,27.77777777777777,2.0,0.65,115505.45,-1167.0,-0.8158899282687981,0.2146842691841692,1.7015758191466475,0.8,0.0
2017-04-27,,,,1292.0,1263.0,1269.15,1288.4666666666667,1267.8294973886166,36.714285714285715,49.077490774907744,4.807002596358188,-1.9211245225884521,6.728127118946641,1337.268395382381,1201.0316046176192,1269.15,136.23679076476174,-14.17910447761194,77.71272843611206,68.43051647027886,96.27715236777846,31.252446246558474,19.844357976653697,29.571984435797667,10.464486140785175,23.25084553527526,1181.0,1308.0,1210.0,0,0,174343.2,12701735,1266.621422573407,0.9615384615384616,0.038461538461538464,0.7307692307692307,6926346.153846154,-0.9174311926605561,-7.421576128538609,1.5079487328289967,-1.487635239567233,63.485311398354874,27.77777777777777,1.0,0.65,116688.0,6521.0,4.596558748687141,0.22113770761150112,1.5706947556449513,0.8,0.0
2017-04-28,,,,1294.8,1270.2,1270.3,1288.1333333333334,1270.7981166849388,37.785714285714285,50.93632958801498,6.57223964155196,-0.22245168976036966,6.794691331312329,1339.6704016968015,1200.9295983031984,1270.3,138.74080339360307,-13.86861313868613,80.51894791117934,72.45999361724569,96.63685649904664,47.72252289641215,23.251417769376186,28.733459357277884,9.139123672565564,45.24122381669156,1181.0,1308.0,1210.0,0,0,177437.2,12913848,1268.40043049973,0.42424242424242425,0.5757575757575758,0.09090909090909091,6427666.666666667,-0.6880733944954032,-7.421576128538609,0.9678533984705922,-1.487635239567233,63.36231884057971,27.77777777777777,1.0,0.65,119075.3,-2220.0,-1.4960778499609084,0.22028407446397996,1.499028139547595,0.5,0.0
2017-05-02,,,,1292.8,1278.4,1271.05,1287.7166666666667,1273.3887722387542,35.07142857142857,66.01941747572815,7.800590720931041,1.3821567923779123,6.418433928553128,1341.3170844556068,1200.782915544393,1271.05,140.53416891121378,-14.598540145985401,82.14645189212443,75.68881304220527,95.06172959196275,38.9046887934127,25.050916496945014,18.73727087576375,9.988951975979955,100.00000000000001,1318.0,1308.0,1210.0,0,0,176733.9,12812360,1268.9540010905284,0.5862068965517241,0.41379310344827586,0.034482758620689655,3499586.2068965514,-0.7645259938837912,-7.421576128538609,0.6752634602471124,-1.487635239567233,63.36231884057971,27.77777777777777,1.0,0.65,121389.55,-798.0,-0.5459471293306373,0.217605451121391,1.306416618742291,0.4,0.0
2017-05-03,,,,1293.4,1287.1,1270.55,1287.8666666666666,1275.6374605969681,34.357142857142854,69.38775510204081,8.594306344707775,2.824586702843885,5.76971964186389,1339.876003323708,1201.223996676292,1270.55,138.65200664741587,-15.328467153284672,80.23246605542377,77.20336404661143,86.29067007304846,37.55933525607302,25.571725571725576,17.255717255717258,11.346520054152133,100.0,1318.0,1308.0,1210.0,0,0,175900.95,12686412,1268.7750378835365,0.6666666666666666,0.3333333333333333,0.06666666666666667,8396533.333333332,-0.8409785932721681,-7.421576128538609,-0.2488055225898237,-1.487635239567233,63.485311398354874,27.77777777777777,1.0,0.65,123990.2,1365.0,0.9389832840338341,0.2113955148337705,1.1576006683711824,0.1,0.0
2017-05-04,,,,1287.2,1287.4,1267.9,1287.1666666666667,1272.814845302019,36.07142857142857,51.94805194805194,5.049846433481662,3.26963864897144,1.7802077845102215,1336.6968787541446,1199.1031212458556,1267.9,137.59375750828895,-52.55474452554745,58.25021546552061,70.88564785291449,32.97935069073284,-13.360279297469843,22.574257425742573,25.544554455445542,10.966768468726787,28.834575260804744,1318.0,1308.0,1210.0,0,0,184699.0,12385951,1266.8919150437557,0.18461538461538463,0.8153846153846154,0.7846153846153846,4622476.923076923,-4.740061162079501,-7.421576128538609,-1.6436557792911495,-3.9751107954511595,63.485311398354874,27.77777777777777,2.0,0.6,127799.4,12513.0,8.52761781442737,0.19934155536366907,1.2215978152054052,-0.2,0.0
2017-05-05,,,,1273.8,1282.9,1264.2,1286.1166666666666,1268.6420028923028,35.785714285714285,50.42016806722689,0.859174463906129,2.787545811958378,-1.928371348052249,1333.0082002456782,1195.391799754322,1264.2,137.61640049135622,-64.96350364963503,39.566077709614476,60.445791138481155,-2.193349148118884,-43.81046434741333,22.155688622754493,27.14570858283433,10.789369573946203,22.599807135969144,1318.0,1308.0,1210.0,0,0,190878.85,12185191,1264.6507500263476,0.07142857142857142,0.9285714285714286,0.6071428571428571,7170000.0,-6.039755351681942,-7.421576128538609,-2.343242209191316,-3.9751107954511595,63.485311398354874,27.77777777777777,2.0,0.55,130256.1,-29500.0,-18.524565457650954,0.17601983862120163,1.2883374492898159,-0.3,-1.0
2017-05-08,,,,1261.0,1277.9,1260.9,1284.7666666666667,1265.4380026168456,34.5,54.07725321888412,-1.9552742240964562,1.8389818047474111,-3.7942560288438676,1328.5987133516614,1193.2012866483387,1260.9,135.3974267033227,-60.583941605839414,29.307788070145918,50.06645678236941,-12.20954935430106,-36.15006836781357,22.98136645962733,24.223602484472053,10.83036712956364,37.52311264335467,1181.0,1308.0,1210.0,0,0,192364.55,12338498,1262.5491501249408,0.19047619047619047,0.8095238095238095,0.2857142857142857,7300333.333333333,-5.581039755351669,-7.421576128538609,-2.0615463912330996,-3.9751107954511595,63.36231884057971,27.77777777777777,2.0,0.5,132696.6,5074.0,3.9106575823904866,0.15397717908578515,1.2255270019410867,0.0,-1.0
2017-05-09,,,,1248.8,1270.8,1258.05,1283.65,1262.7296214152414,34.92857142857143,55.89519650655022,-3.9785001280972665,0.6754854181784757,-4.6539855462757425,1324.6721869159999,1191.427813084,1258.05,133.24437383199984,-59.12408759124087,26.13918544610388,42.0906996702809,-5.763843002250155,-43.2075188781593,22.699386503067483,26.789366053169733,10.828047099454807,44.9415133509915,1181.0,1308.0,1210.0,0,0,195361.5,12491099,1260.5152853385475,0.8,0.2,0.08,6104040.0,-5.428134556574915,-7.421576128538609,-1.7640887492460549,-3.9751107954511595,63.36231884057971,27.77777777777777,2.0,0.45,135962.4,-2619.0,-1.9425613030514266,0.09821590624219274,1.316758447469165,-0.2,-1.0
2017-05-10,,,,1235.0,1264.2,1257.85,1281.1833333333334,1259.4220384233136,32.357142857142854,46.34146341463415,-6.236258313532971,-0.7068633281638138,-5.529394985369158,1324.8245434749722,1190.8754565250276,1257.85,133.94908694994456,-89.10891089108911,21.056486667039554,35.07929533586712,-6.98913067061558,-40.19841527046014,21.633554083885212,23.399558498896248,10.348280724819844,5.95601759296283,1318.0,1308.0,1210.0,0,0,191945.05,12353600,1260.1352314981118,0.25,0.75,0.32142857142857145,4910678.571428572,-6.116207951070319,-7.421576128538609,-0.0509810876290683,-1.4927552284503889,63.24962630792228,27.77777777777777,1.0,0.45,137309.25,6716.0,5.080066261733851,0.08818085888097439,1.3430467993101065,-0.2,-1.0
2017-05-11,,,,1241.4,1264.3,1260.7,1279.4,1261.1913680972837,34.142857142857146,50.89285714285714,-3.945484717352656,-1.3545876060015822,-2.5908971113510737,1325.8996125270767,1195.5003874729234,1260.7,130.39922505415325,-38.83495145631068,34.426007292589475,34.86153265477457,33.55495656821928,-0.5419336783583159,21.966527196652716,23.430962343096233,9.951080408602115,24.528688524590155,1215.0,1308.0,1210.0,0,0,197172.45,12608557,1261.3344992332009,0.9,0.1,0.7142857142857143,3642242.8571428573,-2.2935779816513624,-7.421576128538609,2.1789076906364144,-1.4927552284503889,62.98720332494805,27.77777777777777,2.0,0.5,139632.7,16975.0,12.219350844736866,0.0778540910412886,1.2927872075951155,0.2,1.0
2017-05-12,,,,1248.4,1261.1,1262.05,1277.3666666666666,1261.4588568499232,34.07142857142857,45.37444933920705,-3.2225654073267833,-1.7281831662666227,-1.4943822410601606,1326.2945164565315,1197.8054835434684,1262.05,128.48903291306306,-52.42718446601942,40.14365398453333,36.62223976469416,47.186482424211675,8.844917282281497,16.771488469601678,23.48008385744235,11.087030972033599,2.009966057629811,1318.0,1308.0,1210.0,0,0,200293.25,12389268,1262.7229415702561,0.3333333333333333,0.6666666666666666,0.5833333333333334,9137041.666666666,-3.3639143730886722,-7.421576128538609,1.0981664920692131,-1.4927552284503889,62.682453232299316,27.77777777777777,2.0,0.55,141569.2,-1423.0,-0.9127997228886242,0.0691289224710605,1.2672483386470694,0.2,0.0
2017-05-15,,,,1259.0,1260.0,1265.1,1276.0833333333333,1263.9865847689782,33.42857142857143,45.6140350877193,-0.70492132787831,-1.5235307985889601,0.8186094707106502,1328.1184601191283,1202.0815398808716,1265.1,126.0369202382567,-29.12621359223301,54.73178464869272,42.65875472602701,78.87784449402412,24.4369243877215,16.666666666666664,22.22222222222222,11.595309755244996,2.987633016968671,1215.0,1308.0,1210.0,0,0,201413.0,12611991,1264.9462920301405,0.8571428571428571,0.14285714285714285,0.5714285714285714,5302928.571428572,-1.5290519877675601,-7.421576128538609,2.270798272503735,-1.4927552284503889,62.62135922330097,27.77777777777777,2.0,0.6,143743.65,14913.0,9.654239307054402,0.07575841958500024,1.3028069724121483,0.2,0.0
2017-05-16,,,,1269.0,1258.9,1268.65,1274.7833333333333,1266.1783386005043,33.57142857142857,48.372093023255815,1.195853051494396,-0.9796540285722889,2.175507080066685,1327.9095539709742,1209.390446029026,1268.65,118.51910794194828,-30.097087378640776,65.05928500389038,50.125598151981464,94.92665870770821,32.357618333840456,17.4468085106383,22.127659574468087,11.403297466458515,14.242317956538324,1318.0,1308.0,1210.0,0,0,198832.55,12458154,1267.958029340099,0.6071428571428571,0.39285714285714285,0.03571428571428571,5494178.571428572,-1.605504587155937,-7.421576128538609,2.65771375268138,-1.4927552284503889,61.474043534157914,27.77777777777777,2.0,0.65,144835.2,-13350.0,-7.881500023614985,0.07578903659942926,1.2691323156867715,0.4,0.0
2017-05-17,,,,1276.6,1255.8,1271.45,1272.9666666666667,1266.1613539718849,33.142857142857146,47.48858447488585,0.9962221173675516,-0.5844787993843208,1.5807009167518724,1323.947518738326,1218.9524812616742,1271.45,104.99503747665176,-50.48543689320388,63.854784380103624,54.701993561355515,82.16036601759983,6.018854395091549,17.672413793103445,21.551724137931036,10.79105256849933,8.804015392794946,1318.0,1308.0,1228.0,0,0,205025.85,12197922,1270.0623576653059,0.14285714285714285,0.8571428571428571,0.75,9294000.0,-3.2110091743119074,-6.116207951070319,2.1004401839555413,-1.746724106014777,61.1473955290095,27.77777777777777,2.0,0.65,146773.0,8444.0,5.41164105259111,0.07389159773317824,1.3876104812470786,0.4,0.0
2017-05-18,,,,1276.8,1259.1,1273.25,1271.2166666666667,1267.3840821650388,33.07142857142857,46.009389671361504,1.8655001932811501,-0.09448300085122663,1.9599831941323766,1324.082542415442,1222.417457584558,1273.25,101.6650848308841,-37.86407766990291,68.27266749838233,59.22555154036445,86.3668994144181,10.894605225513496,17.71058315334773,20.734341252699785,9.94677608058841,2.64411879990791,1215.0,1308.0,1228.0,0,0,204253.9,12383798,1272.712456000432,0.6,0.4,0.52,7435040.0,-2.2171253822629855,-6.116207951070319,1.4290582697263394,-1.746724106014777,60.591124515295135,27.77777777777777,2.0,0.7,146932.85,-27477.0,-16.705577645642578,0.07259207458756212,1.331870123091841,0.1,0.0
2017-05-19,,,,1292.2,1270.3,1276.6,1270.8166666666666,1274.3951219588446,35.785714285714285,57.72058823529412,7.471168199273052,1.4186472391736293,6.0525209600994225,1335.785346692864,1217.4146533071357,1276.6,118.37069338572837,-0.0,78.84844499892156,65.76651602655015,105.0123029436644,84.64420622518654,22.55489021956088,19.161676646706585,9.77452727676066,51.41374127337198,1215.0,1341.0,1228.0,1,0,210251.4,12764633,1277.6043534866672,1.0,0.0,0.8732394366197183,5363873.23943662,0.0,-6.116207951070319,2.2076658624004577,-1.746724106014777,58.83905839959266,27.77777777777777,3.0,0.7,150380.2,71605.0,52.26604185370909,0.11492076555020435,1.4130713005901772,0.2,0.0
2017-05-22,,,,1302.2,1280.6,1279.25,1270.4666666666667,1280.4527293913354,35.42857142857143,57.2992700729927,11.538615574915866,3.442640906322077,8.09597466859379,1344.4585722488498,1214.0414277511502,1279.25,130.4171444976996,-14.583333333333334,81.03785222150327,70.85696142486785,101.39963381477412,112.8971615735188,26.411290322580644,18.548387096774192,9.993826175796757,49.659221648033615,1359.0,1341.0,1228.0,0,0,209546.6,12521222,1280.9038156667777,0.125,0.875,0.125,10142125.0,-0.22371364653245296,-6.116207951070319,1.773211163174008,-1.746724106014777,58.83905839959266,27.77777777777777,3.0,0.7,151849.05,-36920.0,-17.698436286588116,0.11722400307870215,1.4336450229595643,0.1,0.0
2017-05-23,,,,1314.6,1291.8,1281.3,1270.6166666666666,1286.9810408778749,35.857142857142854,59.154929577464785,15.471360777201426,5.848384880497947,9.62297589670348,1352.606897872556,1209.993102127444,1281.3,142.61379574511193,-6.944444444444445,85.04375333285404,75.58589206086324,103.95947587683563,102.10754904185393,26.09561752988048,18.326693227091635,9.856062855047671,100.0,1215.0,1349.0,1228.0,1,0,206218.0,12708688,1283.044251552564,0.5714285714285714,0.42857142857142855,0.5238095238095238,8926952.380952382,0.0,-6.116207951070319,1.4048817133792963,-1.746724106014777,58.44255616342684,27.77777777777777,3.0,0.7,154153.1,27320.0,15.91277098889834,0.13424362148091545,1.4248634355989567,0.2,0.0
2017-05-24,,,,1329.8,1303.2,1283.7,1270.5833333333333,1292.2209417466488,33.57142857142857,70.0,17.817855043639156,8.242278913126189,9.575576130512967,1359.8718279183167,1207.5281720816834,1283.7,152.3436558366334,-11.805555555555555,84.73321873280611,78.63500095151086,96.9296542953966,82.76813834086465,27.87234042553192,10.851063829787234,12.55486317289561,99.99999999999999,1359.0,1349.0,1228.0,0,0,206843.7,12466974,1285.6408984175007,0.5151515151515151,0.48484848484848486,0.21212121212121213,7324666.666666667,-0.5189028910304039,-6.116207951070319,1.642092726512985,-1.746724106014777,58.44255616342684,27.77777777777777,3.0,0.7,155896.2,-21110.0,-10.607720370240092,0.1358015468070973,1.3801771647094039,0.5,0.0
2017-05-25,,,,1341.4,1309.1,1286.7,1270.35,1296.4856139612536,33.714285714285715,73.6842105263158,19.054363599467706,10.404695850394493,8.649667749073213,1366.404982344411,1206.995017655589,1286.7,159.40996468882213,-15.277777777777779,82.9685632673536,80.07952172345844,88.74664635514392,68.78449104681945,27.754237288135595,9.957627118644067,15.202688440472505,100.0,1359.0,1349.0,1228.0,0,0,204814.95,12285277,1287.8452551925532,0.5,0.5,0.16666666666666666,6056566.666666667,-0.8895478131949797,-6.116207951070319,2.058084633380943,-1.746724106014777,58.44255616342684,27.77777777777777,3.0,0.7,157800.05,2048.0,1.1512344291046528,0.13657534511782002,1.310775704489353,0.4,0.0
2017-05-26,,,,1343.0,1317.6,1289.35,1270.8333333333333,1301.4869840601818,33.785714285714285,74.35897435897436,20.763259321561463,12.476408544627887,8.286850776933576,1373.743252411719,1204.956747588281,1289.35,168.786504823438,-6.944444444444445,85.20928272806391,81.78944205832693,92.0489640675379,68.42921151208289,27.695560253699792,9.936575052854122,18.38550503251441,99.99999999999999,1215.0,1349.0,1228.0,0,0,205688.15,12482826,1290.4550793681276,0.9166666666666666,0.08333333333333333,0.5,8231208.333333334,-2.220446049250313e-14,-6.116207951070319,1.8271544358271945,-1.746724106014777,59.5514318136306,27.77777777777777,3.0,0.7,159826.15,8966.0,4.982661272395861,0.14080244341599982,1.1547981326753782,0.4,0.0
2017-05-31,,,,1336.4,1319.3,1289.65,1270.5166666666667,1301.8215570068312,38.57142857142857,62.31884057971015,18.35554788648892,13.652236413000095,4.703311473488826,1374.2301395127517,1205.0698604872484,1289.65,169.1602790255033,-49.152542372881356,67.83182951101698,77.13690454255695,49.22167944793705,52.29871973145267,31.851851851851855,11.11111111111111,21.24346212244642,58.460130807550236,1392.0,1349.0,1228.0,0,0,206933.5,12245806,1292.3300714158572,0.05434782608695652,0.9456521739130435,0.4782608695652174,2576304.347826087,-3.261675315048207,-6.116207951070319,0.3321581916260975,-3.295199105194002,61.1473955290095,27.77777777777777,3.0,0.7,161268.5,-13895.0,-7.355354401566883,0.13956161670054673,1.142101219514425,0.4,0.0
2017-06-01,,,,1325.8,1320.2,1289.55,1270.0166666666667,1301.2671230061806,38.714285714285715,62.31884057971015,15.542035532668933,14.030196236933865,1.5118392957350686,1374.093293176036,1205.006706823964,1289.55,169.08658635207212,-54.23728813559322,53.55455300734465,69.27612069748618,22.1114176270616,8.525020394365136,30.442804428044283,14.391143911439114,23.520669301614383,58.460130807550236,1392.0,1349.0,1228.0,0,0,211304.25,12056903,1292.427777166495,0.4666666666666667,0.5333333333333333,0.3,6296766.666666666,-3.928836174944428,-6.116207951070319,0.09379057831110517,-3.295199105194002,61.41353980543975,27.77777777777777,3.0,0.7,162172.9,-11557.0,-6.603433991372166,0.13686430373029201,1.1848322396150348,0.3,-1.0
2017-06-02,,,,1318.0,1323.9,1289.85,1269.8666666666666,1301.4321589103538,35.714285714285715,55.36480686695278,13.71900408129818,13.967957805806728,-0.24895372450854758,1374.5470452476397,1205.15295475236,1289.85,169.39409049527967,-63.57142857142857,44.71942878085272,61.09055672527503,11.977172892008113,15.016815275481315,26.599999999999998,14.4,25.41569009514029,34.46790147822797,1252.0,1349.0,1228.0,0,0,213762.1,12232008,1292.747890840643,0.5357142857142857,0.4642857142857143,0.25,6253750.0,-3.409933283914035,-6.116207951070319,0.3323247843092166,-3.295199105194002,61.41353980543975,28.203957382039572,3.0,0.7,163870.1,17221.0,10.53542806103096,0.1357830891792912,1.1069146432261885,0.4,0.0
2017-06-05,,,,1312.6,1327.0,1293.05,1269.7,1302.2481437760343,36.857142857142854,60.176991150442475,12.692765718186592,13.712919388282703,-1.0201536700961107,1375.579675683463,1210.520324316537,1293.05,165.05935136692597,-58.57142857142857,38.29780100541697,53.49297148532234,7.9074600456062285,26.18026732980982,29.65116279069768,13.953488372093025,26.79664247609267,50.662678133698925,1252.0,1349.0,1228.0,0,0,211410.55,12485438,1296.3724828302088,0.35,0.65,0.175,6335750.0,-2.8910303928836423,-6.116207951070319,2.3140089075178762,-1.7132003158689595,61.41353980543975,28.203957382039572,2.0,0.75,165947.45,20116.0,11.133557303283714,0.1427528553148807,1.1573928635326314,0.8,0.0
2017-06-06,,,,1303.6,1323.3,1296.8,1269.4166666666667,1302.4149872259359,35.42857142857143,53.846153846153854,11.265453431210744,13.223426196868314,-1.9579727656575692,1373.6993874453506,1219.9006125546493,1296.8,153.79877489070122,-67.6923076923077,32.198534003611314,46.39482565808534,3.8059506946632666,14.358120878806051,28.024193548387096,13.709677419354836,28.226199806271122,27.643312101910844,1392.0,1349.0,1228.0,0,0,211462.35,12283642,1299.7138519772748,0.2727272727272727,0.7272727272727273,0.2727272727272727,9172545.454545453,-3.3358042994811155,-6.116207951070319,2.755230080852796,-1.7132003158689595,61.41353980543975,28.203957382039572,2.0,0.8,168922.25,-11551.0,-5.752633282701258,0.13388260275970154,1.1615121232422096,0.7,0.0
2017-06-07,,,,1302.2,1319.3,1299.95,1270.15,1301.9945122520373,35.214285714285715,52.582159624413144,9.540175104592208,12.486775978413094,-2.946600873820886,1371.1398129909094,1228.7601870090907,1299.95,142.37962598181866,-72.3076923076923,26.314174184225728,39.70127516679881,-0.4600277809204272,4.003215939242042,27.38336713995943,15.010141987829615,29.46610308352584,23.184713375796164,1392.0,1349.0,1228.0,0,0,215378.55,12052011,1302.0036596804403,0.24,0.76,0.24,9265240.0,-3.7805782060785997,-6.116207951070319,2.326329162864804,-1.7132003158689595,61.41353980543975,30.10654490106545,2.0,0.8,172264.8,12429.0,6.567711525860798,0.12914867711497854,1.120364819736098,0.4,0.0
2017-06-08,,,,1305.6,1315.7,1303.75,1271.5833333333333,1303.0426539423195,35.5,61.35265700483092,9.276322568300202,11.844685296390518,-2.5683627280903156,1368.6251838046,1238.8748161954,1303.75,129.7503676092001,-61.71875,26.936722183423214,35.44642417234028,9.917318205589083,5.875667506217618,27.766599597585515,14.084507042253522,31.09483149796854,54.12166528200866,1264.0,1349.0,1228.0,0,0,218771.15,12272464,1304.696904809737,0.78125,0.21875,0.46875,6889156.25,-2.6686434395848835,-6.116207951070319,2.747309034838804,-1.7132003158689595,61.54589371980676,42.016622922134744,2.0,0.85,174896.1,-16844.0,-8.35213439577931,0.11598756910525454,1.1277795032526785,0.2,0.0
2017-06-09,,,,1310.0,1314.0,1308.6,1273.2833333333333,1305.1338297573366,35.0,61.16504854368932,9.921152375270367,11.459978712166489,-1.538826336896122,1363.3430360867605,1253.8569639132393,1308.6,109.48607217352128,-54.91803278688525,30.98811781925184,33.96032205464413,25.04370934846726,25.078919787080967,30.0,14.285714285714286,33.067595957141116,39.41296752483537,1264.0,1349.0,1264.0,0,0,219035.1,12415242,1307.5108360866973,0.7777777777777778,0.2222222222222222,0.6666666666666666,7932111.111111111,-1.779095626389926,-3.928836174944428,3.4894359602862632,-1.7132003158689595,61.54589371980676,45.275937424121544,2.0,0.9,177391.2,3992.0,2.159834225148649,0.10501669809953722,1.0851806218587634,0.2,0.0
2017-06-12,,,,1310.2,1311.4,1310.25,1274.35,1305.6925126375902,31.714285714285715,40.50632911392405,9.196490231155394,11.00728101596427,-1.8107907848088765,1363.0649699671217,1257.4350300328783,1310.25,105.62993993424334,-73.63636363636364,29.44662400071335,32.4557560366672,23.428359928805648,15.724761836630934,22.74774774774775,15.990990990990989,33.73244518380185,0.0,1392.0,1349.0,1264.0,0,0,213534.75,12270292,1310.7656293257498,0.04,0.96,0.56,5798000.0,-2.8169014084507116,-3.928836174944428,1.3810459291433699,-1.7132003158689595,61.54589371980676,45.275937424121544,1.0,0.9,178913.7,-2477.0,-1.3118244263085166,0.10068429822312802,0.9883265071997966,0.1,0.0
2017-06-13,,,,1310.2,1306.9,1312.25,1275.4166666666667,1305.5313209578196,31.214285714285715,39.50617283950616,7.965527124157688,10.398930237602956,-2.4334031134452676,1360.5249798985653,1263.9750201014347,1312.25,96.54995979713067,-80.0,33.21132958072248,32.70761388468563,34.218760972796176,-17.381938647936554,18.993135011441648,19.450800915331808,32.56827996614528,0.0,1392.0,1349.0,1266.0,0,0,211794.05,12085817,1312.7684758692071,0.47058823529411764,0.5294117647058824,0.4117647058823529,10851470.588235294,-3.3358042994810932,-3.928836174944428,1.67736379871626,-1.7132003158689595,61.54589371980676,45.275937424121544,1.0,0.85,180437.75,-1392.0,-0.7470055381445073,0.09478840651600898,0.9745452837295389,0.1,0.0
2017-06-14,,,,1316.0,1309.1,1314.2,1276.6,1307.575957057075,32.285714285714285,43.67816091954023,8.745079936348475,10.06816017735206,-1.323080241003586,1361.4912587894537,1266.9087412105464,1314.2,94.5825175789073,-59.09090909090909,49.22421972048165,38.2131491632843,71.24636083487636,4.3465195428884424,21.902654867256636,19.469026548672566,31.739248802110158,11.970309123367501,1282.0,1349.0,1266.0,0,0,212833.8,12329335,1314.7916146307589,0.9444444444444444,0.05555555555555555,0.6388888888888888,6764388.888888889,-1.630837657524098,-3.928836174944428,1.6175210636134663,-1.7132003158689595,61.54589371980676,45.275937424121544,1.0,0.85,181450.65,4690.0,2.53579307063454,0.09376628404443549,1.0016544407531087,0.5,1.0
2017-06-15,,,,1316.4,1311.0,1315.6,1277.7,1308.283008765925,31.285714285714285,42.45810055865922,8.298916698762014,9.714311481634052,-1.4153947828720383,1361.12570124315,1270.0742987568499,1315.6,91.05140248630005,-70.0,51.566146480321095,42.66414826896323,69.37014290303682,1.5923456377975251,22.602739726027398,17.351598173515985,29.53830688688253,8.469699968033147,1392.0,1349.0,1266.0,0,0,212182.65,12188521,1315.9338112706198,0.3684210526315789,0.631578947368421,0.631578947368421,7411263.157894737,-2.5203854707190554,-3.928836174944428,1.189277693417681,-1.7132003158689595,61.54589371980676,45.275937424121544,1.0,0.8,181832.7,-25967.0,-13.6926419253119,0.09069288350497094,0.9351717508615611,0.7,0.0
2017-06-16,,,,1318.6,1314.3,1319.1,1279.2833333333333,1310.9227222167892,31.714285714285715,49.743589743589745,9.529997732575566,9.677448731822356,-0.1474509992467894,1358.9835145998748,1279.216485400125,1319.1,79.76702919974969,-50.90909090909091,62.948859558309294,49.42571869874525,89.99514127743738,28.460132110844686,26.126126126126128,16.44144144144144,27.79261485226593,29.37329700272481,1282.0,1349.0,1279.0,0,0,210012.8,12405356,1319.3062202240371,0.7777777777777778,0.2222222222222222,0.5833333333333334,6023194.444444444,-0.9636767976278771,-3.928836174944428,2.8349055686107976,-1.1668573506580713,61.54589371980676,45.56611793801685,1.0,0.85,183074.7,25643.0,15.667023063998787,0.08763877627481179,1.013010298506941,0.7,0.0
2017-06-19,,,,1318.2,1314.2,1320.6,1280.5666666666666,1310.7396058151903,32.285714285714285,40.476190476190474,8.232069793454457,9.388372944148776,-1.1563031506943187,1356.1551461964218,1285.044853803578,1320.6,71.1102923928438,-75.45454545454545,54.46590637220619,51.105781256565564,61.18615660348746,-6.12163564651656,25.663716814159297,16.15044247787611,26.046922817649342,4.2521008403361655,1392.0,1349.0,1296.0,0,0,209278.4,12234168,1321.1576609594365,0.03125,0.96875,0.84375,5349625.0,-2.9651593773165286,-3.928836174944428,1.2428448563511802,-2.0829939453931283,61.54589371980676,45.56611793801685,1.0,0.8,184294.4,-27923.0,-14.749257862432518,0.0705121629058461,1.0695732530145752,0.7,0.0
2017-06-20,,,,1318.6,1314.4,1318.85,1281.7333333333333,1310.2882147851722,26.642857142857142,50.29585798816568,6.882045683961451,8.887107492111312,-2.0050618081498612,1353.6140164840251,1284.0859835159747,1318.85,69.52803296805041,-61.29032258064516,47.02488996242318,49.74548415851811,41.58370157023333,-40.100541019035035,20.10723860589812,13.941018766756033,23.892235257042692,47.2969021928298,1392.0,1349.0,1296.0,0,0,198654.65,12065808,1320.9525547644284,0.3076923076923077,0.6923076923076923,0.23076923076923078,12950769.23076923,-3.1875463306152763,-3.928836174944428,-1.6381390965096514,-2.0829939453931283,61.54589371980676,45.93031875463306,0.0,0.75,183450.2,30327.0,18.790544936336318,0.06447842467013308,1.0457183591075883,0.4,0.0
2017-06-21,,,,1315.0,1315.5,1317.4,1283.6,1310.1655276627748,25.357142857142858,53.987730061349694,5.985222855339089,8.306730564756867,-2.3215077094177783,1351.206881890441,1283.593118109559,1317.4,67.61376378088198,-62.5,41.80744298148473,47.09947043284032,31.223388078773553,-38.18438637769381,21.12676056338028,10.140845070422536,23.84456854270931,66.28781598106754,1288.0,1349.0,1296.0,0,0,192138.95,12178905,1319.082035075831,0.75,0.25,0.25,9424750.0,-2.9651593773165175,-3.928836174944428,-1.3387716092840722,-2.0829939453931283,61.54589371980676,46.27504866597962,0.0,0.7,182984.15,-29357.0,-15.312275064937776,0.06821390169522995,0.9282117657376912,0.1,0.0
2017-06-22,,,,1305.0,1310.7,1313.2,1284.65,1305.8640488377484,27.142857142857142,40.5,1.7044047092065284,6.9862653936468,-5.281860684440272,1351.1007012849514,1275.2992987150487,1313.2,75.80140256990262,-95.18072289156626,29.478054357134404,41.22566507427168,5.982832922859856,-111.1050039835444,19.210526315789476,19.736842105263158,21.81565809916472,4.54914004914009,1344.0,1349.0,1265.0,0,1,195006.3,11934092,1315.2388450185115,0.07547169811320754,0.9245283018867925,0.8301886792452831,4619113.207547169,-6.226834692364691,-6.226834692364691,-3.5483646754697338,-3.2666587761865316,61.54589371980676,46.27504866597962,0.0,0.65,183574.55,48449.0,29.83955901826132,0.0736278509410358,0.9884013658628058,-0.2,0.0
2017-06-23,,,,1291.4,1305.0,1309.5,1285.5666666666666,1302.2579489484392,25.5,39.285714285714285,-1.4296198179254134,5.303088351332358,-6.732708169257771,1349.9266717585072,1269.0733282414928,1309.5,80.85334351701431,-91.56626506024097,22.463281218009282,34.971537122184216,-2.55323059034059,-119.1931150926141,14.845938375350139,21.008403361344534,20.471908099164718,0.0,1261.0,1349.0,1265.0,0,0,191610.65,12107893,1311.505110841525,0.35294117647058826,0.6470588235294118,0.17647058823529413,10223588.235294117,-6.004447739065943,-6.226834692364691,-3.1082594890012696,-3.2666587761865316,61.54589371980676,46.27504866597962,0.0,0.6,184119.8,-22013.0,-10.441906135266155,0.07329471041269496,0.9434420117661999,-0.5,0.0
2017-06-26,,,,1284.4,1301.3,1306.35,1286.7666666666667,1299.5667157152545,25.214285714285715,42.3469387755102,-3.3901276973829226,3.5644451415893017,-6.954572838972224,1347.5645860741022,1265.1354139258976,1306.35,82.42917214820454,-84.33734939759036,20.196404346142735,30.046492863503723,0.4962273114207605,-94.87659624298884,15.864022662889518,21.246458923512744,19.057929519570475,13.872444990505977,1261.0,1349.0,1265.0,0,0,187955.25,12216482,1309.1701454645895,0.5555555555555556,0.4444444444444444,0.3333333333333333,6032722.222222223,-5.55967383246847,-6.226834692364691,-2.6102784375015577,-3.2666587761865316,61.54589371980676,46.27504866597962,0.0,0.55,184548.35,-286.0,-0.15148224850504155,0.0731055643768455,0.8465111932960268,-0.7,0.0
2017-06-27,,,,1281.0,1299.8,1303.35,1287.2833333333333,1298.5603618376113,25.357142857142858,47.80487804878049,-3.6909230137966915,2.113371510512103,-5.804294524308794,1339.9719663733267,1266.728033626673,1303.35,73.24393274665363,-66.26506024096386,24.70924948377387,28.267411736927105,17.592924977467398,-66.61784097374549,18.591549295774648,19.43661971830986,17.13190233038539,38.60599935162761,1261.0,1336.0,1265.0,0,0,184745.2,12349830,1306.4165044612794,0.8888888888888888,0.1111111111111111,0.5555555555555556,4938814.814814814,-3.517964071856272,-6.226834692364691,-2.4298413899276023,-3.2666587761865316,61.54589371980676,46.27504866597962,0.0,0.5,184139.3,-7786.0,-4.130175317613983,0.07318547239026921,0.8184486956192089,-0.6,0.0
2017-06-28,,,,1277.8,1296.4,1302.75,1287.5666666666666,1298.0308035673625,24.428571428571427,44.845360824742265,-3.5654387401746135,0.9776094603747598,-4.543048200549373,1339.6502923964542,1265.8497076035458,1302.75,73.80058479290847,-61.44578313253012,29.32423861167254,28.619687361842253,30.733341111333118,-34.27587150592271,21.052631578947373,19.005847953216378,15.16170099887019,25.410492263956726,1261.0,1336.0,1265.0,0,0,180884.9,12509644,1304.0816589260169,0.5789473684210527,0.42105263157894735,0.21052631578947367,8411263.157894736,-3.218562874251485,-6.226834692364691,-0.5024564150992594,-2.0879774065314756,61.54589371980676,45.93031875463306,0.0,0.45,183723.6,-14028.0,-7.761897647859506,0.07562630057922753,0.8708739538831576,-0.6,0.0
2017-06-29,,,,1296.2,1300.6,1305.8,1288.8,1303.646917513328,28.142857142857142,56.50406504065041,1.6789200353432534,1.1178715753684585,0.5610484599747949,1349.75979023939,1261.84020976061,1305.8,87.91958047878006,-0.0,52.88282574111503,36.707400154933175,85.23367691347873,79.8590689893133,30.20304568527919,16.497461928934012,14.72341207881409,100.0,1261.0,1357.0,1265.0,1,0,185939.35,12799636,1306.7653646202377,1.0,0.0,0.9142857142857143,4142742.8571428573,0.0,-6.226834692364691,2.340591971095598,-2.0879774065314756,61.20257023591764,45.93031875463306,1.0,0.45,182924.8,-19219.0,-11.529025020845706,0.08467156733310092,1.0318764625735755,-0.5,1.0
2017-06-30,,,,1316.2,1303.8,1309.05,1289.8166666666666,1309.7757825120586,27.857142857142858,61.72839506172839,6.646108021457394,2.2235188645862456,4.422589156871148,1361.01952548315,1257.08047451685,1309.05,103.93905096629987,-0.9259259259259259,68.27990851876804,47.23156960954479,110.37658633721455,122.65996241932923,32.05128205128205,16.41025641025641,15.78293149381523,100.0,1261.0,1368.0,1265.0,1,0,185389.65,12963747,1309.4046647156408,0.9523809523809523,0.047619047619047616,0.5238095238095238,7814809.523809524,0.0,-6.226834692364691,2.4653500738951006,-2.0879774065314756,61.20257023591764,45.93031875463306,1.0,0.45,180991.2,-5475.0,-3.712317435348045,0.09942361219206688,1.0788970686666084,-0.5,1.0
2017-07-03,,,,1335.0,1309.7,1311.95,1290.9666666666667,1315.3209460823387,27.714285714285715,63.5593220338983,10.462040397798319,3.8712231712286607,6.5908172265696585,1370.232343629471,1253.6676563705291,1311.95,116.56468725894183,-3.6036036036036037,77.65207114464417,57.371736787911246,118.21273985811001,108.47086861504305,32.98969072164948,12.88659793814433,18.827913531574154,100.0,1372.0,1368.0,1265.0,0,0,177491.3,12963747,1310.5896083357325,0.7333333333333333,0.26666666666666666,0.0,6364200.0,0.0,-6.226834692364691,2.207817097188748,-2.0879774065314756,61.20257023591764,45.93031875463306,1.0,0.45,177968.4,-1668.0,-1.1745899850007402,0.10961063114438982,1.0997387309571154,-0.4,1.0
2017-07-04,,,,1346.8,1313.9,1314.15,1291.7166666666667,1318.4332369316396,27.142857142857142,54.506437768240346,11.737063879002108,5.444391312783351,6.292672566218757,1374.4554505697238,1253.8445494302764,1314.15,120.61090113944738,-21.62162162162162,77.8941735558889,64.21254904390379,105.25742257985911,73.50694720812088,29.473684210526315,16.57894736842105,20.407745464347265,62.70482591803756,1372.0,1368.0,1265.0,0,0,172801.3,12855751,1312.0945904342154,0.25,0.75,0.7142857142857143,3857000.0,-1.4619883040935533,-6.226834692364691,1.6876613083077203,-2.0879774065314756,61.20257023591764,45.93031875463306,1.0,0.45,175078.75,-8888.0,-6.333235950092275,0.12499899650816765,1.11648563068881,-0.2,1.0
2017-07-05,,,,1362.8,1320.3,1317.9,1292.9166666666667,1323.6300715095788,28.5,61.78861788617886,14.596560180469396,7.27482508632056,7.321735094148836,1383.1054243787844,1252.6945756212158,1317.9,130.4108487575686,-9.67741935483871,82.01074985026739,70.145282646025,105.74168425875217,88.13581531809602,32.08020050125313,15.789473684210526,21.89978521218357,92.70522879792392,1261.0,1373.0,1265.0,1,0,168343.35,12998223,1315.145930425328,0.6842105263157895,0.3157894736842105,0.6578947368421053,3749263.1578947366,0.0,-6.226834692364691,2.722822156956323,-2.0879774065314756,61.20257023591764,45.93031875463306,1.0,0.5,172466.75,17982.0,13.679622064495511,0.12558856792525616,1.115431778681121,0.1,1.0
2017-07-06,,,,1364.8,1330.5,1320.6,1294.1333333333334,1327.7605408896188,27.428571428571427,56.709956709956714,16.19193124081562,9.058246317219574,7.1336849235960464,1389.327991692625,1251.872008307375,1320.6,137.45598338524997,-14.516129032258064,83.04848888089451,74.4463513909815,100.2527638607205,71.7017800424205,28.906250000000004,16.40625,22.24513407969993,71.78266455074439,1385.0,1373.0,1265.0,0,0,161930.85,12906020,1317.091293701396,0.7142857142857143,0.2857142857142857,0.2857142857142857,4390619.047619048,-0.43699927166788166,-6.226834692364691,1.994290635444345,-2.0879774065314756,60.37460262909185,45.93031875463306,1.0,0.5,169966.95,-14600.0,-9.770264934786832,0.13532936908469861,0.858940518331065,0.3,0.0
2017-07-07,,,,1364.4,1340.3,1322.65,1296.3666666666666,1331.4023941382266,26.571428571428573,63.90243902439024,17.1775703195392,10.6821111176835,6.4954592018557005,1394.3137616710035,1250.9862383289967,1322.65,143.32752334200677,-15.32258064516129,83.42121480948524,77.43797253048274,95.38769936749023,65.91778947696078,30.10752688172043,16.93548387096774,22.62003959746259,100.0,1385.0,1373.0,1265.0,0,0,159120.75,12819444,1318.1802852026944,0.6,0.4,0.05,4328800.0,-0.5098324836125379,-6.226834692364691,1.5440346303160684,-2.0879774065314756,61.20257023591764,45.93031875463306,1.0,0.5,167560.8,5865.0,4.34982533949404,0.1398794385453412,0.750876084546704,0.2,0.0
2017-07-10,,,,1362.0,1348.5,1324.9,1298.6166666666666,1333.7450232679194,28.142857142857142,61.79245283018868,16.956318084128498,11.9369525109725,5.019365573155998,1397.8380414785938,1251.9619585214064,1324.9,145.87608295718746,-23.387096774193548,79.56236327104841,78.14610277733796,82.39488425846932,54.301063299796944,29.949238578680205,16.751269035532996,23.34508483637294,91.42864773197668,1385.0,1373.0,1265.0,0,0,158879.75,12679314,1320.0170219930483,0.3142857142857143,0.6857142857142857,0.2857142857142857,4003714.285714286,-1.238164603059,-6.226834692364691,1.705431111569337,-2.0879774065314756,61.427804616210416,45.93031875463306,1.0,0.5,165650.35,7437.0,5.285789421313747,0.14116394439312946,0.8040220874453988,0.0,0.0
2017-07-11,,,,1367.4,1357.1,1328.45,1300.9166666666667,1337.6740686709747,30.714285714285715,64.47368421052632,18.105407437192753,13.17064349621655,4.934763940976202,1403.9705792796444,1252.9294207203557,1328.45,151.04115855928876,-16.176470588235293,79.70824218069895,78.66681591179162,81.79109471851359,65.9882683265507,31.395348837209298,14.883720930232556,23.383888895277504,100.00000000000001,1261.0,1375.0,1265.0,1,0,156328.5,12812764,1323.2323005721926,0.5416666666666666,0.4583333333333333,0.3958333333333333,2780208.3333333335,0.0,-6.226834692364691,2.5912338466517126,-2.0879774065314756,61.74043962661849,45.93031875463306,1.0,0.55,163934.2,2494.0,1.6835994194484671,0.14122175974801984,0.8168987040827751,0.1,0.0
2017-07-12,,,,1364.0,1363.4,1329.9,1303.0666666666666,1339.4193954642153,29.714285714285715,72.41379310344828,17.283692173215286,13.993253231616299,3.290438941598987,1406.4104739991535,1253.3895260008467,1329.9,153.02094799830684,-30.37037037037037,62.06739954903739,73.13367712420688,39.9348443986984,49.08985519014976,31.971153846153847,6.009615384615385,28.169823111591466,100.0,1397.0,1375.0,1265.0,0,0,150979.5,12676226,1325.6773016645748,0.15384615384615385,0.8461538461538461,0.48717948717948717,3500974.358974359,-1.381818181818184,-6.226834692364691,1.131077928398018,-2.0879774065314756,61.789384874980826,45.93031875463306,1.0,0.55,161938.1,-909.0,-0.603469451433658,0.1391309948370787,0.8086063840842378,0.0,0.0
2017-07-13,,,,1363.8,1364.3,1332.45,1305.5666666666666,1341.9508816104806,30.357142857142858,73.33333333333333,17.240653807726176,14.642733346838275,2.5979204608879005,1410.2580634435678,1254.6419365564323,1332.45,155.61612688713558,-23.30827067669173,56.58294472859803,67.6167663256706,34.5153015344529,35.3655065704957,31.294117647058822,8.235294117647058,31.10881120682956,100.0,1264.0,1375.0,1265.0,0,0,150037.45,12798199,1327.3868764098563,1.0,0.0,0.38461538461538464,4691269.23076923,-0.6545454545454632,-6.226834692364691,1.9063328222313165,-2.0879774065314756,61.89773038009297,45.93031875463306,1.0,0.6,160893.0,-6947.0,-4.639994656692492,0.14249899252677187,0.8427030003769781,-0.2,0.0
2017-07-14,,,,1361.8,1363.1,1333.45,1308.0,1343.2888928856728,30.5,69.1588785046729,16.21273880561671,14.956734438593964,1.2560043670227454,1411.9610786684298,1254.9389213315703,1333.45,157.02215733685944,-31.060606060606062,47.07868829859752,60.77074031664624,19.694584262500086,33.055170368002706,30.913348946135834,8.19672131147541,34.22166945978929,85.3466060899857,1397.0,1375.0,1265.0,0,0,144444.1,12693231,1328.3288877842708,0.4,0.6,0.5,5248400.0,-1.381818181818184,-6.226834692364691,0.8284811360020352,-2.0879774065314756,62.31884057971015,45.93031875463306,1.0,0.6,158438.75,-2540.0,-1.7790478591890646,0.14102561378540418,0.8693417080140702,0.1,0.0
2017-07-17,,,,1366.8,1364.4,1337.05,1310.3,1346.880426896561,31.214285714285715,70.53571428571429,17.21693373210519,15.408774297296208,1.8081594348089816,1417.421440332053,1256.678559667947,1337.05,160.742880664106,-13.91304347826087,55.36240038619951,58.96796033983067,48.151280478937196,53.5927241176888,33.63844393592677,8.009153318077804,38.45854369666353,90.17964845769434,1282.0,1381.0,1265.0,1,0,143374.55,12843028,1331.4109717054619,0.6756756756756757,0.32432432432432434,0.6756756756756757,4048567.5675675673,0.0,-6.226834692364691,2.710145431500568,-1.5569561157796423,62.56693687054778,45.93031875463306,1.0,0.65,157753.55,7458.0,5.31829170024174,0.14236335719034407,0.8830013174494603,0.5,0.0
2017-07-18,,,,1368.2,1367.8,1340.85,1312.1,1350.2251481445076,31.571428571428573,70.13574660633483,17.887263845654616,15.90447220696789,1.9827916386867255,1422.2205623739242,1259.4794376260757,1340.85,162.74112474784852,-13.636363636363637,61.469670432904934,59.801863704188754,64.8052838903373,55.40019773121643,31.674208144796378,7.918552036199094,42.379294478728184,83.01585773425572,1282.0,1382.0,1265.0,1,0,139699.1,12937879,1334.581802841488,0.4583333333333333,0.5416666666666666,0.041666666666666664,3952125.0,0.0,-6.226834692364691,2.8618414721969923,-1.5569561157796423,63.627945431996686,45.93031875463306,1.0,0.7,155388.65,-3267.0,-2.2120508358667745,0.1360782111668734,0.837161747200053,0.2,0.0
2017-07-19,,,,1387.4,1375.7,1348.0,1314.8833333333334,1359.917991178364,31.571428571428573,70.9251101321586,23.79265337797233,17.482108441168776,6.310544936803552,1441.7724008324983,1254.2275991675017,1348.0,187.5448016649966,-0.0,74.31311362193662,64.63894701010472,93.66144684560044,96.97234964340659,31.90045248868778,7.918552036199094,44.584969238750766,87.20860168980896,1282.0,1452.0,1265.0,1,0,152167.95,13300353,1346.8523107745968,1.0,0.0,1.0144927536231885,5253246.376811594,0.0,-6.226834692364691,4.361666901280405,-1.5569561157796423,64.01668806161746,45.93031875463306,2.0,0.75,158269.25,75553.0,52.31332742480475,0.16175166079171827,0.984326888882566,0.3,0.0
2017-07-20,,,,1399.2,1381.5,1356.0,1316.8333333333333,1366.1162777328057,32.714285714285715,61.72839506172839,25.994395565651757,19.184565866065373,6.809829699586384,1447.2232657304166,1264.7767342695834,1356.0,182.44653146083328,-26.08695652173913,74.17975690737804,67.81921697586249,86.90083677040914,89.6740914571742,28.820960698689955,7.641921397379912,46.42844781447913,38.35978835978835,1455.0,1452.0,1268.0,0,0,150874.8,13081403,1358.5028209924167,0.1891891891891892,0.8108108108108109,0.7297297297297297,5917567.567567567,-1.8595041322314043,-6.004447739065943,5.333926090581136,-1.4818640955004565,64.01668806161746,45.93031875463306,2.0,0.8,156886.9,-36810.0,-16.73356760024912,0.14821170965215463,1.0525354991304618,0.5,0.0
2017-07-21,,,,1413.4,1387.6,1363.95,1319.05,1371.9147274725385,33.142857142857146,62.04081632653061,27.582718982601136,20.864196489372528,6.718522493228608,1450.474654229124,1277.425345770876,1363.95,173.0493084582481,-24.347826086956523,74.67056257593319,70.10299884255272,83.80569004269412,74.38863503200147,27.80172413793103,8.836206896551722,46.9959107547114,40.019229576329,1340.0,1452.0,1274.0,0,0,147583.1,13189370,1366.1294890810668,0.7142857142857143,0.2857142857142857,0.09523809523809523,5141285.714285715,-1.7217630853994526,-5.55967383246847,5.288379341780682,-1.4818640955004565,64.01668806161746,45.93031875463306,2.0,0.85,156276.05,-6583.0,-3.5939880000218416,0.1440966505043295,1.0251143776729106,0.3,0.0
2017-07-24,,,,1419.2,1393.0,1370.75,1321.2666666666667,1375.5418962846777,33.42857142857143,62.8099173553719,27.15667358012456,22.12269190752294,5.033981672601623,1448.4345849370247,1293.0654150629753,1370.75,155.36916987404948,-39.130434782608695,70.07023012308589,70.09207593606378,70.02653849713013,60.383252613714085,27.56410256410256,7.6923076923076925,49.021884780685426,36.69507575757576,1455.0,1452.0,1289.0,0,0,147769.9,13077045,1371.3838000837789,0.28125,0.71875,0.53125,3510156.25,-2.892561983471076,-3.517964071856272,4.45718035666377,-1.4818640955004565,64.01668806161746,46.27504866597962,2.0,0.9,155296.75,-7655.0,-4.335047342907627,0.13807918029202276,0.955247340885059,0.2,0.0
2017-07-25,,,,1425.6,1396.9,1377.0,1323.2333333333333,1379.2045728289943,31.857142857142858,59.276018099547514,26.832487882114265,23.064651102441204,3.767836779673061,1446.6940683120908,1307.3059316879092,1377.0,139.3881366241817,-35.65217391304348,68.16276211104277,69.44897132772344,65.59034367768143,60.11315865316565,25.336322869955154,8.071748878923767,50.28234469043027,15.436463046757165,1340.0,1452.0,1293.0,0,0,145937.3,13173741,1376.945558126675,0.3125,0.6875,0.25,6043500.0,-2.617079889807161,-3.218562874251485,4.090179429756665,-1.4818640955004565,64.01668806161746,46.27504866597962,2.0,0.95,154847.5,2815.0,1.6663805504087525,0.1354320212265971,0.936501403011367,0.5,0.0
2017-07-26,,,,1414.2,1400.8,1382.1,1324.8333333333333,1380.708899226233,33.214285714285715,55.98290598290598,24.75704338501646,23.403129558956255,1.3539138260602037,1439.8103475169046,1324.3896524830952,1382.1,115.42069503380935,-52.17391304347826,60.08358595564845,66.32717620369844,47.596405459548464,34.176464728425685,24.301075268817204,13.548387096774194,50.341122119897356,0.0,1455.0,1452.0,1348.0,0,0,145716.2,13018349,1382.8152445186831,0.325,0.675,0.475,3884800.0,-3.9256198347107474,-3.9256198347107474,3.3071615908229797,-1.4818640955004565,64.01668806161746,46.27504866597962,2.0,1.0,155099.8,3.0,0.001746785913914195,0.13637029382369925,0.7878996748212421,0.1,-1.0
2017-07-27,,,,1409.0,1404.1,1384.2,1326.5166666666667,1382.4509088237346,32.92857142857143,56.962025316455694,23.167939652133555,23.356091577591716,-0.18815192545816117,1441.1158196489462,1327.284180351054,1384.2,113.83163929789225,-48.69565217391305,54.533838448546774,62.39606361864789,38.809388108344564,29.264400167962172,24.295010845986983,13.665943600867678,50.34112211989736,5.643200099769273,1340.0,1452.0,1348.0,0,0,135132.6,13096669,1388.5578574920733,0.5,0.5,0.25,4895000.0,-3.6501377410468328,-3.9256198347107474,1.6515632699758709,-1.4818640955004565,63.627945431996686,46.27504866597962,1.0,1.0,155862.9,-9003.0,-5.24201296092508,0.13561284719997266,0.6450775504534649,-0.1,0.0
2017-07-28,,,,1402.6,1408.0,1385.55,1328.15,1383.6460603643313,32.357142857142854,58.44155844155844,21.339804936602604,22.952834249393895,-1.6130293127912907,1442.1277527413267,1328.9722472586732,1385.55,113.15550548265355,-52.17391304347826,45.879701822840715,56.89060968671217,23.857886095097797,25.483836364840467,24.944812362030905,12.803532008830025,50.61989877167172,14.170558505533881,1455.0,1452.0,1348.0,0,0,132191.65,12991377,1390.6296664728823,0.2962962962962963,0.7037037037037037,0.14814814814814814,3899703.703703704,-3.9256198347107474,-3.9256198347107474,1.1031897843844694,-1.4818640955004565,62.959798291077185,46.27504866597962,1.0,1.0,156711.55,-3764.0,-2.3128348817775146,0.1333068038637244,0.6552529671709105,0.1,-1.0
2017-07-31,,,,1405.0,1412.1,1388.25,1331.0833333333333,1387.2988165201093,31.428571428571427,59.83263598326359,21.818163151652698,22.725900029845654,-0.9077368781929565,1446.4325620466416,1330.0674379533584,1388.25,116.36512409328316,-28.695652173913043,48.85130806454221,54.21084247932218,38.13223923498228,51.89539915473565,25.454545454545457,13.181818181818183,50.34034976613986,22.188099016839434,1340.0,1452.0,1348.0,0,0,133092.25,13104852,1392.5922587528576,0.7714285714285715,0.22857142857142856,0.7714285714285715,3242142.8571428573,-2.066115702479343,-3.9256198347107474,2.013604249155788,-1.4818640955004565,62.959798291077185,46.27504866597962,1.0,1.0,157507.35,-2725.0,-1.7140520820228988,0.13037049079384172,0.6675114559202913,-0.1,0.0
2017-08-01,,,,1405.6,1415.6,1391.7,1334.2166666666667,1390.1275006610513,29.714285714285715,63.55555555555556,21.54544479419428,22.48980898271538,-0.9443641885210994,1447.9853631529427,1335.4146368470574,1391.7,112.57072630588527,-33.04347826086956,48.549273869512156,52.32365294271884,41.0005157230988,49.989541920446236,26.923076923076923,13.942307692307693,47.726798016326015,43.645320197044356,1455.0,1452.0,1356.0,0,0,131159.2,13035517,1394.8899346493931,0.4666666666666667,0.5333333333333333,0.3333333333333333,4622333.333333333,-2.4104683195592447,-3.9256198347107474,2.623086225360007,-1.405702479338845,63.5563088512241,46.27504866597962,1.0,1.0,158506.25,-4826.0,-3.088541166682668,0.12408160297709138,0.6464809178948832,-0.2,0.0
2017-08-02,,,,1409.6,1411.9,1393.8,1337.2166666666667,1392.4963101219037,30.642857142857142,61.29032258064516,20.926700271465506,22.177187240465408,-1.2504869689999012,1450.2813895758284,1337.3186104241715,1393.8,112.96277915165683,-37.38317757009346,51.010250376284944,51.88585208724088,49.259046954373076,48.63254940703264,29.836829836829835,13.053613053613054,46.35516240555996,35.519636492214886,1455.0,1452.0,1356.0,0,0,131359.65,12889036,1397.6929512474594,0.3333333333333333,0.6666666666666666,0.05128205128205128,3755923.076923077,-2.5482093663911964,-3.9256198347107474,1.6683280653580643,-1.405702479338845,63.5563088512241,46.27504866597962,1.0,1.0,158531.95,-1482.0,-0.9786764754439403,0.12398485945028731,0.6609034075113608,0.1,0.0
2017-08-03,,,,1412.6,1410.8,1396.15,1340.1666666666667,1394.5442805864843,30.642857142857142,63.94230769230769,20.123675927202612,21.76648497781285,-1.6428090506102393,1451.8419156941081,1340.458084305892,1396.15,111.3838313882161,-41.41414141414141,52.08592962938771,51.95254460128982,52.35269968558349,39.37525023005019,29.37062937062937,13.053613053613054,44.953569986003465,53.26792238881189,1455.0,1452.0,1356.0,0,0,130938.15,12805263,1399.4861934177827,0.3,0.7,0.05,4188649.9999999995,-2.617079889807161,-3.9256198347107474,1.8635908737545406,-1.405702479338845,63.627945431996686,46.27504866597962,1.0,1.0,158535.0,-15053.0,-10.038880404409555,0.12395808446638283,0.688859756021727,0.3,0.0
2017-08-04,,,,1415.0,1408.8,1398.2,1343.15,1395.7305395782478,30.142857142857142,56.8421052631579,18.70679160133068,21.15454630251642,-2.4477547011857403,1452.2120844177791,1344.187915582221,1398.2,108.02416883555816,-57.142857142857146,48.8482468715692,50.91777869138295,44.70918323194172,33.55273783042947,25.592417061611375,13.981042654028437,42.6537739736326,5.750150859067807,1455.0,1452.0,1356.0,0,0,131992.05,12697609,1401.2879792128895,0.06666666666666667,0.9333333333333333,0.23333333333333334,3588466.6666666665,-3.0991735537190146,-3.9256198347107474,1.6383856144635345,-1.405702479338845,63.627945431996686,47.19274551418098,1.0,1.0,157752.55,-9845.0,-7.29832312778923,0.1311149083400463,0.7285792330316504,0.3,0.0
2017-08-07,,,,1407.8,1406.4,1399.7,1344.95,1394.8038215231766,31.5,50.95238095238095,15.70830055853844,20.065297153720827,-4.3569965951823875,1450.3384501300575,1349.0615498699426,1399.7,101.27690026011487,-94.52054794520548,34.82538492002919,45.55364743426503,13.368859891557491,-4.473221284269291,24.03628117913832,18.36734693877551,39.32298711343399,0.0,1455.0,1452.0,1356.0,0,0,131432.75,12568665,1403.3262804235121,0.06976744186046512,0.9302325581395349,0.4883720930232558,2998697.6744186045,-4.545454545454552,-4.545454545454552,1.221223508373223,-1.5108856543727682,63.627945431996686,47.19274551418098,1.0,0.95,155906.85,-13828.0,-11.05806523842654,0.14812496652627624,0.8152057615069207,0.5,-1.0
2017-08-08,,,,1402.0,1403.8,1400.35,1347.0166666666667,1394.1558385209692,27.571428571428573,27.464788732394368,13.339587626908724,18.72015524835841,-5.380567621449686,1449.9771360404195,1350.7228639595803,1400.35,99.2542720808392,-85.8974358974359,28.946089946686126,40.017794938405395,6.802679963247584,-33.07554541295023,12.694300518134714,22.53886010362694,37.01683738081366,0.0,1377.0,1452.0,1356.0,0,0,128054.5,12634550,1404.4174454366434,0.7333333333333333,0.26666666666666666,0.13333333333333333,4392333.333333333,-4.4077134986226,-4.545454545454552,0.5981738204476014,-1.5108856543727682,63.627945431996686,47.19274551418098,1.0,0.9,153118.9,-16351.0,-14.701360354609294,0.17521124372740818,0.8625268228296916,0.3,-1.0
2017-08-09,,,,1402.4,1406.0,1403.4,1349.1666666666667,1396.3314729475435,28.071428571428573,47.22222222222222,13.645130627746767,17.70515032423608,-4.060019696489313,1448.8748050543616,1357.9251949456386,1403.4,90.94961010872294,-37.5,40.13072663112408,40.05543883597829,40.28130222141564,21.15339855526914,21.88295165394402,22.137404580152673,32.90928040558163,54.16331497638347,1377.0,1452.0,1356.0,0,0,126035.35,12730705,1406.8672275939514,0.6511627906976745,0.3488372093023256,0.6744186046511628,2236162.7906976747,-2.4104683195592225,-4.545454545454552,2.3449659238529534,-1.5108856543727682,63.627945431996686,47.435312024353124,1.0,0.9,149700.9,-13510.0,-14.240539685885945,0.20888842808112576,0.903519012816794,0.1,0.0
2017-08-10,,,,1404.4,1408.5,1406.3,1351.45,1398.9665707620632,28.357142857142858,48.993288590604024,14.287420663984676,17.0216043921858,-2.734183728201124,1449.0482224930006,1363.5517775069993,1406.3,85.49644498600128,-27.692307692307693,50.85638185664682,43.65575317620113,65.25763921753821,53.05854586585694,24.181360201511332,20.403022670025187,29.817128290498314,59.01854202822354,1377.0,1452.0,1356.0,0,0,125928.95,12850550,1410.2558473117845,0.28,0.72,0.28,4793800.0,-1.928374655647369,-4.545454545454552,2.2263187675641487,-1.5108856543727682,63.627945431996686,47.435312024353124,1.0,0.9,148210.9,31613.0,38.855703048180935,0.21800639034097752,0.9914790789309332,0.2,0.0
2017-08-11,,,,1404.4,1409.7,1408.85,1353.8,1399.7316592609143,28.642857142857142,48.993288590604024,13.271694388513197,16.27162239145128,-2.999928002938084,1444.4517444870553,1373.2482555129445,1408.85,71.20348897411077,-53.84615384615385,49.28886995571327,45.53345876937185,56.799692328396105,6.345230298808615,23.94014962593516,22.693266832917708,25.982139749627418,59.01854202822354,1442.0,1452.0,1381.0,0,0,126308.85,12737984,1412.5177556178103,0.3055555555555556,0.6944444444444444,0.4722222222222222,3126833.3333333335,-3.0991735537189924,-4.545454545454552,1.9694972908779909,-1.5108856543727682,63.627945431996686,47.68834688346883,1.0,0.85,146611.1,-4736.0,-4.192152107140645,0.22847555616008486,1.0272992861194912,0.2,0.0
2017-08-14,,,,1410.6,1409.2,1410.65,1356.1,1401.3762631408272,29.642857142857142,50.96774193548388,13.122373866265889,15.641772686414203,-2.5193988201483144,1443.8845729941054,1377.4154270058948,1410.65,66.46914598821058,-38.46153846153846,53.37206714996269,48.146328229568795,63.82354499075049,24.058612932103422,23.6144578313253,21.927710843373493,22.55541484639245,64.43133708988786,1377.0,1452.0,1382.0,0,0,126018.1,12881966,1414.9807843740966,0.43333333333333335,0.5666666666666667,0.3333333333333333,4799400.0,-2.4104683195592225,-4.545454545454552,1.4401949736694677,-1.5108856543727682,63.627945431996686,48.755606482239315,1.0,0.85,146113.5,29502.0,27.2568530169905,0.2296436437672731,1.0044943761369562,0.3,0.0
2017-08-15,,,,1413.4,1407.7,1411.65,1357.1166666666666,1401.4356666512244,29.142857142857142,52.31788079470199,11.65926093440521,14.845270336012405,-3.186009401607194,1442.3627609342725,1380.9372390657277,1411.65,61.42552186854482,-61.53846153846154,48.40189092048795,48.231515793208516,48.74264117504683,-35.566400908864004,24.019607843137255,19.362745098039216,21.292941444088537,68.13262735774252,1442.0,1452.0,1386.0,0,0,129131.65,12724844,1415.5197992384776,0.3939393939393939,0.6060606060606061,0.45454545454545453,4761272.727272727,-3.443526170798894,-4.545454545454552,0.8451127654103564,-1.5108856543727682,63.627945431996686,48.755606482239315,1.0,0.8,145597.7,-3631.0,-2.636145173117277,0.23118837620345245,1.099920637237835,0.5,0.0
2017-08-16,,,,1412.2,1407.3,1409.6,1358.3333333333333,1402.346555541584,29.214285714285715,53.84615384615384,11.098027031273432,14.095821675064611,-2.9977946437911793,1433.7434310559447,1385.456568944055,1409.6,48.286862111889604,-47.69230769230769,49.703824716222734,48.722285434213255,51.6669032802417,-24.929071007414198,23.96088019559902,19.315403422982886,20.059688821005405,72.32225728605901,1377.0,1427.0,1386.0,0,0,116090.15,12826488,1412.9985462447362,0.9411764705882353,0.058823529411764705,0.5294117647058824,5979058.823529412,-1.1212333566923527,-4.545454545454552,-2.0803577448321287,-1.5108856543727682,63.627945431996686,48.755606482239315,0.0,0.8,141068.5,-4715.0,-3.5158230679750657,0.20472682870773226,1.0206603766500901,0.5,0.0
2017-08-17,,,,1415.6,1410.0,1410.4,1359.8666666666666,1406.027835966195,30.071428571428573,62.63736263736264,12.925003009944703,13.861657942040631,-0.9366549320959283,1437.5634429256345,1383.2365570743657,1410.4,54.3268858512688,-12.32876712328767,62.35962743638593,53.26806610160415,80.5427501059495,97.21350775352751,30.64133016627078,17.814726840855105,19.65303493137938,96.42260468323214,1377.0,1441.0,1386.0,1,0,114060.3,13004841,1412.778832775295,0.7631578947368421,0.23684210526315788,0.7894736842105263,4693500.0,0.0,-4.545454545454552,0.8980627151742995,-1.3511473748654153,63.627945431996686,48.755606482239315,0.0,0.8,139948.0,31364.0,24.23933288508653,0.19697336452045722,1.030386064123599,0.5,0.0
2017-08-18,,,,1422.8,1413.6,1411.2,1361.55,1409.5489944456049,28.5,56.68789808917197,14.368645124175146,13.963055378467535,0.4055897457076103,1441.2147332242278,1381.1852667757723,1411.2,60.02946644845542,-9.58904109589041,71.71007125896048,59.41540115405626,96.29941146876892,107.61766188310241,28.32080200501253,18.796992481203006,18.827896365314654,80.11265620584587,1377.0,1443.0,1386.0,1,0,112289.75,13077397,1413.1403590562215,0.7692307692307693,0.23076923076923078,0.15384615384615385,5581230.76923077,0.0,-4.545454545454552,0.8969282728226878,-1.3511473748654153,63.5563088512241,48.755606482239315,0.0,0.8,138709.2,-8949.0,-5.566787138351669,0.19006276942371875,0.9179761163275243,0.3,0.0
2017-08-21,,,,1430.2,1420.4,1413.4,1363.5,1413.7824235460234,30.214285714285715,61.34969325153374,16.213451394592994,14.413134581692628,1.8003168129003662,1448.9788227963516,1377.8211772036486,1413.4,71.15764559270292,-13.48314606741573,75.94524231116846,64.92534820642699,97.9850305206514,112.78568208018599,31.44208037825059,19.148936170212764,18.2946363323295,92.8925691365603,1377.0,1454.0,1386.0,1,0,114067.9,13225285,1415.3897947333708,0.6923076923076923,0.3076923076923077,0.28205128205128205,3792000.0,0.0,-4.545454545454552,2.394015345233753,-1.3511473748654153,62.95904499540863,48.755606482239315,0.0,0.8,139023.5,23407.0,15.418818507588528,0.19260714285921623,0.877718610736348,0.3,0.0
2017-08-22,,,,1441.0,1427.2,1415.5,1365.2833333333333,1417.803145113069,28.714285714285715,62.57668711656442,17.633587915352336,15.05722524842457,2.576362666927766,1455.864132071555,1375.135867928445,1415.5,80.72826414311021,-11.235955056179776,79.63449054510798,69.82839565265398,99.24668033001598,107.71461543361008,29.1044776119403,18.1592039800995,17.153740614774744,96.25626792972403,1377.0,1456.0,1386.0,1,0,113525.8,13311139,1416.8489661968176,0.6111111111111112,0.3888888888888889,0.1111111111111111,4769666.666666667,0.0,-4.545454545454552,2.284887039089932,-1.3511473748654153,62.671873580964494,48.755606482239315,0.0,0.8,138615.65,-11628.0,-6.636418114887421,0.1898080506536774,0.7483613500897615,0.1,0.0
2017-08-23,,,,1446.6,1429.4,1417.7,1367.5166666666667,1419.8218931975387,29.142857142857142,56.98324022346369,17.189152563635616,15.48361071146678,1.705541852168837,1458.1558238601779,1377.2441761398222,1417.7,80.91164772035563,-30.337078651685392,74.73468200842696,71.46382443791164,81.27639714945761,65.45966385863053,28.676470588235297,21.323529411764707,15.456908035589224,83.92462709958146,1466.0,1456.0,1386.0,0,0,112512.55,13176012,1419.5658266566707,0.3076923076923077,0.6923076923076923,0.6538461538461539,5197192.307692308,-1.1675824175824245,-4.545454545454552,2.446500187668836,-1.2087560791547869,62.671873580964494,48.755606482239315,0.0,0.8,138191.35,-326.0,-0.19928233906116866,0.18678190856961494,0.7567873284560684,0.3,0.0
2017-08-24,,,,1449.2,1432.4,1420.45,1370.15,1423.0769509882493,29.071428571428573,62.5668449197861,17.84164164632307,15.955216898438039,1.8864247478850302,1462.977885588479,1377.922114411521,1420.45,85.05577117695793,-13.48314606741573,77.96164947747944,73.62976611776757,86.62541619690316,74.35122970180046,28.009828009828006,20.638820638820636,14.443350734606772,99.79950936270097,1377.0,1456.0,1386.0,0,0,114364.25,13291366,1421.754476158415,0.7586206896551724,0.2413793103448276,0.5172413793103449,3977724.1379310344,-0.13736263736263687,-4.545454545454552,2.9699836968396434,-1.2087560791547869,62.671873580964494,48.755606482239315,0.0,0.8,138181.55,-713.0,-0.43672401859599086,0.18672439868170668,0.6768281315154356,0.0,0.0
2017-08-25,,,,1449.6,1436.2,1422.95,1372.5166666666667,1425.16486041794,27.571428571428573,66.85714285714286,17.43157877211752,16.250489273173937,1.1810894989435816,1465.055006578108,1380.844993421892,1422.95,84.21001315621606,-24.444444444444443,75.90605691661023,74.38852971738179,78.9411113150671,74.1831753584935,31.0880829015544,16.06217616580311,15.764718442529102,100.0,1467.0,1456.0,1386.0,0,0,114323.05,13186898,1424.2148171344274,0.0,1.0,0.4090909090909091,4748545.454545455,-0.7554945054945139,-4.545454545454552,2.6937015978408163,-1.2087560791547869,62.95904499540863,48.755606482239315,0.0,0.8,137635.6,-14487.0,-8.912444324138102,0.1849213988850293,0.7223537770414985,0.2,0.0
2017-08-28,,,,1447.8,1439.0,1424.1,1374.7666666666667,1427.0539213305171,28.428571428571427,66.47398843930635,16.911653970137422,16.382722212566634,0.5289317575707884,1467.3369237913905,1380.8630762086093,1424.1,86.47384758278122,-28.205128205128204,73.75218609255496,74.17641517577285,72.90372792611922,40.29935170172224,30.150753768844222,19.095477386934675,15.372418665475424,98.04860724949879,1467.0,1456.0,1386.0,0,0,114846.75,13186898,1425.524907177028,0.7407407407407407,0.25925925925925924,0.0,4590703.703703703,-0.7554945054945139,-4.545454545454552,1.3638597314700316,-1.2087560791547869,63.5563088512241,48.755606482239315,0.0,0.8,136624.6,-12026.0,-8.122327959422126,0.18351011342241538,0.7357773554086673,0.0,0.0
2017-08-29,,,,1443.6,1442.3,1425.0,1376.95,1427.8106907276108,26.571428571428573,55.84415584415584,15.513859279467397,16.208949625946786,-0.6950903464793896,1468.3638219328823,1381.6361780671177,1425.0,86.72764386576455,-41.02564102564103,63.107518001097255,70.48678278421431,48.348988434863145,29.897628963882685,21.50537634408602,20.43010752688172,15.514280657048397,38.35044303056325,1467.0,1456.0,1386.0,0,0,115606.35,13102371,1426.2144321368737,0.2777777777777778,0.7222222222222222,0.5555555555555556,4695944.444444444,-1.4423076923076872,-4.545454545454552,1.0785681030427468,-1.2087560791547869,63.5563088512241,48.755606482239315,0.0,0.8,135764.25,-1813.0,-1.3327452493843484,0.18290027014540589,0.7567640608449526,0.2,0.0
2017-08-30,,,,1444.8,1445.7,1426.5,1379.4,1429.4477678011717,26.142857142857142,56.68789808917197,15.039645669632591,15.975088834683948,-0.9354431650513568,1470.478463628838,1382.521536371162,1426.5,87.95692725767594,-28.205128205128204,57.94469454041405,66.30608670294755,41.22191021534704,29.775795315672806,19.12568306010929,21.85792349726776,15.385144256725557,43.07362444722182,1389.0,1456.0,1386.0,0,0,112160.75,13179940,1427.094355645803,1.0,0.0,0.5263157894736842,4082578.947368421,-0.7554945054945139,-4.545454545454552,1.7301798046840522,-1.2087560791547869,63.5563088512241,48.755606482239315,0.0,0.8,134986.7,174.0,0.12963597621851175,0.18228679012695673,0.7066626149053795,0.3,0.0
2017-08-31,,,,1438.0,1443.6,1426.8,1381.1833333333334,1428.5479803915364,26.357142857142858,53.93939393939394,12.502416822387204,15.2805544322246,-2.7781376098373958,1470.500415510434,1383.0995844895658,1426.8,87.40083102086828,-60.256410256410255,46.280069584319754,59.63074766340496,19.578713426149335,-8.850924708517532,18.97018970189702,21.40921409214092,15.625606518506414,18.70210222878431,1467.0,1456.0,1386.0,0,0,114457.5,13050232,1427.2817440243468,0.358974358974359,0.6410256410256411,0.6410256410256411,3325846.153846154,-2.472527472527475,-4.545454545454552,0.3908641441871778,-1.504415638072617,63.5563088512241,48.755606482239315,0.0,0.75,135345.95,7683.0,5.7166879966665585,0.18217955571697442,0.7473161302067399,0.2,-1.0
2017-09-01,,,,1432.2,1440.9,1427.25,1382.7,1427.3529346399616,25.714285714285715,49.68553459119497,10.052993459760046,14.23504223773169,-4.182048777971644,1470.272026182378,1384.227973817622,1427.25,86.04405236475623,-65.38461538461539,36.31786059719678,51.85978530800223,5.234011175585863,-14.77081925114621,18.888888888888886,21.944444444444446,15.895555768047501,0.0,1467.0,1456.0,1386.0,0,0,114835.1,12935026,1427.544520360064,0.09523809523809523,0.9047619047619048,0.19047619047619047,5486000.0,-2.7472527472527486,-4.545454545454552,0.5487407269434864,-1.504415638072617,63.5563088512241,48.755606482239315,0.0,0.7,135693.1,-10087.0,-7.099571365226387,0.18094744895280346,0.780766444578395,0.2,-1.0
2017-09-04,,,,1422.2,1435.0,1427.7,1384.1,1424.2717027694891,26.928571428571427,47.878787878787875,6.34415186841693,12.65686416386874,-6.31271229545181,1469.061563647468,1386.3384363525322,1427.7,82.7231272949357,-93.50649350649351,26.376409229300016,43.365326615101495,-7.601425542302934,-51.752753924497476,19.363395225464192,23.342175066312997,15.794291975868875,0.0,1467.0,1456.0,1388.0,0,0,117682.9,12749126,1427.627475331307,0.1,0.9,0.42,3718000.0,-4.189560439560436,-4.4077134986226,0.556051447295196,-1.495403495396161,63.5563088512241,48.770388448240794,0.0,0.7,137611.3,17593.0,13.328838111400687,0.17465077108911353,0.8470897347533874,0.0,0.0
2017-09-05,,,,1415.6,1429.6,1428.4,1385.7333333333333,1422.150588220014,26.857142857142858,47.23926380368098,3.9244708282658394,10.910385496748159,-6.9859146684823195,1467.3353039635235,1389.4646960364767,1428.4,77.87060792704688,-84.41558441558442,22.77907801433854,36.50324374818051,-4.669253453345391,-80.40444598459207,19.414893617021278,23.404255319148934,15.693028183690249,0.0,1390.0,1456.0,1395.0,0,0,119201.8,12845389,1427.6984723944327,0.625,0.375,0.4375,6016437.5,-3.7087912087912067,-4.189560439560436,0.8145182404720261,-1.495403495396161,63.5563088512241,48.770388448240794,0.0,0.7,139817.4,-10593.0,-7.081592405655646,0.15611736098698734,0.8596545842169894,-0.2,0.0
2017-09-06,,,,1405.8,1425.3,1427.35,1386.8833333333334,1419.6600560085842,26.214285714285715,33.81294964028777,1.505353536657367,9.02937910473,-7.5240255680726325,1468.6411357888344,1386.0588642111654,1427.35,82.58227157766896,-85.5421686746988,20.005329117992762,31.00393887145126,-1.991890388924233,-81.3282461097402,11.171662125340598,26.15803814713896,16.669842266987803,0.0,1467.0,1456.0,1395.0,0,0,120239.15,12728487,1426.8558069480698,0.4,0.6,0.2,3896733.333333333,-4.120879120879117,-4.189560439560436,-1.1347637819691547,-1.495403495396161,63.5563088512241,48.770388448240794,0.0,0.65,135754.6,-138888.0,-99.92517554967192,0.26626528833441654,225.555759550711,-0.3,-1.0
2017-09-07,,,,1398.0,1418.0,1425.2,1387.9833333333333,1415.9781459125284,27.285714285714285,29.60526315789474,-1.603702501345424,6.902762783514915,-8.50646528486034,1471.4105023377904,1378.9894976622097,1425.2,92.42100467558066,-93.47826086956522,15.93428867606444,25.980722139655658,-4.158578251117994,-95.82403901858848,10.732984293193716,27.4869109947644,18.357188729909897,0.0,1467.0,1456.0,1381.0,0,1,120197.85,12609468,1424.8091306680333,0.21428571428571427,0.7857142857142857,0.5357142857142857,4250678.571428572,-5.151098901098894,-5.151098901098894,-2.3683866144393937,-1.495403495396161,63.5563088512241,48.770388448240794,0.0,0.6,136976.8,137313.0,132031.73076923075,0.2609707760848694,225.54639691538267,-0.3,-1.0
2017-09-08,,,,1389.6,1410.9,1423.55,1388.6166666666666,1411.9802272541924,26.5,22.97297297297297,-4.5797013630131005,4.606269954209312,-9.185971317222412,1474.599923965049,1372.500076034951,1423.55,102.0998479300979,-91.17647058823529,14.237316948701595,22.066253742670973,-1.4205566392371622,-101.1191039146526,5.660377358490566,29.380053908355794,21.45670603503468,0.0,1467.0,1456.0,1374.0,0,1,119573.35,12509392,1423.4410192572175,0.32142857142857145,0.6785714285714286,0.25,3574142.8571428573,-5.631868131868134,-5.631868131868134,-1.8703012458634036,-1.495403495396161,63.5563088512241,47.864005912786396,0.0,0.6,138324.1,-2234.0,-1.6257086095606832,0.2538157203671792,225.51989182735846,-0.3,0.0
2017-09-11,,,,1386.4,1404.3,1421.65,1389.7833333333333,1408.8392532299836,26.357142857142858,24.503311258278146,-6.460273674997552,2.3929612283679393,-8.853234903365491,1476.4194690209545,1366.8805309790457,1421.65,109.53893804190875,-86.27450980392157,15.324877965801063,19.819128483714337,6.336376929974513,-87.62041201215536,5.691056910569106,29.539295392953928,24.63773553185365,3.4872216777585856,1365.0,1456.0,1374.0,0,0,116259.65,12587100,1422.2275206115505,0.625,0.375,0.3125,4856750.0,-5.288461538461531,-5.631868131868134,-2.1826593056993353,-1.495403495396161,63.5563088512241,47.864005912786396,0.0,0.55,138010.1,-3724.0,-2.754784255416731,0.25463648183661275,225.3895614266393,-0.2,0.0
2017-09-12,,,,1384.0,1399.8,1421.05,1391.1833333333334,1407.0450386366517,25.928571428571427,33.103448275862064,-6.982542310598092,0.5178605205747331,-7.500402831172825,1476.9765495749882,1365.1234504250117,1421.05,111.85309914997652,-75.49019607843137,20.633251977200707,20.090502981543125,21.718749968515873,-65.7202140061783,8.539944903581269,26.170798898071627,27.215433277618622,23.084577718179442,1365.0,1456.0,1374.0,0,0,113118.0,12681389,1421.9882011115235,0.75,0.25,0.55,4714450.0,-4.532967032967039,-5.631868131868134,-0.6450845202815764,-1.495403495396161,63.5563088512241,47.691755199760586,0.0,0.55,137994.8,2343.0,1.7823047490092003,0.25467815570968433,225.39198364340237,0.1,0.0
2017-09-13,,,,1380.2,1393.0,1419.35,1392.3166666666666,1404.183606385542,25.285714285714285,23.07692307692308,-8.349191044352438,-1.255549792410701,-7.093641251941737,1478.5349020576543,1360.1650979423455,1419.35,118.36980411530885,-88.23529411764706,19.08883465146714,19.75661353818446,17.753276878032494,-68.51123166745323,7.627118644067797,26.836158192090394,30.11444683236988,0.23687380717120324,1467.0,1456.0,1374.0,0,0,111932.25,12603460,1421.3337161541917,0.1,0.9,0.65,3896450.0,-5.425824175824189,-5.631868131868134,-1.9483561807959482,-1.495403495396161,63.5563088512241,47.23585548738922,0.0,0.5,137771.2,-8881.0,-6.637419470560979,0.25561236418366207,0.7052104335029108,0.1,0.0
2017-09-14,,,,1384.6,1391.3,1417.45,1394.6166666666666,1404.0708819678714,26.5,36.875,-7.250705681403815,-2.454580970209324,-4.796124711194491,1476.1462744266973,1358.7537255733027,1417.45,117.3925488533946,-56.32183908045977,29.614778656533645,23.04266857763419,42.75899881433256,-44.1846288019657,9.164420485175201,27.223719676549866,31.383125243905432,31.957936792961046,1365.0,1456.0,1374.0,0,0,111916.0,12781488,1418.0708346736242,0.8717948717948718,0.1282051282051282,0.6666666666666666,4564820.512820513,-3.6401098901098994,-5.631868131868134,-2.2109286058742272,-1.495403495396161,63.5563088512241,47.23585548738922,0.0,0.45,137324.0,26892.0,21.52720519368241,0.25461434251737325,0.7665232335900961,0.5,0.0
2017-09-15,,,,1381.8,1385.7,1413.3,1396.15,1399.8736551137886,28.142857142857142,29.064039408867004,-9.737639306655865,-3.9111926374986323,-5.8264466691572325,1475.9908874432026,1350.6091125567973,1413.3,125.38177488640531,-94.6236559139785,22.568044528084577,22.88446056111765,21.935212462018427,-70.96913948062867,8.629441624365482,24.111675126903553,33.157256823447554,18.066379844834543,1448.0,1456.0,1360.0,0,1,116689.1,12613470,1414.1475167774881,0.1,0.9,0.86,3360360.0,-6.593406593406604,-6.593406593406604,-4.053597826287324,-1.7968416665228037,63.5563088512241,47.23585548738922,1.0,0.4,136255.7,-21371.0,-14.077187065666308,0.2555853050611497,0.8760765418501375,0.5,0.0
2017-09-18,,,,1375.8,1381.1,1408.05,1397.4,1395.0285451029517,29.357142857142858,28.92156862745098,-12.452614206136332,-5.619476951226172,-6.833137254910159,1473.8966320123034,1342.2033679876965,1408.05,131.69326402460683,-86.48648648648648,21.29536301872305,22.354761380319452,19.17656629553025,-94.54074970378706,8.27250608272506,28.223844282238446,36.87886854505928,17.643805032863302,1448.0,1456.0,1349.0,0,1,116395.55,12471453,1408.0606758591716,0.42857142857142855,0.5714285714285714,0.3142857142857143,4057628.5714285714,-7.348901098901117,-7.348901098901117,-5.257446493822386,-1.7968416665228037,63.5563088512241,47.23585548738922,1.0,0.35,133866.6,-3009.0,-2.306772358596154,0.2512206407464577,0.9807414995455964,0.7,-1.0
2017-09-19,,,,1365.4,1374.7,1402.15,1398.2166666666667,1389.5972550931467,29.142857142857142,23.902439024390247,-15.315314036713517,-7.558644368323641,-7.7566696683898755,1470.984737252545,1333.315262747455,1402.15,137.66947450508997,-96.3963963963964,15.998710480950503,20.23607774719647,7.523975948458563,-94.57004018798149,8.333333333333332,27.450980392156865,40.2187250356007,3.001528825126944,1448.0,1454.0,1338.0,0,1,115797.95,12397551,1404.2249746217442,0.125,0.875,0.6875,4618875.0,-7.977991746905111,-7.977991746905111,-5.950694849936062,-1.7968416665228037,63.5563088512241,46.74684994272623,1.0,0.3,131483.75,-11503.0,-9.026704228888905,0.2517233829566547,0.967297574497046,0.6,-1.0
2017-09-20,,,,1359.2,1369.7,1397.5,1399.1,1385.445135560466,27.642857142857142,30.31914893617021,-16.74545989785861,-9.396007474230636,-7.349452423627973,1468.387605627319,1326.612394372681,1397.5,141.77521125463818,-86.23853211009174,17.15931348080683,19.210489658399926,13.056961125620639,-83.1702149880827,8.785529715762273,25.064599483204137,43.22239179253351,27.500829265981135,1331.0,1454.0,1338.0,0,0,112500.0,12466719,1400.0234434074075,0.8333333333333334,0.16666666666666666,0.4444444444444444,3842666.6666666665,-7.427785419532329,-7.977991746905111,-4.656972795782644,-1.7968416665228037,63.5563088512241,45.152777777777786,1.0,0.25,129091.0,-524.0,-0.45199689467781967,0.2509998584323069,0.9624013071395898,0.4,-1.0
2017-09-21,,,,1346.2,1365.4,1391.7,1398.7833333333333,1380.926551221374,27.857142857142858,29.6875,-18.313289733253214,-11.179463926035153,-7.133825807218061,1462.103648230798,1321.2963517692021,1391.7,140.8072964615958,-93.57798165137615,14.469845350840917,17.630274889213588,8.148986274095577,-75.84474809898464,10.256410256410257,24.871794871794872,45.659737951017746,26.95967609339035,1440.0,1445.0,1338.0,0,0,111417.65,12373012,1395.0200548716175,0.2916666666666667,0.7083333333333334,0.3333333333333333,3904458.3333333335,-7.404844290657442,-7.977991746905111,-6.074541000394633,-1.7968416665228037,63.5563088512241,36.26258992805756,1.0,0.2,126901.55,3353.0,2.905394866818023,0.24813463218796694,0.8856757532558046,0.0,-1.0
2017-09-22,,,,1341.4,1361.6,1386.25,1398.25,1376.6478320574336,25.428571428571427,32.94797687861271,-19.492492142941273,-12.842069569416378,-6.650422573524896,1456.1548225126262,1316.3451774873738,1386.25,139.8096450252524,-93.97590361445783,11.811065731729443,15.69053850338554,4.052120188417248,-71.52730693073072,9.831460674157304,20.505617977528093,47.50748187950702,41.106421971242405,1440.0,1445.0,1336.0,0,1,111475.25,12267392,1389.728018401693,0.125,0.875,0.125,6601250.0,-7.543252595155714,-7.977991746905111,-5.724548595053887,-1.7968416665228037,63.5563088512241,33.67104936740263,1.0,0.15,125525.65,1784.0,1.5022019383793994,0.24787301159572223,0.8033027785170308,-0.3,0.0
2017-09-25,,,,1341.6,1358.7,1381.5,1397.95,1374.1099432900587,27.357142857142858,35.55555555555554,-19.077422895341442,-14.089140234601391,-4.988282660740051,1447.3914577963017,1315.6085422036983,1381.5,131.78291559260333,-65.97938144329896,19.961955909065047,17.114344305278706,25.657179116637728,-62.441478788397156,11.74934725848564,23.49869451697128,49.222950675721165,90.50897799378957,1317.0,1445.0,1336.0,0,0,113143.5,12424706,1383.6429839098137,0.7674418604651163,0.23255813953488372,0.32558139534883723,3658465.11627907,-6.57439446366781,-7.977991746905111,-4.749322499486932,-1.7968416665228037,62.95904499540863,33.67104936740263,1.0,0.1,124966.25,4304.0,3.5705101084260393,0.2481946002978203,0.8324247491785302,-0.2,0.0
2017-09-26,,,,1339.4,1352.4,1376.1,1397.6,1369.6232820243388,27.428571428571427,32.48730964467005,-20.36957749741714,-15.345227687164542,-5.024349810252598,1441.2278903793044,1310.9721096206954,1376.1,130.25578075860903,-89.01098901098901,16.970974269047026,17.06655429320148,16.779814220738118,-67.33317444953876,10.15625,21.354166666666668,48.8937510100915,68.43848492885382,1408.0,1445.0,1327.0,0,1,114147.3,12320103,1379.4292205480695,0.0967741935483871,0.9032258064516129,0.7419354838709677,3374290.3225806453,-8.166089965397905,-8.166089965397905,-5.283008208378843,-1.7968416665228037,62.95904499540863,33.07235399641219,1.0,0.05,123885.3,-12244.0,-9.807204017717686,0.25066007777828425,0.8907213587591996,-0.2,0.0
2017-09-27,,,,1336.8,1348.0,1370.5,1396.9333333333334,1366.1353504029732,26.857142857142858,37.234042553191486,-20.67118492072541,-16.410419133876715,-4.260765786848694,1429.6714725006088,1311.3285274993912,1370.5,118.34294500121769,-82.41758241758242,17.374588906637413,17.169232497680127,17.785301724551985,-67.57748201659373,10.372340425531915,19.946808510638295,48.01827464795328,100.0,1317.0,1420.0,1327.0,0,0,113943.65,12393599,1375.8939867791375,0.55,0.45,0.3,3674800.0,-6.126760563380273,-8.166089965397905,-5.50287953021068,-1.7968416665228037,62.95904499540863,33.07235399641219,1.0,0.0,122404.4,-7825.0,-6.9491931831301095,0.2551476061079836,0.9111413664415815,-0.2,0.0
2017-09-28,,,,1333.6,1339.9,1365.6,1396.1833333333334,1361.9319836979282,26.5,36.458333333333336,-21.54941085157111,-17.438217477415595,-4.111193374155516,1423.733783999503,1307.4662160004968,1365.6,116.26756799900613,-91.48936170212765,16.431544119576458,16.923336371645572,15.44795961543823,-74.27772683255004,10.512129380053908,19.676549865229113,45.351477159727224,94.52071290944127,1408.0,1416.0,1322.0,0,1,111636.85,12310027,1371.1887636863037,0.34782608695652173,0.6521739130434783,0.4782608695652174,3633565.2173913047,-6.638418079096042,-8.166089965397905,-5.043611945245313,-1.7717615691243664,62.95904499540863,33.07235399641219,1.0,0.0,120640.2,2017.0,1.9250224283723583,0.2574381814819013,0.9098402108847952,-0.2,0.0
2017-09-29,,,,1328.8,1335.1,1360.4,1395.2833333333333,1357.176556679078,26.571428571428573,32.99492385786802,-22.789623066888225,-18.508498595310122,-4.281124471578103,1418.1559292922962,1302.644070707704,1360.4,115.51185858459212,-96.0,13.51846531048687,15.788379351259339,8.978637228941931,-82.8707031848871,10.483870967741934,21.236559139784948,42.93761983061565,70.0566297937267,1408.0,1403.0,1312.0,0,1,109395.65,12239645,1366.7233051161845,0.23529411764705882,0.7647058823529411,0.5882352941176471,4140117.6470588236,-6.486101211689221,-8.166089965397905,-5.36749473472483,-1.7717615691243664,62.671873580964494,32.98553446201696,1.0,0.0,119003.95,-7528.0,-7.049019148836555,0.26292438151640385,0.8764032592904032,0.1,0.0
2017-10-09,,,,1319.6,1330.6,1355.85,1394.4166666666667,1352.1121227096419,27.857142857142858,27.835051546391753,-24.139765137955692,-19.634751903839238,-4.505013234116454,1416.3993274333188,1295.300672566681,1355.85,121.09865486663784,-89.65517241379311,14.89466314816772,15.490473950228798,13.703041544045558,-84.43483557599943,8.717948717948717,24.358974358974358,42.68713203859962,33.609439246767174,1408.0,1403.0,1304.0,0,1,104158.15,12158495,1360.7484483931405,0.3157894736842105,0.6842105263157895,0.21052631578947367,2135526.3157894737,-7.056307911617942,-8.166089965397905,-4.87020210914232,-1.7717615691243664,62.671873580964494,32.85584343182418,1.0,0.0,117468.5,19609.0,19.753795319693346,0.259232351880737,0.7609212179430143,-0.3,-1.0
2017-10-10,,,,1326.6,1333.0,1353.85,1394.2,1353.0538253087236,31.142857142857142,46.86192468619247,-20.295691089499314,-19.766939740971253,-0.5287513485280613,1410.497664512604,1297.2023354873959,1353.85,113.29532902520805,-39.6551724137931,39.84430534664172,23.6084177490331,72.31608054185895,-16.699794815963013,16.972477064220183,21.788990825688074,39.593441366094325,100.0,1292.0,1403.0,1304.0,0,0,110987.9,12391353,1357.4352219175844,0.8769230769230769,0.12307692307692308,0.8923076923076924,3582430.7692307695,-2.9223093371346764,-8.166089965397905,-1.404240845368083,-1.7717615691243664,62.58882222072407,32.85584343182418,2.0,0.05,118208.55,34917.0,29.372623574144498,0.26371640321562195,0.8779504551598294,-0.2,0.0
2017-10-11,,,,1332.0,1334.4,1352.05,1394.2666666666667,1353.7153657555118,29.857142857142858,40.0,-17.21220639524404,-19.255993071825813,2.0437866765817745,1405.2407194120801,1298.8592805879198,1352.05,106.38143882416034,-39.823008849557525,55.622699290923535,34.27984492966324,98.30840801344411,9.825197260027288,14.593301435406696,21.29186602870813,37.381801154454116,70.11289892434884,1405.0,1403.0,1304.0,0,0,111576.25,12262684,1355.323516279973,0.6666666666666666,0.3333333333333333,0.09523809523809523,6127095.238095239,-3.0648610121168596,-8.166089965397905,-1.2580883001566787,-1.7717615691243664,62.568813359141764,32.85584343182418,2.0,0.1,125234.2,-13176.0,-8.567360022887904,0.11629644444797309,0.9206677853333046,0.0,0.0
2017-10-12,,,,1339.2,1336.4,1350.9,1394.1333333333334,1354.1234261597488,28.571428571428573,49.425287356321846,-14.759764467890363,-18.356747351038724,3.5969828831483603,1402.4237298420624,1299.3762701579378,1350.9,103.04745968412453,-20.481927710843372,63.5878236236679,44.04917116099813,102.66512854900745,15.292067981565678,17.25,19.499999999999996,34.4414888168945,100.0,1405.0,1403.0,1304.0,0,0,113020.55,12114779,1353.9094863721687,0.46875,0.53125,0.0625,4622031.25,-3.2074126870990427,-8.166089965397905,-0.7797106980786164,-1.7717615691243664,62.14602204518171,32.85584343182418,2.0,0.15,124956.75,-8749.0,-6.2218650661015396,0.11501238628917972,0.9884813931205378,0.3,0.0
2017-10-13,,,,1351.6,1340.2,1350.9,1394.4333333333334,1356.0164331921537,27.571428571428573,56.98324022346369,-11.393779886996072,-16.964153858230194,5.5703739712341225,1402.4237298420624,1299.3762701579378,1350.9,103.04745968412453,-5.747126436781609,73.80950693685139,53.969283086282545,113.48995463798909,40.949612989368674,18.911917098445596,14.76683937823834,31.415847791253476,100.0,1292.0,1403.0,1304.0,0,0,113006.3,12214570,1353.5974627078313,0.7619047619047619,0.23809523809523808,0.7619047619047619,4751952.380952381,-2.0669992872416,-8.166089965397905,0.11335272148778569,-1.7717615691243664,61.79087931468884,32.85584343182418,2.0,0.2,123954.75,-16725.0,-12.68313768313768,0.11552259598278479,1.0200120021803687,0.1,0.0
2017-10-16,,,,1367.6,1343.6,1351.15,1394.4833333333333,1358.681534792901,28.214285714285715,62.921348314606746,-7.8290480371558715,-15.137132694015332,7.30808465685946,1403.2926181887203,1299.0073818112799,1351.15,104.28523637744047,-4.166666666666667,81.15078240234537,63.029782858303484,117.39278149042913,57.711282669344286,20.759493670886073,14.430379746835442,28.884487361006677,100.0,1292.0,1403.0,1304.0,0,0,115063.5,12333422,1354.0622225988259,0.84,0.16,0.4,4754080.0,-1.3542409123306953,-8.166089965397905,0.30249185394735967,-1.7717615691243664,61.79087931468884,32.85584343182418,2.0,0.25,123104.85,-682.0,-0.59230695743554,0.11660896595215983,1.0911556645637592,0.2,1.0
2017-10-17,,,,1370.4,1348.5,1350.45,1394.3833333333334,1360.3309124316722,28.0,58.42696629213483,-5.585123675746672,-13.2267308903616,7.641607214614927,1400.739582472505,1300.1604175274952,1350.45,100.57916494500978,-12.5,83.26718826823024,69.7755846616124,110.25039548146592,57.56302819714637,20.918367346938773,13.26530612244898,27.04851997872506,87.19049191152193,1388.0,1403.0,1304.0,0,0,114046.15,12259480,1353.4580043546698,0.4,0.6,0.5333333333333333,4929466.666666666,-1.9244476122594167,-8.166089965397905,-0.4159041026923856,-1.7717615691243664,61.42543361357267,32.85584343182418,2.0,0.3,121641.1,-9934.0,-8.678938677802917,0.12081009023191633,0.929814875275541,0.1,0.0
2017-10-18,,,,1374.2,1353.1,1350.55,1393.1666666666667,1362.1089207715129,27.5,61.849710982658955,-3.5240989062579047,-11.286204493540861,7.7621055872829565,1401.069303241392,1300.030696758608,1350.55,101.03860648278396,-9.375,85.71979217882016,75.09032050068166,106.97873553509714,57.123738131850736,19.74025974025974,14.545454545454545,25.158925388400547,96.94570977659119,1292.0,1403.0,1304.0,0,0,114013.6,12336758,1353.2351251663542,0.7647058823529411,0.23529411764705882,0.17647058823529413,4545764.705882353,-1.7106200997861642,-8.166089965397905,0.18899071715970991,-1.7717615691243664,61.42543361357267,32.85584343182418,2.0,0.35,120671.1,994.0,0.9509504721268103,0.1251519089132727,0.8932779762861027,0.2,0.0
2017-10-19,,,,1375.4,1357.3,1348.6,1392.15,1362.2890235551783,28.0,57.52688172043011,-3.0657564355046816,-9.642114881933626,6.576358446428944,1393.2667190363184,1303.9332809636815,1348.6,89.33343807263691,-25.0,82.14652811921343,77.44238970685892,91.55480494392245,49.75686596174254,19.642857142857142,15.561224489795917,23.473855225069514,84.62514687767353,1388.0,1384.0,1304.0,0,0,109932.15,12240359,1350.708739739315,0.13043478260869565,0.8695652173913043,0.6521739130434783,4191260.869565217,-1.4450867052023253,-8.166089965397905,-1.4277553881770557,-1.7717615691243664,61.30219671482288,32.85584343182418,2.0,0.4,117996.9,-7192.0,-6.815704930772071,0.1185800629570219,0.8650295719087504,0.2,0.0
2017-10-20,,,,1380.0,1365.8,1350.45,1391.65,1365.5948308356376,28.142857142857142,61.46341463414634,-0.03924018137604435,-7.72153994182211,7.682299760446066,1399.9122663195835,1300.9877336804166,1350.45,98.92453263916696,-3.669724770642202,86.70879652392006,80.53119197921262,99.06400561333493,81.28118916318677,21.31979695431472,12.436548223350254,22.97260209223743,95.84472054690832,1292.0,1397.0,1304.0,1,0,107439.4,12358522,1350.8070423885465,0.9111111111111111,0.08888888888888889,0.7333333333333333,2625844.4444444445,0.0,-8.166089965397905,1.6384495293464125,-1.1185426906239075,61.30219671482288,32.85584343182418,2.0,0.45,116924.7,10669.0,10.85030865766965,0.11809861771174825,0.9085123661142124,0.5,0.0
2017-10-23,,,,1375.6,1371.6,1351.1,1390.85,1365.2524659941485,28.785714285714285,58.064516129032256,-0.4596135984390912,-6.269154673145507,5.809541074706416,1400.8230223072183,1301.3769776927816,1351.1,99.44604461443669,-35.77981651376147,68.7254045791651,76.59592951253012,52.98435471243505,49.517338198721674,20.843672456575682,12.158808933002481,22.313930620168833,86.15746706567694,1401.0,1397.0,1304.0,0,0,106168.75,12241918,1352.0168406428445,0.1,0.9,0.875,2915100.0,-2.505368647100925,-8.166089965397905,0.6200955003275007,-1.743786950873568,60.12417330273991,32.85584343182418,3.0,0.5,115317.35,-13712.0,-12.580047340318167,0.12470140907649861,0.9455851769015482,0.7,0.0
2017-10-24,,,,1372.2,1371.3,1352.15,1389.9333333333334,1364.6569930423248,28.642857142857142,56.07476635514018,-1.0230444682356392,-5.219932632163534,4.196888163927895,1401.5943866219084,1302.7056133780918,1352.15,98.88877324381656,-38.53211009174312,55.012338684960646,69.40139923667363,26.234217581534693,21.062894016605796,20.947630922693268,12.967581047381547,21.738963791332033,80.48645029512218,1401.0,1397.0,1304.0,0,0,106526.4,12160863,1352.7060569023265,0.3333333333333333,0.6666666666666666,0.16666666666666666,4503055.555555556,-2.7201145311381514,-8.166089965397905,0.9434036972332794,-1.743786950873568,60.12417330273991,32.85584343182418,3.0,0.55,114032.4,-5055.0,-5.3050815439833805,0.13533256701914403,0.9837670339572331,0.7,0.0
2017-10-25,,,,1364.6,1369.4,1351.9,1389.0333333333333,1362.403946085913,29.071428571428573,54.29864253393666,-2.8887177198623704,-4.753689649703301,1.864971929840931,1401.525545204439,1302.2744547955613,1351.9,99.25109040887764,-55.04587155963303,39.238995020743,59.347264498030086,-0.9775439338311855,-10.367072470866319,20.638820638820636,14.987714987714986,20.703601370501634,75.42429217414167,1401.0,1397.0,1304.0,0,0,107653.05,12069162,1352.821163915003,0.1724137931034483,0.8275862068965517,0.6206896551724138,3162103.448275862,-4.008589835361487,-8.166089965397905,-0.08264691926475304,-1.743786950873568,60.12417330273991,32.85584343182418,3.0,0.55,113274.45,10016.0,11.100397867695143,0.13887211351676665,1.0202477240295798,0.3,-1.0
2017-10-26,,,,1358.4,1366.9,1351.65,1387.9333333333334,1359.603570268207,29.214285714285715,54.794520547945204,-4.955684310511742,-4.794088581864989,-0.16159572864675287,1401.6195696872862,1301.680430312714,1351.65,99.93913937457228,-62.38532110091743,29.27044112493978,49.32165670699999,-10.831990039180639,-37.891631288384275,20.537897310513447,15.892420537897312,19.193127996759006,76.83760181261503,1401.0,1397.0,1304.0,0,0,106623.3,11996050,1352.7035435344183,0.3684210526315789,0.631578947368421,0.42105263157894735,3848000.0,-4.581245526127409,-8.166089965397905,-0.08380760857195452,-1.743786950873568,60.12417330273991,32.85584343182418,3.0,0.55,112321.3,-551.0,-0.5496423833132202,0.14206351922675828,0.9708431971751214,0.3,0.0
2017-10-27,,,,1342.6,1361.3,1350.75,1386.65,1355.641325480759,28.214285714285715,53.09734513274336,-7.7152087412428045,-5.378312613740553,-2.3368961275022517,1402.5222746366078,1298.9777253633922,1350.75,103.54454927321558,-86.45833333333333,22.444030347029454,40.36244792034314,-13.392804799597926,-64.40917265490955,20.0,16.455696202531648,16.50994231938728,57.14037827520385,1401.0,1397.0,1304.0,0,0,105393.35,11915029,1352.1086713092748,0.3333333333333333,0.6666666666666666,0.625,3375875.0,-5.6549749463135175,-8.166089965397905,-0.5880461343186738,-1.743786950873568,60.12417330273991,32.85584343182418,3.0,0.55,111517.95,4780.0,4.794575509549026,0.1428063189812686,0.9091261106726016,-0.1,-1.0
2017-10-30,,,,1333.6,1354.6,1349.1,1384.9,1351.9611992444961,24.714285714285715,36.68639053254437,-9.869078779664733,-6.276465846925389,-3.5926129327393435,1403.031340366061,1295.168659633939,1349.1,107.86268073212204,-92.3076923076923,17.5267894621222,32.75056176760283,-12.920755148839064,-60.98557346091599,11.271676300578033,18.78612716763006,17.408082640604526,0.0,1401.0,1397.0,1304.0,0,0,100847.6,11848630,1351.81407523167,0.23529411764705882,0.7647058823529411,0.058823529411764705,3905823.529411765,-5.726556907659274,-8.166089965397905,-1.1872238096641035,-1.743786950873568,58.999637549836905,32.85584343182418,3.0,0.55,110569.8,1408.0,1.3476779356024426,0.14156024261974737,0.7897991999357583,-0.4,0.0
2017-10-31,,,,1325.2,1348.7,1348.6,1383.2333333333333,1348.6315612212106,24.642857142857142,37.125748502994014,-11.44411566128133,-7.309995809796578,-4.134119851484752,1403.5694652080488,1293.630534791951,1348.6,109.93893041609772,-92.3076923076923,14.248628872184032,26.583250802463233,-10.420614988374368,-54.75375556270368,12.463768115942031,18.84057971014493,17.529775762297646,1.6747043166581497,1401.0,1397.0,1304.0,0,0,99286.5,11848630,1351.568164688385,0.15,0.85,0.0,3669050.0,-5.726556907659274,-7.056307911617942,-0.301340193084502,-1.3835465780504062,58.13700616165277,32.85584343182418,3.0,0.55,110525.8,5839.0,5.51452532960599,0.14157334792905354,0.7415004951828472,-0.5,0.0
2017-11-01,,,,1327.2,1345.9,1349.5,1382.1666666666667,1348.8571268191906,25.928571428571427,48.24120603015076,-9.83545093136513,-7.815086834110289,-2.0203640972548413,1403.9812860192517,1295.0187139807483,1349.5,108.96257203850337,-54.94505494505494,24.517400933104373,25.894634179343612,21.762934440625898,-7.142500523409847,18.732782369146005,17.079889807162537,17.422128307711414,44.043583350100754,1310.0,1397.0,1304.0,0,0,104228.9,12020974,1351.785975386865,0.6595744680851063,0.3404255319148936,0.723404255319149,3666893.6170212766,-3.2927702219040955,-7.056307911617942,0.7939926906204052,-1.3835465780504062,57.63440860215054,32.85584343182418,4.0,0.6,111655.8,15655.0,14.012334076242139,0.14349576123945648,0.8291528407858462,-0.1,0.0
2017-11-02,,,,1332.4,1345.4,1351.35,1381.25,1349.8231147411723,25.857142857142858,46.07329842931937,-7.8248395226687535,-7.817037371821982,-0.007802150846771383,1404.3932792508147,1298.3067207491852,1351.35,106.0865585016295,-46.15384615384615,34.90554001600897,28.898269458232065,46.92008113156278,9.664266647412306,17.67955801104972,17.12707182320442,16.65638611339779,35.780152477291615,1310.0,1397.0,1304.0,0,0,104409.3,12108154,1353.0466824634716,0.75,0.25,0.4,4359000.0,-2.7201145311381736,-7.056307911617942,1.5196012557900391,-1.3835465780504062,57.09196852285697,32.85584343182418,4.0,0.65,111253.25,-28634.0,-22.47954905870716,0.14606497644641978,0.859060781747889,-0.3,0.0
2017-11-03,,,,1339.6,1341.1,1353.45,1380.3666666666666,1350.2209133372512,24.857142857142858,41.935483870967744,-6.559262612463044,-7.565482419950195,1.0062198074871507,1403.1542834116876,1303.7457165883125,1353.45,99.40856682337517,-51.64835164835165,47.31407585766718,35.0368715913771,71.86848439024733,0.787096949032583,15.804597701149424,17.81609195402299,15.799050004263123,20.860098129058596,1401.0,1397.0,1304.0,0,0,103663.9,12052680,1354.3459309364207,0.6,0.4,0.5,5547400.0,-3.0780243378668914,-7.056307911617942,1.7274396947850768,-1.3835465780504062,57.09196852285697,32.85584343182418,4.0,0.7,110910.05,-6341.0,-6.421655999351861,0.1495418410301686,0.8240307406302753,0.0,1.0
2017-11-06,,,,1350.0,1341.8,1356.7,1380.0833333333333,1352.0093977813224,25.428571428571427,48.186528497409334,-4.2963831231284075,-6.911662560585838,2.6152794374574304,1400.9961326575662,1312.4038673424338,1356.7,88.59226531513241,-35.16483516483517,61.34069703642457,43.804813406392924,96.41246429648788,25.657713970937525,20.505617977528093,17.415730337078653,14.781913464738524,45.701989082337484,1310.0,1397.0,1317.0,0,0,103142.1,12123394,1356.5424046049093,0.6956521739130435,0.30434782608695654,0.6521739130434783,3074521.739130435,-2.004294917680771,-5.726556907659274,2.601693117918262,-1.3835465780504062,57.09196852285697,32.85584343182418,4.0,0.75,109846.15,5195.0,5.622111836195787,0.1523006422941496,0.843521065395195,0.4,1.0
2017-11-07,,,,1362.6,1343.9,1357.6,1379.95,1354.6751694211964,25.5,50.24875621890547,-1.597017333785061,-5.848733515225683,4.251716181440622,1403.0655450805257,1312.1344549194741,1357.6,90.93109016105154,-23.076923076923077,72.85726834391775,53.48896505223453,111.59387492728419,46.310672827720616,22.408963585434176,16.24649859943978,14.838378738595102,54.737669991144,1310.0,1397.0,1317.0,0,0,94991.45,12193239,1358.5907565014186,0.8333333333333334,0.16666666666666666,0.6111111111111112,3880277.777777778,-1.216893342877634,-5.726556907659274,0.9499638071758804,-1.3835465780504062,57.09196852285697,32.98553446201696,3.0,0.75,106863.3,-3462.0,-3.547203836144186,0.12619311994760904,0.8605503666829566,0.3,1.0
2017-11-08,,,,1369.4,1348.3,1358.85,1379.4166666666667,1357.5632485239396,25.357142857142858,55.49738219895288,0.934930419504326,-4.492000728279681,5.426931147784007,1405.9390533708636,1311.7609466291362,1358.85,94.17810674172733,-17.582417582417584,77.98327693516084,61.65373567987664,110.64235944572924,61.713923820329605,25.633802816901408,14.929577464788732,15.895142023619256,75.92110977198539,1310.0,1397.0,1317.0,0,0,91855.15,12259182,1359.5914763625121,0.5238095238095238,0.47619047619047616,0.23809523809523808,3140142.8571428573,-0.8589835361489273,-5.726556907659274,1.2823211225946514,-1.3835465780504062,57.09196852285697,32.98553446201696,3.0,0.75,104553.1,277.0,0.2942551202515409,0.1066917865054256,0.7296384165819276,0.3,1.0
2017-11-09,,,,1379.0,1355.7,1361.3,1379.1333333333334,1362.2715105692787,24.928571428571427,52.77777777777778,4.662981446503181,-2.661004293323109,7.32398573982629,1413.0691230875968,1309.530876912403,1361.3,103.53824617519376,-3.0,84.291256788389,69.19957604938077,114.47461826640549,78.2973026644452,25.501432664756447,14.613180515759312,15.954218285703037,75.27033730158732,1310.0,1407.0,1317.0,1,0,91432.4,12398632,1362.4427372937093,0.9230769230769231,0.07692307692307693,0.5641025641025641,3575641.025641026,0.0,-5.726556907659274,2.3342288328012866,-1.3835465780504062,57.09196852285697,32.98553446201696,3.0,0.75,103754.95,21492.0,22.7638143052334,0.09208102248298593,0.7936886997951837,0.6,0.0
2017-11-10,,,,1392.2,1365.9,1363.6,1379.35,1367.7694619436331,24.285714285714285,68.35443037974684,8.567716793052114,-0.4152600760480647,8.982976869100177,1421.4724550423355,1305.7275449576643,1363.6,115.74491008467112,-8.333333333333334,86.65394130720188,75.0176978019878,109.92642831763004,103.67178372404115,32.05882352941177,15.0,16.66380475186845,100.0,1310.0,1420.0,1317.0,1,0,94593.5,12561645,1366.6700136196814,0.6774193548387096,0.3225806451612903,0.41935483870967744,5258483.870967741,0.0,-5.726556907659274,2.189963175213213,-1.3835465780504062,57.63440860215054,32.98553446201696,3.0,0.75,104265.95,9458.0,8.160131141883431,0.10001653649933813,0.9336845746742245,0.7,0.0
2017-11-13,,,,1402.4,1376.2,1365.4,1379.4,1372.7437989013822,23.857142857142858,69.67741935483872,11.529344579743793,1.9736608551103068,9.555683724633486,1427.9910704913943,1302.8089295086058,1365.4,125.1821409827885,-8.333333333333334,88.07232450783155,79.36924003726904,105.47849344895656,97.02193504598345,32.634730538922156,13.772455089820358,17.886358289412502,100.0,1430.0,1420.0,1317.0,0,0,92683.9,12561645,1368.2717811112109,0.4166666666666667,0.5833333333333334,0.0,6721666.666666667,0.0,-5.726556907659274,1.7360826590205214,-1.3835465780504062,58.13700616165277,32.98553446201696,3.0,0.75,104282.65,-10568.0,-8.42991951373212,0.10016774387131501,0.92930463620318,0.5,0.0
2017-11-14,,,,1413.2,1387.9,1368.3,1379.9333333333334,1378.5777228155362,23.142857142857142,80.79470198675496,14.835128804875467,4.545954445063339,10.289174359812128,1437.9369532874134,1298.6630467125865,1368.3,139.27390657482692,-3.875968992248062,90.2938303736421,83.0107701493934,104.8599508221395,98.28467493717584,37.34567901234568,8.950617283950619,21.134305744256505,100.0,1310.0,1434.0,1317.0,1,0,92714.85,12636206,1370.4460265354833,0.7368421052631579,0.2631578947368421,0.7368421052631579,3924263.1578947366,0.0,-5.726556907659274,2.731660830656607,-1.3835465780504062,59.01151168401462,32.98553446201696,3.0,0.75,105313.5,10349.0,9.015201010496977,0.1086378345330577,0.900073274885408,0.8,0.0
2017-11-15,,,,1422.0,1395.7,1370.8,1380.2333333333333,1383.3798444521517,23.5,82.43243243243244,16.85720899488001,7.008205355026674,9.849003639853336,1445.463032492982,1296.136967507018,1370.8,149.32606498596397,-12.5,87.74690732392466,84.58948254090382,94.06175688996632,87.60146376113781,38.90577507598784,5.775075987841945,25.519875887941982,100.0,1446.0,1434.0,1317.0,0,0,96777.95,12477666,1375.293418766017,0.2916666666666667,0.7083333333333334,0.20833333333333334,6605833.333333333,-0.34867503486750717,-5.726556907659274,2.3579104961738513,-1.3835465780504062,61.37243752805626,32.98553446201696,3.0,0.75,107355.7,21221.0,16.95726523045451,0.1366460085435056,0.9770192571274622,0.4,0.0
2017-11-16,,,,1429.4,1404.2,1374.8,1380.2833333333333,1389.153192599566,24.071428571428573,92.56756756756756,19.445936106765203,9.495751505374379,9.950184601390824,1456.1972713883524,1293.4027286116475,1374.8,162.79454277670493,-9.027777777777779,87.66460488261644,85.61452332147469,91.76476800489993,87.61501171162088,41.246290801186944,0.890207715133531,31.666477721163535,100.0,1313.0,1444.0,1317.0,1,0,99062.2,12619750,1380.3510245751324,0.59375,0.40625,0.46875,4440125.0,0.0,-5.726556907659274,3.786349622338776,-1.3835465780504062,61.37243752805626,32.98553446201696,3.0,0.75,110498.1,14812.0,10.119905715164146,0.17002734687388898,0.912699190552539,0.4,0.0
2017-11-17,,,,1438.8,1415.5,1378.3,1380.6833333333334,1396.5671742567501,25.071428571428573,94.11764705882354,23.087292834233494,12.214059771146204,10.87323306308729,1469.1836155692693,1287.4163844307307,1378.3,181.7672311385386,-4.375,89.63573047220301,86.9549257050508,94.99734000650741,96.1632923779474,44.444444444444436,0.8547008547008546,36.75407879933065,100.0,1313.0,1467.0,1317.0,1,0,103921.3,12835095,1388.4962200562668,0.7741935483870968,0.22580645161290322,0.7419354838709677,6946612.903225807,0.0,-5.726556907659274,3.427888790495625,-1.3835465780504062,61.54067390384886,32.98553446201696,2.0,0.75,115689.1,51641.0,32.03993125570026,0.25576374723653783,0.8550084200907507,0.4,0.0
2017-11-20,,,,1457.2,1429.8,1385.8,1381.65,1407.5607767084882,27.5,95.34883720930233,29.266848186703328,15.62461745425763,13.642230732445698,1494.1067767719642,1277.4932232280357,1385.8,216.61355354392845,-2.5380710659898478,91.94893447005315,88.61959529338492,98.60761282338962,111.22658868094493,50.64935064935065,0.7792207792207791,42.22545927071112,100.0,1313.0,1512.0,1317.0,1,0,111231.45,13097902,1402.183421145728,0.9074074074074074,0.09259259259259259,0.8333333333333334,4866796.296296297,0.0,-5.726556907659274,7.408326043148591,-1.1352424198764943,61.99313777008439,32.98553446201696,2.0,0.75,123567.45,40035.0,18.8118486218271,0.34128710604121293,0.9223530007535189,0.6,0.0
2017-11-21,,,,1469.8,1441.5,1392.7,1382.3333333333333,1416.0787979743463,26.357142857142858,87.24489795918367,32.57827362596936,19.01534868859998,13.562924937369381,1510.9452402513539,1274.4547597486462,1392.7,236.49048050270767,-14.525139664804469,88.93086859407052,88.72335306028012,89.34589966165134,97.9994970554596,45.52845528455285,0.8130081300813008,48.78801951748189,84.8278777803256,1523.0,1512.0,1317.0,0,0,118099.9,12879478,1412.9196210157672,0.23529411764705882,0.7647058823529411,0.4411764705882353,6424235.294117647,-0.9920634920634996,-5.726556907659274,6.639071595178975,-1.1352424198764943,61.99313777008439,32.98553446201696,2.0,0.75,130561.05,-22750.0,-8.997322555002318,0.36458841949036525,0.9930415672068463,0.5,0.0
2017-11-22,,,,1482.2,1452.1,1400.2,1383.2,1423.2141505482182,26.857142857142858,84.02061855670104,34.32280041028389,22.07683903293676,12.245961377347129,1523.5558822440403,1276.8441177559598,1400.2,246.71176448808046,-18.285714285714285,84.01842852507927,87.15504488187983,77.74519581147814,78.53136591757327,44.680851063829785,2.9255319148936167,54.93960491886777,78.79141086528438,1523.0,1512.0,1317.0,0,0,121179.45,12726186,1420.4873674262976,0.37037037037037035,0.6296296296296297,0.2222222222222222,5677481.481481481,-1.388888888888884,-5.726556907659274,7.64359689370466,-0.9987243834768184,62.63774559875023,32.98553446201696,2.0,0.8,135845.3,-24171.0,-10.504426278666513,0.36711414267954157,0.925281404350784,0.8,0.0
2017-11-23,,,,1489.6,1459.5,1407.6,1383.65,1428.7175647817212,27.785714285714285,81.90954773869346,34.500731077079536,24.561617441765318,9.939113635314218,1531.7364274964195,1283.4635725035803,1407.6,248.27285499283926,-24.705882352941178,76.38265605375656,83.56424860583874,62.019470949592204,60.32854019981589,43.18766066838047,6.426735218508998,59.80463050928196,71.50417390991747,1523.0,1512.0,1317.0,0,0,126183.85,12552986,1427.0122295100891,0.6086956521739131,0.391304347826087,0.43478260869565216,7530434.782608696,-2.0502645502645467,-5.726556907659274,7.563246432587576,-0.9987243834768184,63.63187633954668,32.98553446201696,2.0,0.85,139934.4,-24454.0,-11.874793621195344,0.35804619600552545,0.9398505014383893,0.7,0.0
2017-11-24,,,,1493.8,1466.3,1416.1,1384.3666666666666,1434.363510992986,27.857142857142858,81.15183246073298,34.80536927953108,26.61036780931847,8.19500147021261,1537.6581299106035,1294.5418700893963,1416.1,243.11625982120722,-22.151898734177216,72.92824319441377,80.0189134686971,58.746902645847115,56.52815148708844,38.46153846153846,6.666666666666667,64.25508745973892,68.52111030223578,1365.0,1512.0,1317.0,0,0,126200.8,12634346,1432.176930864675,0.9166666666666666,0.08333333333333333,0.2916666666666667,3390000.0,-1.5873015873015928,-5.726556907659274,9.272700904749913,-0.6867594455622594,63.63187633954668,32.98553446201696,2.0,0.9,142759.25,-20505.0,-11.298890223608371,0.34735836108788554,0.8385609774846253,0.4,0.0
2017-11-27,,,,1485.4,1471.3,1423.75,1384.7833333333333,1437.7574623269873,28.928571428571427,72.72727272727273,33.21150611302414,27.930595470059604,5.280910642964539,1538.0918236323594,1309.4081763676406,1423.75,228.68364726471873,-34.86842105263158,64.46041295469169,74.8327466306953,43.71574560268448,50.12105233183493,37.77777777777778,6.419753086419754,68.18420829437348,46.86163608773625,1523.0,1512.0,1317.0,0,0,129535.9,12501245,1437.4575647883455,0.09090909090909091,0.9090909090909091,0.5454545454545454,4033363.6363636367,-2.777777777777779,-5.726556907659274,7.907287363436702,-1.002944188428056,64.00796472763479,32.98553446201696,2.0,0.95,145465.15,-971.0,-0.6032067489578963,0.3364576876143722,0.7970617984701341,0.3,-1.0
2017-11-28,,,,1478.0,1473.9,1430.9,1385.2,1439.8757992482265,29.071428571428573,68.47290640394088,30.78655342002844,28.501787060053374,2.284766359975066,1534.5164993973592,1327.283500602641,1430.9,207.23299879471824,-41.44736842105263,54.878370541223035,68.18128793420455,28.27253575526001,31.274296695914952,34.64373464373464,10.319410319410318,70.16345627771982,36.86807149210999,1523.0,1512.0,1351.0,0,0,131460.0,12389382,1441.7193001673513,0.391304347826087,0.6086956521739131,0.43478260869565216,4863608.695652174,-3.4391534391534306,-3.4391534391534306,7.244015043223069,-1.002944188428056,68.37812558458565,32.98553446201696,2.0,1.0,146206.1,-33460.0,-20.91223859701754,0.33182927504697607,0.7840127024094865,0.3,-1.0
2017-11-29,,,,1474.8,1478.5,1437.1,1385.7,1443.220961224586,27.928571428571427,67.34693877551021,29.73239899195437,28.747909446433574,0.9844895455207947,1535.2832872475312,1338.9167127524686,1437.1,196.36657449506265,-38.70967741935484,49.91891369414869,62.09382985418593,25.569081374074216,37.84921074099301,34.52685421994885,9.974424552429667,72.16556746702312,0.0,1399.0,1512.0,1354.0,0,0,126622.65,12464979,1449.1572171329537,0.6521739130434783,0.34782608695652173,0.6521739130434783,3286826.0869565215,-2.4470899470899643,-3.4391534391534306,6.747425065700813,-1.002944188428056,68.37812558458565,32.98553446201696,1.0,1.0,145282.2,-17642.0,-13.941616222281928,0.3377269088980212,0.7739738398659173,0.1,0.0
2017-11-30,,,,1467.6,1478.6,1441.4,1386.1166666666666,1443.3903934889113,29.142857142857142,55.86854460093896,26.174501374609235,28.23322783206871,-2.058726457459475,1532.4555642971259,1350.3444357028743,1441.4,182.11112859425157,-72.22222222222223,34.11260912943247,52.76675627926811,-3.1956851702388036,20.942360884699674,30.147058823529417,13.725490196078432,72.2498651525778,0.0,1523.0,1512.0,1354.0,0,0,131004.05,12290171,1452.969176398236,0.041666666666666664,0.9583333333333334,0.625,3641833.3333333335,-4.4312169312169525,-4.4312169312169525,4.209498779492064,-1.2508884636413329,68.37812558458565,32.98553446201696,1.0,1.0,151096.6,106132.0,97.45821854912764,0.3318342434078979,0.7456846026484684,-0.2,0.0
2017-12-01,,,,1462.8,1478.3,1446.9,1386.9166666666667,1445.353213156634,30.642857142857142,59.48275862068966,24.604359351052835,27.507454135865537,-2.9030947848127013,1528.5279106033465,1365.2720893966537,1446.9,163.25582120669287,-57.28155339805825,33.20685569869141,46.246789419075874,7.126988257922491,13.845569452486322,28.671328671328673,14.452214452214454,71.70185170133854,9.154476274031149,1420.0,1512.0,1369.0,0,0,137944.8,12484460,1455.25644762736,0.8181818181818182,0.18181818181818182,0.5757575757575758,5887545.454545455,-3.1746031746031966,-4.4312169312169525,5.298632328399663,-1.2508884636413329,68.37812558458565,32.98553446201696,1.0,1.0,157575.5,6949.0,3.231612039138354,0.3206462810055687,0.8196494443799951,0.1,0.0
2017-12-04,,,,1468.8,1477.1,1453.45,1388.6666666666667,1450.5576690464784,34.142857142857146,62.99212598425196,25.965594411217353,27.1990821909359,-1.2334877797185477,1529.5979861156407,1377.3020138843594,1453.45,152.2959722312812,-22.77227722772277,46.84378615206879,46.44578833007351,47.63978179605934,52.67507075986999,34.10041841004183,12.97071129707113,70.52724852673536,18.043385478363874,1420.0,1512.0,1380.0,0,0,145323.95,12702757,1460.1877365476691,0.6764705882352942,0.3235294117647059,0.5294117647058824,3210250.0,-0.7936507936508241,-4.4312169312169525,5.817239824221962,-1.2508884636413329,68.37812558458565,32.98553446201696,1.0,1.0,164822.3,20553.0,9.2589005365324,0.31456566666272623,0.8332887979341889,0.2,0.0
2017-12-05,,,,1474.6,1476.3,1458.9,1390.1166666666666,1454.2188434230043,34.357142857142854,61.53846153846153,25.85869202916706,26.931004158582134,-1.0723121294150744,1528.209071328471,1389.5909286715291,1458.9,138.61814265694193,-34.69387755102041,51.62134763079095,48.17097476364599,58.52209336508088,52.17442046761399,32.432432432432435,12.889812889812893,68.31079182609967,14.361385296119806,1523.0,1512.0,1385.0,0,0,148005.65,12579278,1463.5846328614255,0.2222222222222222,0.7777777777777778,0.4074074074074074,4573296.296296297,-1.5211640211640565,-4.4312169312169525,4.764467606752301,-1.2508884636413329,68.37812558458565,32.98553446201696,1.0,1.0,171506.5,-14714.0,-6.066778266140005,0.2965651538979419,0.7648894918547503,0.2,0.0
2017-12-06,,,,1479.4,1477.1,1464.6,1391.8333333333333,1458.4837154779564,33.714285714285715,60.78431372549019,26.27797145030536,26.80039761692678,-0.5224261666214218,1526.6946645728517,1402.505335427148,1464.6,124.1893291457036,-27.906976744186046,58.72795724405671,51.6899689237829,72.80393388460433,51.503348156506505,30.720338983050848,13.347457627118644,64.28567961436774,12.451197293076527,1437.0,1512.0,1407.0,0,0,150607.2,12697252,1466.5558084208458,0.7391304347826086,0.2608695652173913,0.43478260869565216,5129304.347826087,-0.8597883597883826,-4.4312169312169525,4.948204701888775,-1.2508884636413329,68.37812558458565,32.98553446201696,1.0,1.0,178654.85,9560.0,4.19629532086736,0.27698945024472327,0.7254487741204948,0.5,0.0
2017-12-07,,,,1482.0,1474.8,1467.15,1393.1166666666666,1458.4376473371988,36.285714285714285,48.35164835164835,23.036347390509945,26.047587571643415,-3.01124018113347,1523.1773429486768,1411.1226570513234,1467.15,112.05468589735347,-75.5813953488372,47.38726561368487,50.25573448708356,41.650327866887494,2.7046347649139793,25.590551181102366,20.669291338582678,58.17224266993922,0.0,1523.0,1512.0,1420.0,0,0,154480.45,12480337,1469.8651525160626,0.26865671641791045,0.7313432835820896,0.6119402985074627,3237537.3134328355,-3.571428571428603,-4.4312169312169525,2.07105624462747,-2.0689612283895493,68.37812558458565,33.081743392263256,1.0,0.95,184216.15,-10249.0,-4.317549919959562,0.2621814016083734,0.7538651905135282,0.8,0.0
2017-12-08,,,,1482.0,1472.4,1469.35,1394.6166666666666,1458.9673952098465,34.214285714285715,39.743589743589745,20.71272344177555,24.980614745669847,-4.267891303894295,1520.8548285932,1417.8451714067999,1469.35,103.00965718640009,-68.6046511627907,42.1797457032409,47.56373822580267,31.411760658117345,-15.535254372125424,18.16283924843424,21.920668058455114,51.91547860067515,0.0,1437.0,1512.0,1420.0,0,0,153653.0,12626801,1472.3140469108966,0.64,0.36,0.24,5858560.0,-3.1746031746031966,-4.4312169312169525,1.800413017983758,-2.0689612283895493,68.37812558458565,35.06513409961685,1.0,0.9,188540.3,-15285.0,-6.729596576425056,0.24712438396519465,0.7170891028592922,0.5,0.0
2017-12-11,,,,1473.6,1471.2,1471.25,1395.9333333333334,1458.8752623327182,33.57142857142857,41.333333333333336,18.1775454370204,23.62000088393996,-5.44245544691956,1517.6390867383145,1424.8609132616855,1471.25,92.77817347662904,-75.29411764705883,36.355124586474325,43.82753367935989,21.410306400703206,-26.73849636951063,17.23404255319149,22.340425531914896,45.94490701040916,3.590447761194033,1522.0,1512.0,1429.0,0,0,157385.5,12471491,1473.01348017024,0.4,0.6,0.24,6212400.0,-3.571428571428592,-4.4312169312169525,1.5673853722890192,-2.0689612283895493,68.37812558458565,36.27777777777778,1.0,0.85,193513.2,2407.0,1.136202713291734,0.2248612172560981,0.6820537123105823,0.1,-1.0
2017-12-12,,,,1466.2,1470.4,1472.15,1396.9666666666667,1458.2204754438878,33.07142857142857,41.333333333333336,15.50551086991004,21.997102881133976,-6.491592011223936,1516.132173422208,1428.167826577792,1472.15,87.96434684441601,-82.3529411764706,30.11910266549269,39.25805667473749,11.841194647003093,-47.947056803823564,17.494600431965445,21.814254859611232,40.46487228057396,3.7702062643239156,1522.0,1512.0,1429.0,0,0,159366.35,12357313,1473.291307732153,0.4,0.6,0.3,5708900.0,-3.9682539682539764,-4.4312169312169525,0.8009014513315088,-2.0689612283895493,68.37812558458565,36.64077909270217,1.0,0.8,197583.75,-7698.0,-3.5929485234745817,0.20489368041822903,0.6842077945367121,0.1,-1.0
2017-12-13,,,,1462.2,1470.8,1474.65,1398.6666666666667,1460.1994777825653,34.42857142857143,49.586776859504134,15.38918166924077,20.675518638755335,-5.286336969514565,1513.7141847004332,1435.585815299567,1474.65,78.12836940086618,-50.588235294117645,36.54999001228924,38.355367787254735,32.93923446235826,-8.177933296652707,21.991701244813274,18.04979253112033,35.8756790903445,23.771081480449443,1437.0,1512.0,1444.0,0,0,161543.1,12559388,1475.17867388538,0.7674418604651163,0.23255813953488372,0.627906976744186,4699418.604651163,-2.182539682539675,-4.4312169312169525,1.9592018057682157,-2.0689612283895493,68.37812558458565,36.837278106508876,1.0,0.8,201234.05,12816.0,6.2046428312071855,0.193217972858349,0.7690423261369654,0.1,0.0
2017-12-14,,,,1457.6,1469.8,1474.2,1399.2,1457.7995275175592,36.142857142857146,40.50179211469534,11.612693757955412,18.862953662595352,-7.25025990463994,1514.9229406444404,1433.4770593555597,1474.2,81.44588128888063,-97.75280898876404,25.115723678604816,33.94215308437143,7.462864867071602,-74.7456175301943,20.948616600790512,19.565217391304344,31.087113996901355,2.298719556214141,1522.0,1512.0,1435.0,0,1,164439.3,12359380,1475.0605613540479,0.041666666666666664,0.9583333333333334,0.9166666666666666,4166833.333333333,-5.0925925925925934,-5.0925925925925934,-0.18378906634021377,-2.7471480874560994,68.37812558458565,37.03787690890409,2.0,0.75,203215.95,-18556.0,-8.458729731824166,0.18564391544359254,0.7772342910277169,0.1,0.0
2017-12-15,,,,1453.6,1467.8,1473.05,1400.6,1456.4852868016014,35.214285714285715,45.185185185185176,9.239517260419007,16.938266382160084,-7.698749121741077,1515.8738743053464,1430.2261256946535,1473.05,85.64774861069282,-87.64044943820225,21.50572054764131,29.796675572128056,4.923810498667812,-84.96235682668681,19.47261663286004,20.081135902636916,26.129166916049247,18.940914975208198,1433.0,1512.0,1435.0,0,0,160111.45,12488168,1474.7076833043484,0.55,0.45,0.45,6439400.0,-4.497354497354489,-5.0925925925925934,-0.6716989265494346,-2.7471480874560994,68.37812558458565,37.21238374315199,2.0,0.7,202347.0,-5376.0,-2.677090854766828,0.18627966354941355,0.7707538137323274,0.1,0.0
2017-12-18,,,,1457.8,1465.7,1471.4,1402.7666666666667,1458.629545201449,36.5,53.22033898305085,10.066920092715009,15.56399712427107,-5.497077031556062,1510.264948353499,1432.5350516465012,1471.4,77.7298967069978,-48.31460674157304,35.05786775248159,31.55040629891257,42.07279065961963,-8.597699010327853,25.048923679060664,16.2426614481409,23.788356456211513,48.82287733954535,1433.0,1500.0,1435.0,0,0,155898.1,12666708,1472.4928661734812,0.8536585365853658,0.14634146341463414,0.8536585365853658,4354634.146341464,-1.3999999999999457,-5.0925925925925934,-1.034361900121428,-2.7471480874560994,68.37812558458565,39.241680305510094,1.0,0.7,200322.15,16917.0,8.65589774814648,0.17911838137509162,0.7939272748962404,0.5,0.0
2017-12-19,,,,1463.2,1464.7,1470.5,1405.1166666666666,1460.5695885155967,37.42857142857143,50.714285714285715,10.600447438898755,14.571287187196608,-3.9708397482978537,1507.665348886948,1433.334651113052,1470.5,74.33069777389619,-48.31460674157304,44.09263255570845,35.731148384511194,60.81560089810294,27.73716394148707,25.19083969465649,15.83969465648855,21.47537673344831,47.188760002481246,1522.0,1500.0,1435.0,0,0,152587.9,12666708,1470.6671990374073,0.4722222222222222,0.5277777777777778,0.0,4228333.333333333,-1.3999999999999457,-5.0925925925925934,-0.522303572368858,-2.7471480874560994,68.37812558458565,39.94871794871795,1.0,0.7,199170.85,-5279.0,-2.4859198704062946,0.17692946874702234,0.8303904770502909,0.4,0.0
2017-12-20,,,,1464.6,1463.4,1470.25,1407.45,1462.9915324664921,35.285714285714285,57.976653696498055,11.456054933044015,13.94824073636609,-2.4921858033220747,1506.8984005537995,1433.6015994462005,1470.25,73.2968011075991,-40.449438202247194,56.57457554995948,42.67895743966062,84.36581177055717,48.95694742670416,25.101214574898787,13.360323886639677,20.982244461427477,78.42671798415535,1433.0,1500.0,1435.0,0,0,149331.35,12754869,1469.9367576422053,0.5555555555555556,0.4444444444444444,0.3888888888888889,4897833.333333333,-0.9333333333332638,-5.0925925925925934,-0.06228009767329958,-2.7471480874560994,68.37812558458565,40.401433691756274,1.0,0.7,199403.8,3514.0,1.6969533072238807,0.17703566275878224,0.7298864224297319,0.4,0.0
2017-12-21,,,,1476.0,1466.8,1470.8,1410.0166666666667,1465.7542436601595,34.785714285714285,55.73770491803278,12.474481830929335,13.653488955278739,-1.179007124349404,1508.4443187856539,1433.155681214346,1470.8,75.28863757130785,-33.70786516853933,67.97279395638324,51.110236278568166,101.6979093120134,53.07517473024277,26.28336755646817,13.141683778234086,21.0079844871675,68.79622445420442,1433.0,1500.0,1435.0,0,0,147714.55,12895733,1470.2153572549216,0.7692307692307693,0.23076923076923078,0.23076923076923078,5417846.153846154,-0.5333333333332746,-5.0925925925925934,0.5042969760493593,-2.7471480874560994,68.37812558458565,41.16702508960574,1.0,0.7,201523.2,13275.0,6.30368819180307,0.17586500818045347,0.6565368591233656,0.5,0.0
2017-12-22,,,,1489.6,1471.6,1472.0,1412.95,1470.158601406811,31.785714285714285,52.631578947368425,14.725676900999588,13.867926544422911,0.8577503565766769,1513.3050270929787,1430.6949729070213,1472.0,82.61005418595732,-2.4691358024691357,77.82548403676577,60.01531886463403,113.44581438102925,95.71695200982816,20.674157303370787,14.382022471910112,19.08368656286958,59.133126934984546,1433.0,1512.0,1435.0,1,0,152738.75,13077577,1471.9700545321123,0.9230769230769231,0.07692307692307693,0.7692307692307693,6994000.0,0.0,-5.0925925925925934,0.9462598073224897,-2.7471480874560994,68.37812558458565,41.333333333333336,1.0,0.7,205530.7,17257.0,7.708629269295031,0.17099430240928534,0.6755742109007258,0.8,0.0
2017-12-25,,,,1492.0,1474.9,1473.05,1415.3,1472.1434965109243,32.285714285714285,50.42016806722689,14.646406065288375,14.023622448596004,0.6227836166923701,1515.1999828306652,1430.9000171693347,1473.05,84.29996566133059,-31.764705882352942,74.6287540637262,64.88646393099809,94.11333432918244,68.70919889916942,21.238938053097343,15.044247787610619,17.22325118263111,50.742447516641064,1518.0,1512.0,1435.0,0,0,153642.4,12926403,1472.9297397723544,0.20588235294117646,0.7941176470588235,0.6176470588235294,4446294.117647058,-1.388888888888884,-5.0925925925925934,0.8485496031118055,-2.7471480874560994,68.37812558458565,41.815053763440865,1.0,0.7,209088.6,-9963.0,-4.131916076027586,0.16199673877130408,0.6382186018730713,0.7,0.0
2017-12-26,,,,1493.8,1478.5,1474.45,1417.9833333333333,1473.6536397003601,31.642857142857142,47.61904761904762,14.178072435425747,14.054512445961954,0.12355998946379287,1516.6349312082693,1432.2650687917308,1474.45,84.36986241653858,-35.294117647058826,71.32113016013119,67.03135267404247,79.90068513230864,39.43302098822971,21.67042889390519,15.575620767494359,15.57614828552821,43.19327731092437,1518.0,1512.0,1435.0,0,0,153193.25,12823523,1473.8693817558326,0.42857142857142855,0.5714285714285714,0.21428571428571427,7348571.428571428,-1.5873015873015928,-5.0925925925925934,1.1020332408655504,-2.7471480874560994,68.37812558458565,44.53524492234169,1.0,0.7,214035.25,-5685.0,-2.459335525177364,0.1302373273341281,0.5824570627100546,0.8,0.0
2017-12-27,,,,1491.0,1477.8,1474.3,1420.3,1473.4961502050878,28.571428571428573,53.39805825242718,12.373217626440464,13.718253482057657,-1.3450358556171924,1516.4980293876895,1432.1019706123104,1474.3,84.39605877537906,-54.11764705882353,62.84153775381295,65.63474770063263,57.255117860173584,7.159269295346715,23.5,10.249999999999998,17.62050267030813,74.88850225120525,1518.0,1512.0,1435.0,0,0,156323.25,12685326,1474.0515777403552,0.16666666666666666,0.8333333333333334,0.6666666666666666,5758208.333333333,-2.645502645502651,-5.0925925925925934,0.010838733964486468,-2.7471480874560994,68.37812558458565,45.89567578049253,1.0,0.65,220135.4,5428.0,2.407362235281063,0.05941724743337307,0.618431184352717,0.4,0.0
2017-12-28,,,,1487.4,1481.7,1475.75,1422.8333333333333,1473.5441358998412,27.928571428571427,52.47524752475248,10.977696421378369,13.1701420699218,-2.1924456485434316,1515.6386608342727,1435.8613391657273,1475.75,79.77732166854548,-51.76470588235294,55.40787201605548,62.225789139106915,41.772037769952604,-9.618500761367445,24.040920716112534,11.764705882352942,19.39983940500201,68.5181702527795,1433.0,1512.0,1435.0,0,0,152951.9,12792707,1474.8015838094634,0.6875,0.3125,0.125,6711312.5,-2.5132275132275117,-5.0925925925925934,1.1922149157906912,-2.7471480874560994,68.37812558458565,46.704199434817845,1.0,0.6,220064.6,-17287.0,-7.486693546640799,0.059585724948731995,0.5931209491488507,0.1,0.0
2017-12-29,,,,1481.6,1485.6,1476.7,1425.6833333333334,1474.4446943855705,27.785714285714285,56.09756097560975,10.477186116314215,12.631550879200285,-2.15436476288607,1516.3144577541034,1437.0855422458967,1476.7,79.22891550820668,-41.1764705882353,49.43858134403699,57.96338654075028,32.3889709506104,8.303979592738818,26.73521850899743,11.825192802056556,21.240085180731654,89.24688065715452,1433.0,1512.0,1435.0,0,0,149768.25,12923323,1476.1538633855973,0.7391304347826086,0.2608695652173913,0.391304347826087,5678956.52173913,-1.9179894179894186,-5.0925925925925934,0.8214928350022332,-2.7471480874560994,68.37812558458565,47.46762303247659,1.0,0.6,219716.3,1399.0,0.6549134896262521,0.05985711586928562,0.5637848248532119,0.1,0.0
2018-01-02,,,,1475.8,1483.9,1474.8,1428.3166666666666,1473.2594853964686,28.642857142857142,52.272727272727266,8.290436605323066,11.763328024424842,-3.472891419101776,1513.339658316488,1436.2603416835118,1474.8,77.07931663297632,-65.88235294117646,36.6627579330617,50.86317700485408,8.261919789476934,-21.786138176496273,25.935162094763093,13.216957605985037,22.775446998168086,67.359246898353,1518.0,1512.0,1435.0,0,0,145013.95,12800112,1474.614766717271,0.21875,0.78125,0.65625,3850343.75,-3.3068783068783025,-5.0925925925925934,-1.3974095048528565,-2.7471480874560994,68.37812558458565,48.07303232173699,1.0,0.55,217349.75,-19812.0,-9.214240866916256,0.06021578504003878,0.559227677931039,0.1,0.0
2018-01-03,,,,1469.0,1481.4,1473.05,1429.85,1471.4252486920432,27.428571428571427,43.78109452736318,5.844516770725022,10.579565773684878,-4.735049002959856,1512.0505398072507,1434.0494601927492,1473.05,78.00107961450158,-75.29411764705883,30.069544249746762,43.93196608648498,2.344700576270327,-57.469800235622436,20.572916666666668,17.447916666666668,22.65934831936091,18.765827685197294,1518.0,1512.0,1435.0,0,0,146083.6,12655240,1472.7732965918146,0.5,0.5,0.3076923076923077,5572000.0,-3.835978835978826,-5.0925925925925934,-1.292133002192006,-2.7471480874560994,68.37812558458565,48.07303232173699,1.0,0.5,215893.15,3485.0,1.7853209223218869,0.0624226112161255,0.6138000769488711,-0.2,-1.0
2018-01-04,,,,1468.8,1479.9,1471.65,1431.7,1471.3847488166105,26.142857142857142,60.34482758620689,5.2177189883964274,9.507196416627188,-4.289477428230761,1508.68923950558,1434.6107604944202,1471.65,74.07847901115974,-55.294117647058826,33.0333758201775,40.29910266438248,18.50192213176753,-26.965644840421678,23.497267759562845,14.754098360655739,24.048098941561012,100.0,1433.0,1512.0,1435.0,0,0,146743.25,12786407,1471.4296464516538,0.9,0.1,0.5666666666666667,4372233.333333334,-2.7116402116401983,-5.0925925925925934,-0.9859500445797738,-2.7471480874560994,68.37812558458565,48.23027052360247,1.0,0.45,213766.65,-3838.0,-1.931671766790144,0.062037018439377076,0.6287325513838941,-0.1,0.0
2018-01-05,,,,1466.0,1476.7,1471.75,1433.4,1470.3004870245522,26.142857142857142,54.54545454545455,3.7896840422597506,8.3636939417537,-4.57400989949395,1508.6445866802924,1434.8554133197076,1471.75,73.78917336058475,-75.32467532467533,30.24735877189322,36.94852136688606,16.845033581907543,-30.76401498694987,23.497267759562845,14.754098360655739,25.57086189289539,64.98752412786595,1518.0,1512.0,1435.0,0,0,140523.4,12693889,1471.33626202706,0.4,0.6,0.55,4625900.0,-3.4391534391534306,-5.0925925925925934,0.18144290385453854,-1.4939952775585517,68.37812558458565,48.23027052360247,1.0,0.45,212233.5,1618.0,0.8303823453938985,0.06316982308888536,0.6223773154264352,-0.2,0.0
2018-01-08,,,,1471.8,1476.7,1474.15,1435.7,1474.27186921269,27.5,58.549222797927456,6.77581410961966,8.046117975326892,-1.2703038657072323,1514.959054722723,1433.3409452772771,1474.15,81.61810944544595,-7.792207792207792,52.146887829910796,42.01464352122764,72.41137644727712,62.506823990290194,25.194805194805195,14.025974025974026,26.081562391041356,89.15941966765321,1441.0,1512.0,1435.0,0,0,142068.25,12871250,1473.24939562499,0.95,0.05,0.8666666666666667,2956016.666666667,0.0,-5.0925925925925934,1.8560347082988158,-1.4939952775585517,68.37812558458565,48.23027052360247,2.0,0.5,213375.5,38218.0,19.452531709998567,0.06708395421086744,0.6520300266821296,-0.2,0.0
2018-01-09,,,,1480.8,1478.3,1476.6,1437.75,1477.3888340495769,25.928571428571427,57.070707070707066,8.639297050034429,8.1647537902684,0.47454325976602973,1519.172044199946,1434.0279558000539,1476.6,85.1440883998921,-14.285714285714286,64.49432161633692,49.50786955293073,94.4672257431493,88.7327890149419,23.140495867768596,14.876033057851242,26.00645044535307,80.2331968049213,1518.0,1512.0,1435.0,0,0,140531.55,12746674,1475.5254324266211,0.42857142857142855,0.5714285714285714,0.35714285714285715,8898285.714285715,-0.3306878306878147,-5.0925925925925934,1.9008304948884347,-1.4939952775585517,68.37812558458565,48.23027052360247,2.0,0.55,214586.95,3796.0,1.6174803780370395,0.071663257805224,0.6302653203593117,-0.5,0.0
2018-01-10,,,,1491.6,1480.3,1479.4,1439.95,1480.3041831877124,25.857142857142858,55.729166666666664,10.080609358906031,8.547924903995927,1.532684454910104,1522.5223473630433,1436.2776526369569,1479.4,86.24469472608644,-12.987012987012987,72.38217932317198,57.13263947634448,102.88125901682699,80.18656553929465,23.756906077348066,15.193370165745856,25.396414717736153,72.13393319523564,1441.0,1512.0,1435.0,0,0,141275.5,12875731,1477.9207305347825,0.47058823529411764,0.5294117647058824,0.058823529411764705,7591588.235294118,-0.2645502645502451,-5.0925925925925934,2.168650720140753,-1.4939952775585517,68.37812558458565,48.23027052360247,2.0,0.6,216517.15,6677.0,2.7997920178462143,0.07705652896028505,0.589721010190644,-0.1,0.0
2018-01-11,,,,1495.8,1482.3,1480.05,1441.8333333333333,1481.4180705031683,26.357142857142858,50.0,9.81861063384622,8.802062049965986,1.0165485838802333,1523.5373242268909,1436.562675773109,1480.05,86.97464845378181,-33.76623376623377,70.62320726807957,61.62949540692284,88.61063099039302,44.21567983600805,22.22222222222222,18.69918699186992,23.630410302725117,37.54531330916627,1518.0,1512.0,1435.0,0,0,138141.2,12736342,1479.3314836558536,0.30303030303030304,0.696969696969697,0.48484848484848486,4223909.090909091,-1.3227513227512921,-5.0925925925925934,0.592915085386707,-1.4939952775585517,68.37812558458565,48.23027052360247,2.0,0.6,216778.85,-20554.0,-8.383946744765646,0.07736916236391814,0.579206420842596,0.1,0.0
2018-01-12,,,,1503.0,1484.5,1483.1,1444.0333333333333,1482.806825693343,25.428571428571427,45.69892473118279,9.820536297872422,9.005756899547274,0.8147793983251486,1521.5483248556313,1444.6516751443685,1483.1,76.89664971126285,-28.571428571428573,71.20494519626357,64.82131200336975,83.97221158205119,35.145029076869825,18.53932584269663,19.382022471910116,22.507089179403994,11.578490168891271,1441.0,1512.0,1444.0,0,0,132418.5,12821896,1482.0564310626285,0.6923076923076923,0.3076923076923077,0.3076923076923077,6581076.923076923,-1.058201058201036,-4.497354497354489,2.757758875340269,-1.39024687195624,68.37812558458565,48.07303232173699,1.0,0.65,218181.95,4272.0,1.902005743416213,0.07580088540400005,0.5597849856166828,0.5,0.0
2018-01-15,,,,1497.0,1484.4,1485.0,1445.45,1482.7299851511198,24.285714285714285,47.486033519553075,8.593320948629298,8.92326970936368,-0.32994876073438206,1518.785702363635,1451.214297636365,1485.0,67.57140472726996,-46.05263157894737,65.45241960452658,65.03168120375537,66.293896406069,4.232738749579311,18.23529411764706,21.764705882352942,21.917829085122378,22.367777716701088,1517.0,1512.0,1454.0,0,0,130859.95,12724279,1484.071720186352,0.23529411764705882,0.7647058823529411,0.8235294117647058,5742176.470588235,-1.984126984126966,-3.835978835978826,1.7279080520644858,-1.39024687195624,68.37812558458565,47.59244479914871,1.0,0.65,219381.0,-9457.0,-4.131913647941909,0.07132829930372504,0.49761479872792497,0.4,0.0
2018-01-16,,,,1489.0,1484.9,1484.4,1447.2,1481.2318913272036,25.071428571428573,44.502617801047116,6.337316661345994,8.406079099760143,-2.068762438414149,1519.0495234264172,1449.750476573583,1484.4,69.29904685283418,-65.78947368421052,54.137229508040555,61.40019730518377,39.61129391375414,-33.79715260760792,17.663817663817664,24.501424501424502,21.90729907459237,4.35604263314724,1517.0,1512.0,1454.0,0,0,126845.45,12626029,1484.6930846422426,0.12,0.88,0.6,3930000.0,-2.9761904761904656,-3.835978835978826,-0.46775384608267934,-1.39024687195624,68.37812558458565,47.20348650150633,1.0,0.6,219464.4,-5396.0,-2.459210646249199,0.07114168640038376,0.48495279972700694,0.7,-1.0
2018-01-17,,,,1482.4,1487.0,1484.2,1449.1333333333334,1480.63837786747,24.428571428571427,50.81967213114754,5.135748440126008,7.752012967833317,-2.616264527707309,1519.026487197533,1449.373512802467,1484.2,69.65297439506594,-55.26315789473684,47.8863581335655,56.89558424797768,29.86790590474115,-32.46147627951428,18.128654970760238,21.052631578947373,19.636115310871293,42.49390870270227,1441.0,1512.0,1454.0,0,0,122962.5,12700590,1484.6597927552439,0.6666666666666666,0.3333333333333333,0.5333333333333333,4970733.333333334,-2.447089947089942,-3.835978835978826,-0.09575096246637793,-1.39024687195624,68.37812558458565,47.20348650150633,1.0,0.55,219635.4,-3527.0,-1.647946024744884,0.07051908355690352,0.4505112889064602,0.4,-1.0
2018-01-18,,,,1482.4,1489.1,1484.5,1451.65,1481.720437118187,25.428571428571427,54.54545454545455,5.491947144980486,7.299999803262751,-1.8080526582822651,1519.4947364462282,1449.5052635537718,1484.5,69.98947289245643,-32.89473684210526,51.8167118739899,55.20262678998176,45.04488204200619,5.666195696424076,22.19101123595506,18.820224719101123,17.774219867762543,64.98752412786595,1441.0,1512.0,1454.0,0,0,125088.25,12831266,1484.6712389053328,0.8333333333333334,0.16666666666666666,0.5666666666666667,4355866.666666667,-1.3227513227513144,-3.835978835978826,0.3566570692451214,-1.39024687195624,68.37812558458565,47.20348650150633,1.0,0.55,220504.85,17483.0,8.305581552231157,0.07003045168651374,0.44103018351806267,0.5,0.0
2018-01-19,,,,1480.4,1491.7,1484.2,1454.2,1482.1280145355026,24.714285714285715,50.76923076923077,5.229801433456714,6.8859601293015436,-1.6561586958448293,1519.026487197533,1449.373512802467,1484.2,69.65297439506594,-40.78947368421053,48.38095257008132,52.928735383348275,39.28538694354741,13.023318422020099,19.942196531791907,19.36416184971098,15.117357122664501,42.189379755407735,1517.0,1512.0,1454.0,0,0,122428.55,12743596,1484.6253410662791,0.3076923076923077,0.6923076923076923,0.46153846153846156,6743846.153846154,-1.7195767195767098,-3.835978835978826,-0.17778282511133398,-1.39024687195624,68.37812558458565,47.20348650150633,1.0,0.55,219648.7,-21237.0,-9.315290814983769,0.07156018066871539,0.4510809883076126,0.4,0.0
2018-01-22,,,,1475.4,1486.2,1481.45,1456.5166666666667,1479.7348702940262,25.214285714285715,48.76847290640394,2.651427426611008,6.039053588763436,-3.3876261621524284,1515.7150658373184,1447.1849341626817,1481.45,68.53013167463678,-78.94736842105263,35.73655544473083,47.198008737142466,12.813648859907559,-52.74571844060696,19.546742209631727,24.929178470254957,13.661488150871962,30.110231560257496,1517.0,1512.0,1454.0,0,0,123327.9,12543765,1481.5848546841387,0.1794871794871795,0.8205128205128205,0.7435897435897436,5123871.794871795,-3.6375661375661172,-3.835978835978826,-2.302924968671941,-1.442823511687865,68.37812558458565,47.20348650150633,1.0,0.5,218599.0,13386.0,6.474705310457907,0.06810453692866,0.5436617709014786,0.1,0.0
2018-01-23,,,,1475.4,1482.2,1480.25,1459.0166666666667,1478.522025504119,25.071428571428573,53.17073170731708,1.3988389320552415,5.111010657421797,-3.712171725366556,1514.7867843563627,1445.7132156436373,1480.25,69.07356871272532,-68.4931506849315,32.54231901443594,42.312778829573624,13.001399384160564,-50.671321036636634,19.65811965811966,21.08262108262108,13.324154251894228,54.71530817872291,1444.0,1512.0,1454.0,0,0,121951.1,12667403,1479.7135737193023,0.6666666666666666,0.3333333333333333,0.4166666666666667,5151583.333333333,-2.9761904761904434,-3.835978835978826,-0.9766212937977561,-1.442823511687865,68.37812558458565,47.59244479914871,1.0,0.45,216484.4,-31261.0,-14.201218376497415,0.07378579869455218,0.5827749400103257,-0.1,0.0
2018-01-24,,,,1472.2,1477.3,1478.8,1461.3833333333334,1476.6627849799172,24.428571428571427,46.93877551020408,-0.2366516426770886,4.04147819740202,-4.278129840079108,1514.3859227044986,1443.2140772955013,1478.8,71.17184540899734,-86.56716417910448,27.694879342957293,37.440145667368185,8.20434669413551,-52.70554983603624,18.128654970760238,21.637426900584796,12.321753291510074,17.343391586066673,1517.0,1512.0,1454.0,0,0,121142.85,12580688,1478.6994293651394,0.2857142857142857,0.7142857142857143,0.38095238095238093,4129285.7142857146,-3.505291005290967,-3.835978835978826,-1.1986276377426994,-1.442823511687865,68.37812558458565,47.59244479914871,1.0,0.4,214846.7,3853.0,2.0400491348455008,0.07757715482954652,0.6019223182253951,-0.2,0.0
2018-01-25,,,,1471.4,1476.9,1479.6,1463.6666666666667,1477.7425197437346,26.0,56.54205607476635,0.7980682961244838,3.3927962171465125,-2.5947279210220286,1515.2615671054252,1443.9384328945746,1479.6,71.32313421085064,-43.28358208955224,45.41360750523394,40.0979662799901,56.04488995572163,-4.021708622026836,22.252747252747252,20.87912087912088,10.916579757128165,85.71066301354038,1450.0,1512.0,1454.0,0,0,122909.0,12754208,1478.6797991467943,0.8809523809523809,0.11904761904761904,0.6904761904761905,4131428.5714285714,-1.5873015873015373,-3.835978835978826,0.7697382083070071,-1.442823511687865,68.37812558458565,47.59244479914871,1.0,0.45,213908.25,19413.0,10.07311087011795,0.07591311752062477,0.650878901078664,-0.2,0.0
2018-01-26,,,,1471.2,1475.8,1480.15,1465.7666666666667,1478.4337083395694,23.071428571428573,41.81818181818182,1.3603352761415408,2.986304028945518,-1.6259687528039772,1515.7872070497883,1444.5127929502119,1480.15,71.27441409957646,-47.76119402985075,55.098433372283615,45.09812197742127,75.09905616200831,13.268189552712744,11.76470588235294,23.52941176470588,11.263473481505335,0.0,1517.0,1512.0,1454.0,0,0,121729.85,12670410,1479.1345932543798,0.631578947368421,0.3684210526315789,0.15789473684210525,4410421.052631579,-1.785714285714246,-3.835978835978826,0.5586782998495291,-1.442823511687865,68.37812558458565,47.59244479914871,1.0,0.5,212909.65,-18490.0,-8.71618882404518,0.07918654776719994,0.6526168025059577,-0.2,0.0
2018-01-29,,,,1479.2,1477.3,1480.85,1468.15,1480.201926592944,23.642857142857142,47.093023255813954,2.742620399788393,2.9375673031140934,-0.1949469033257003,1517.2644274472284,1444.4355725527714,1480.85,72.82885489445698,-29.850746268656717,65.21713739970423,51.80446045151559,92.04249129608151,46.74986860289388,15.407854984894259,22.960725075528703,11.116752691169344,35.8250915873804,1450.0,1512.0,1454.0,0,0,121185.7,12790143,1479.9076440812185,0.6363636363636364,0.36363636363636365,0.5454545454545454,5442409.090909091,-0.992063492063433,-3.835978835978826,0.6789033373201869,-1.442823511687865,68.37812558458565,47.59244479914871,1.0,0.5,213309.6,29370.0,15.167007498295849,0.07972632921443246,0.5784358314492125,0.2,0.0
2018-01-30,,,,1484.6,1480.0,1482.45,1470.2333333333333,1481.5160288221873,23.714285714285715,45.97701149425287,3.5550361473772227,3.0610610719667193,0.49397507541050345,1518.1827801736868,1446.7172198263133,1482.45,71.46556034737341,-32.30769230769231,70.14475826646948,57.91789305650022,94.59848868640802,35.71249801420156,14.759036144578312,22.59036144578313,11.044033143501272,28.24548487441217,1515.0,1512.0,1454.0,0,0,119386.1,12702924,1480.9881643117023,0.6111111111111112,0.3888888888888889,0.16666666666666666,4845500.0,-1.1904761904761418,-3.835978835978826,1.4862405726610894,-1.1055349486453556,68.37812558458565,47.40743146680525,1.0,0.55,213982.35,-14356.0,-6.437264028267286,0.07716218499281861,0.5311104869473854,0.4,0.0
2018-01-31,,,,1488.4,1480.3,1483.65,1471.8666666666666,1481.18116893436,23.642857142857142,45.97701149425287,2.8746777029257373,3.023784398158523,-0.14910669523278575,1516.884572994081,1450.4154270059191,1483.65,66.46914598816193,-49.09090909090909,63.732869147343294,59.85621842011458,71.48617060180071,-6.268679474425906,14.803625377643504,22.356495468277945,11.880885409847966,28.24548487441217,1515.0,1512.0,1457.0,0,0,119123.6,12563302,1482.6104042356008,0.375,0.625,0.5,4363187.5,-2.248677248677211,-3.6375661375661172,1.1306722128540594,-1.1149803340774516,68.37812558458565,47.06217370669198,1.0,0.55,214208.75,-5442.0,-2.6080955439043763,0.07618986758265581,0.5785327023421204,0.7,0.0
2018-02-01,,,,1483.4,1477.4,1483.25,1473.1666666666667,1479.4496290358493,24.0,41.08108108108108,1.112292281170994,2.6414859747610175,-1.5291936935900234,1517.3080000648113,1449.1919999351887,1483.25,68.11600012962253,-76.36363636363636,50.367367310350076,56.69326805019308,37.715565830664076,-50.07204791276381,14.583333333333334,23.21428571428571,13.353201370352902,0.0,1515.0,1512.0,1457.0,0,0,116792.95,12478748,1483.1947950054632,0.05555555555555555,0.9444444444444444,0.8333333333333334,4697444.444444444,-3.2407407407407107,-3.6375661375661172,-0.25295540054905996,-1.1149803340774516,68.37812558458565,46.74642270701384,1.0,0.55,213544.4,-21653.0,-10.655164947641914,0.08141496170211676,0.5080781154988883,0.6,0.0
2018-02-02,,,,1483.8,1477.5,1484.6,1474.5,1480.1687119848161,24.928571428571427,51.282051282051285,1.63336020109341,2.439860820027496,-0.806500618934086,1516.8712190495025,1452.3287809504973,1484.6,64.54243809900527,-32.72727272727273,55.800467095788946,56.39566773205837,54.610065823250096,-13.719330532130153,17.478510028653293,20.05730659025788,13.213679912914968,65.97882866466435,1450.0,1512.0,1457.0,0,0,117143.2,12578271,1483.9223759182491,0.8387096774193549,0.16129032258064516,0.7741935483870968,3210419.35483871,-1.653439153439129,-3.6375661375661172,1.224452247216206,-1.1149803340774516,68.37812558458565,46.74642270701384,1.0,0.6,213052.9,5075.0,2.795173025341069,0.08458559901151301,0.5281777676221613,0.7,0.0
2018-02-05,,,,1481.6,1480.4,1483.3,1475.6,1480.7240727481671,24.214285714285715,55.24861878453039,1.943218426661133,2.3405323413542236,-0.39731391469309063,1512.9086758265912,1453.6913241734087,1483.3,59.217351653182504,-34.54545454545455,58.80524966879757,57.19886171097144,62.018025584449845,13.603136209948634,18.879056047197636,16.519174041297934,12.531569230804285,91.63418031033466,1505.0,1508.0,1457.0,0,0,112591.55,12491943,1483.246618122467,0.4,0.6,0.06666666666666667,5755200.0,-1.458885941644572,-3.6375661375661172,-1.3008861018932663,-1.1149803340774516,67.57213230119635,46.74642270701384,0.0,0.6,210757.15,2133.0,1.1428540811624588,0.0856192210227223,0.512263853729248,0.3,0.0
2018-02-06,,,,1479.2,1481.9,1482.05,1476.6333333333334,1480.845589629294,24.571428571428573,51.977401129943495,1.8447515842806297,2.241376189939505,-0.39662460565887514,1509.4762647838465,1454.6237352161534,1482.05,54.85252956769318,-41.81818181818182,58.339302248334185,57.57900855675902,59.85988963148452,15.358605226680279,19.47674418604651,16.86046511627907,12.512805904578272,70.47628013959535,1505.0,1508.0,1457.0,0,0,111055.95,12398079,1481.9933270872323,0.2,0.8,0.2,4693200.0,-1.7241379310344862,-3.6375661375661172,-1.2529543932105192,-1.1149803340774516,63.863088542503625,46.74642270701384,0.0,0.55,208324.0,1048.0,0.5551700208188848,0.08341927241867426,0.5275623201919246,0.0,0.0
2018-02-07,,,,1481.2,1484.8,1481.05,1477.5333333333333,1481.5269620455517,23.785714285714285,48.79518072289157,2.2252148663556,2.2381439252227238,-0.01292905886712381,1505.8224379947594,1456.2775620052405,1481.05,49.544875989518914,-30.90909090909091,59.34741362010158,58.16847691120654,61.70528703789165,18.543379544806278,15.015015015015017,18.61861861861862,12.691027878299266,49.89400503500694,1450.0,1497.0,1457.0,0,0,109323.45,12492486,1480.5684218100812,0.7368421052631579,0.2631578947368421,0.3157894736842105,4968789.473684211,-0.6012024048096642,-3.6375661375661172,-0.9787490072765156,-1.1149803340774516,61.829194427619626,46.74642270701384,0.0,0.55,205602.75,915.0,0.4820381521344119,0.07520451914787668,0.4891432742040288,0.1,0.0
2018-02-08,,,,1481.8,1482.6,1479.75,1478.15,1480.0482037554993,26.642857142857142,44.5054945054945,0.7429543054017813,1.9391060012585355,-1.1961516958567542,1504.8298724078434,1454.6701275921566,1479.75,50.159744815686736,-76.47058823529412,42.48891902158819,52.94195761466709,21.582841835430386,12.934147539240874,20.10723860589812,19.034852546916888,12.781680577735205,22.148754692456652,1518.0,1497.0,1457.0,0,0,118165.75,12176251,1479.963972075947,0.018867924528301886,0.9811320754716981,0.41509433962264153,5966698.113207547,-2.070808283233161,-3.6375661375661172,-1.2757394847028651,-1.502147281436778,60.93514328808446,45.97701149425287,0.0,0.5,205998.95,41795.0,21.912716138706266,0.07798379464192877,0.6679993331640698,-0.2,0.0
2018-02-09,,,,1474.6,1479.2,1477.5,1478.2666666666667,1477.2817081597375,25.785714285714285,48.21428571428571,-1.6234088612191044,1.2266030287630076,-2.8500118899821123,1504.4463404408025,1450.5536595591975,1477.5,53.892680881604974,-98.52941176470588,28.8161420928235,44.9000191073859,-3.351611936301296,-93.49282524609733,20.77562326869806,14.958448753462605,13.080049073407805,46.13683571778652,1518.0,1497.0,1451.0,0,1,125236.1,11949290,1477.6037473752908,0.037037037037037035,0.9629629629629629,0.5555555555555556,8405962.962962963,-3.072812291249205,-3.6375661375661172,-2.2330856884103714,-1.502147281436778,60.432724814063555,45.97701149425287,0.0,0.45,205579.7,-12037.0,-5.176558622795435,0.07557572634116659,0.7672189559252722,-0.3,0.0
2018-02-12,,,,1465.8,1473.7,1475.5,1477.85,1473.9215454778578,25.785714285714285,42.51497005988024,-4.176845429241666,0.14591333716207278,-4.322758766403739,1506.6498922866108,1444.3501077133892,1475.5,62.29978457322159,-91.56626506024097,22.022006375135348,37.274014863302384,-8.482010601198724,-124.19306331539912,20.77562326869806,19.113573407202217,13.127917871276603,9.274246801283905,1518.0,1497.0,1442.0,0,1,127396.0,11808475,1475.536901341748,0.2916666666666667,0.7083333333333334,0.375,5867291.666666667,-3.674014696058825,-3.674014696058825,-2.0135693279947517,-1.502147281436778,59.65517241379311,45.92139414163886,0.0,0.45,205047.0,-11726.0,-5.318106779384291,0.07421065306013876,0.8106579895184076,0.0,0.0
2018-02-13,,,,1458.6,1468.9,1474.45,1476.75,1471.2623506704429,25.285714285714285,46.0122699386503,-5.810713447729313,-1.0454120198162045,-4.7653014279131085,1508.1200710454302,1440.7799289545699,1474.45,67.34014209086035,-86.74698795180723,19.099008266154488,31.215679330919752,-5.134333863376035,-100.35805695009043,21.1864406779661,19.491525423728817,12.795284818055313,31.894423602542954,1435.0,1497.0,1442.0,0,0,126344.2,11885689,1474.7403923831353,0.42857142857142855,0.5714285714285714,0.2857142857142857,5515285.714285715,-3.406813627254557,-3.674014696058825,-1.044878737097437,-1.502147281436778,58.7359299624799,45.92139414163886,0.0,0.45,203775.05,-20181.0,-9.666803981491235,0.0760034111551617,0.7936473081575988,0.1,0.0
2018-02-14,,,,1453.2,1467.2,1473.75,1476.15,1470.2849839399244,23.785714285714285,40.93959731543624,-5.82800932035957,-2.0019314799248775,-3.8260778404346922,1507.9498768848832,1439.5501231151168,1473.75,68.39975376976645,-68.67469879518072,23.174439245709415,28.535265969182973,12.452785798762307,-59.98840422723849,20.12012012012012,20.12012012012012,12.56780529121273,0.0,1435.0,1497.0,1442.0,0,0,125990.4,11953174,1474.297980242939,0.8095238095238095,0.19047619047619047,0.7142857142857143,3213571.4285714286,-2.4048096192385127,-3.674014696058825,-0.6484424759613324,-1.502147281436778,58.09116751678393,45.59617682198327,0.0,0.45,201586.85,-21852.0,-11.587347880266197,0.08658611708911043,0.7756037276604901,-0.2,0.0
2018-02-22,,,,1449.2,1465.5,1471.45,1475.4,1467.9721283265983,24.357142857142858,37.88819875776397,-6.971725353669854,-2.9958902546738733,-3.9758350989959803,1506.6545152605556,1436.2454847394445,1471.45,70.40903052111116,-86.74698795180723,19.8672968465372,25.64594292830105,8.310004683009502,-70.15380344568995,20.234604105571847,20.821114369501466,10.288893726586878,0.0,1518.0,1497.0,1442.0,0,0,122621.55,11889875,1473.1086319384044,0.2222222222222222,0.7777777777777778,0.5555555555555556,2344407.407407407,-3.406813627254557,-3.674014696058825,-2.3499364069711004,-1.502147281436778,57.251896395865266,45.04924704924704,0.0,0.4,199101.1,11532.0,6.916447253992919,0.08554954661465944,0.574624291272959,-0.2,0.0
2018-02-23,,,,1456.6,1465.6,1471.55,1475.5166666666667,1469.8795446764461,26.5,47.64397905759162,-4.437921956933678,-3.2842965951258347,-1.1536253618078436,1506.9394126301868,1436.1605873698131,1471.55,70.77882526037365,-36.144578313253014,34.53000512660712,28.60729699440307,46.37542139101522,8.182009572856423,22.371967654986523,19.137466307277627,9.439405756738953,56.19553147208487,1435.0,1497.0,1442.0,0,0,126950.3,12064120,1472.712877401629,0.8846153846153846,0.11538461538461539,0.8076923076923077,3350865.384615385,-0.6012024048096642,-3.674014696058825,0.17905728445901456,-1.502147281436778,56.647786273954495,45.04924704924704,1.0,0.4,198595.1,18358.0,10.298151628193985,0.0853199703950871,0.5459941625394429,-0.1,1.0
2018-02-26,,,,1466.0,1465.9,1473.15,1475.5333333333333,1471.7005404215465,26.642857142857142,48.67724867724868,-2.3224016665344607,-3.0919176094075604,0.7695159428730998,1508.6629331518316,1437.6370668481686,1473.15,71.02586630366295,-34.93975903614458,44.70675040568989,33.97378146483201,66.17268828740565,48.395785359263414,23.324396782841823,19.034852546916888,8.665037209810178,62.14740140417149,1435.0,1497.0,1442.0,0,0,121543.1,12155807,1473.9086895924163,0.55,0.45,0.05,4584350.0,-0.5344021376085806,-3.674014696058825,1.602520549889608,-1.0913276762965862,56.186459995441076,45.04924704924704,1.0,0.45,196683.25,-14731.0,-7.492002461563496,0.08408883538357753,0.5119066967048737,-0.3,1.0
2018-02-27,,,,1475.2,1466.9,1474.4,1475.9,1473.6338222861611,25.214285714285715,53.97727272727273,-0.39916039438071493,-2.5533661664021916,2.1542057720214767,1510.751500367126,1438.0484996328742,1474.4,72.70300073425187,-31.325301204819276,52.69606653552016,40.21454315506139,77.65911329643768,48.76483411495089,24.64589235127479,15.297450424929178,8.884969500318494,92.67675519775734,1435.0,1497.0,1442.0,0,0,118661.2,12221807,1474.8550412153818,0.75,0.25,0.25,5500000.0,-0.33400133600537396,-3.674014696058825,1.2726554174335267,-1.0913276762965862,55.91434787587312,45.04924704924704,1.0,0.5,196512.15,3554.0,1.953906713874165,0.08468359535163696,0.5011987042167624,0.0,0.0
2018-02-28,,,,1482.2,1467.7,1476.25,1476.5,1475.7639344493841,25.285714285714285,60.0,1.4312897236243316,-1.756434988396887,3.1877247120212187,1513.064613803046,1439.435386196954,1476.25,73.62922760609217,-26.50602409638554,65.03267180799384,48.48725270603887,98.12351001190376,56.329944753175766,26.836158192090394,14.124293785310735,9.470672149556306,99.99999999999999,1435.0,1497.0,1442.0,0,0,119997.15,12335241,1476.2401680651026,0.631578947368421,0.3684210526315789,0.21052631578947367,5970210.526315789,-0.06680026720109478,-3.674014696058825,1.8599861704214733,-1.0913276762965862,55.91434787587312,45.04924704924704,1.0,0.55,196986.35,16759.0,9.03713210314594,0.08458835136988246,0.5324459499988415,0.3,0.0
2018-03-01,,,,1492.4,1470.8,1476.7,1476.8666666666666,1477.786416882776,24.642857142857142,53.52112676056338,2.928864149712581,-0.8193751607749935,3.748239310487574,1514.3303349075834,1439.0696650924167,1476.7,75.2606698151667,-25.301204819277107,72.87892406247208,56.61780982484994,105.40115253771634,53.845017065196785,24.63768115942029,14.492753623188406,10.831793358005756,70.69947776546921,1435.0,1497.0,1442.0,0,0,116913.95,12447097,1477.0564580474215,0.6363636363636364,0.36363636363636365,0.045454545454545456,5084363.636363636,-2.220446049250313e-14,-3.674014696058825,0.5414661263719932,-1.0913276762965862,55.76387285461402,45.04924704924704,1.0,0.55,196636.5,2932.0,1.450013600059341,0.08339929234915051,0.5704841295349999,0.7,0.0
2018-03-02,,,,1494.4,1475.5,1477.35,1477.75,1479.7115200367973,24.571428571428573,54.22535211267606,4.148572157049784,0.17421430278996208,3.9743578542598224,1516.0187688477954,1438.6812311522044,1477.35,77.33753769559098,-24.096385542168676,78.32953911857112,63.855052922757004,107.27851151019935,53.392672423990675,23.83720930232558,14.534883720930234,12.087204613417013,73.88431713878781,1435.0,1498.0,1442.0,1,0,117657.95,12545775,1477.627316726154,0.7142857142857143,0.2857142857142857,0.07142857142857142,7048428.571428572,0.0,-3.674014696058825,0.7491727129955196,-1.0913276762965862,55.73087431693989,45.04924704924704,1.0,0.55,197190.35,-416.0,-0.20279130532278034,0.08357312413333842,0.4896488925378558,0.4,0.0
2018-03-05,,,,1493.4,1479.7,1476.7,1478.0833333333333,1480.1199466999594,25.071428571428573,50.65789473684211,3.9400975513221965,0.927390952496409,3.0127065988257877,1514.4029944363497,1438.9970055636504,1476.7,75.40598887269925,-40.963855421686745,73.78832019669447,67.1661420140695,87.03267656194441,39.792394259458035,24.216524216524213,15.669515669515668,13.103531144029256,57.750591366055616,1518.0,1498.0,1442.0,0,0,118796.0,12403281,1477.5538477726523,0.1111111111111111,0.8888888888888888,0.5185185185185185,5277555.555555556,-0.9345794392523255,-3.674014696058825,-0.5907574340822149,-1.0913276762965862,55.344728360957646,45.04924704924704,1.0,0.55,196067.3,-4168.0,-2.035941598565849,0.07831125787540581,0.530935213818962,0.6,0.0
2018-03-06,,,,1491.8,1483.5,1476.2,1477.8166666666666,1480.4894755856776,25.0,48.63013698630137,3.731861349668634,1.4882850319308543,2.2435763177377797,1513.1955900642804,1439.2044099357197,1476.2,73.9911801285607,-40.963855421686745,70.76084091544337,68.36437498119412,75.55377278394187,16.943978661057436,24.285714285714285,16.857142857142858,13.627907561262818,48.5801138987225,1518.0,1498.0,1442.0,0,0,118787.85,12403281,1477.1863761038412,0.6111111111111112,0.3888888888888889,0.0,4836444.444444444,-0.9345794392523255,-3.674014696058825,-0.4374607232090159,-1.0913276762965862,54.686087393269716,45.04924704924704,1.0,0.55,195185.0,-9541.0,-4.757345938480107,0.07734994576045956,0.5509078517111041,0.4,0.0
2018-03-07,,,,1488.6,1485.4,1476.3,1477.6666666666667,1480.4428588632322,22.642857142857142,55.46875,3.207096674872446,1.8320473605191727,1.3750493143532732,1513.3268750190716,1439.2731249809283,1476.3,74.05375003814333,-38.35616438356164,66.36581313554811,67.69818769931211,63.7010640080201,18.506786069295938,20.189274447949526,15.77287066246057,14.309405827476295,79.50754915730337,1518.0,1498.0,1442.0,0,0,117791.3,12283590,1477.292415483996,0.25,0.75,0.2,5984550.0,-1.2016021361815676,-3.674014696058825,0.1819315691548675,-1.0492840740986054,54.686087393269716,45.04924704924704,1.0,0.6,195492.5,18354.0,9.608820388247864,0.07842020542719465,0.5530474402027756,0.0,0.0
2018-03-08,,,,1482.4,1487.4,1476.45,1477.1166666666666,1479.0673484953054,22.5,55.90551181102362,1.6425990330819786,1.794157695031734,-0.1515586619497553,1513.2737623509324,1439.6262376490677,1476.45,73.64752470186477,-57.534246575342465,45.01906922214836,60.13848154025753,14.780244585930035,-11.45876534128006,20.317460317460316,14.285714285714286,14.391700319841195,81.48279217906752,1518.0,1498.0,1442.0,0,0,121433.15,12126199,1477.3693574063864,0.04,0.96,0.56,6295640.0,-2.136181575433893,-3.674014696058825,0.2370770625041774,-1.0492840740986054,54.686087393269716,45.04924704924704,1.0,0.6,196899.25,332.0,0.1585739804934816,0.0775820854502534,0.5941045818560291,-0.4,0.0
2018-03-09,,,,1475.0,1484.7,1475.15,1477.1666666666667,1477.3466486386096,22.285714285714285,57.72357723577235,-0.0007264587263762223,1.4351808642801118,-1.435907323006488,1512.2403590820563,1438.0596409179439,1475.15,74.18071816411248,-69.11764705882354,33.78629772042596,51.35442026698034,-1.3499473726828057,-37.729450746197934,20.51282051282051,12.820512820512821,15.742432920573796,89.70494199324013,1518.0,1498.0,1442.0,0,0,125034.0,11954659,1476.34755973042,0.2857142857142857,0.7142857142857143,0.23809523809523808,8168571.428571428,-2.469959946595457,-3.674014696058825,-1.4347391311597675,-1.0492840740986054,55.29264502762432,45.04924704924704,1.0,0.55,197832.55,-4394.0,-2.095394328987399,0.07676128439041725,0.6648104491973432,-0.2,0.0
2018-03-12,,,,1472.8,1483.1,1474.5,1477.3166666666666,1476.932682101599,23.428571428571427,60.30534351145038,-0.3309589499294816,1.0819529014381932,-1.4129118513676748,1511.243778563883,1437.756221436117,1474.5,73.4875571277662,-51.470588235294116,33.844953197265106,45.517931243741934,10.498997104311442,-5.073070851260988,23.78048780487805,12.195121951219514,17.745056003705354,100.0,1440.0,1498.0,1442.0,0,0,128014.8,12100603,1475.8735644888975,0.43333333333333335,0.5666666666666667,0.4,4864800.0,-1.6688918558077415,-3.674014696058825,-0.6610929716206421,-1.0492840740986054,55.520833333333336,45.59617682198327,1.0,0.5,198217.45,-8835.0,-4.303374508046609,0.07588123279219315,0.671276308205838,-0.4,0.0
2018-03-13,,,,1470.2,1481.0,1473.95,1477.5333333333333,1476.3676647585896,23.0,54.23728813559322,-0.7454606572832745,0.7164701896938998,-1.4619308469771743,1510.550115041437,1437.349884958563,1473.95,73.20023008287399,-54.411764705882355,32.626195213271075,41.22068590025165,15.43721383930992,-13.92347528978556,20.807453416149066,12.422360248447205,19.547459207977717,72.9311852935272,1508.0,1498.0,1442.0,0,0,128684.3,11993349,1475.2872581710953,0.5333333333333333,0.4666666666666667,0.13333333333333333,7150266.666666666,-1.8024032042723626,-3.674014696058825,-0.5505923664304099,-1.0492840740986054,55.520833333333336,45.92139414163886,1.0,0.5,197859.75,-13804.0,-7.02604482132041,0.07749655767459311,0.6975563781995645,-0.3,0.0
2018-03-14,,,,1467.8,1478.2,1472.95,1477.8,1475.5707443053907,22.714285714285715,60.37735849056604,-1.3010336683748847,0.3129694180801429,-1.6140030864550274,1509.0228794466532,1436.877120553347,1472.95,72.14575889330627,-60.60606060606061,29.9268974377782,37.45608974609384,14.868512821146936,-7.001042623653816,22.955974842767294,11.320754716981133,21.87005797225407,100.0,1508.0,1498.0,1442.0,0,0,131305.8,11846512,1474.7729258722768,0.21739130434782608,0.782608695652174,0.13043478260869565,6384217.391304348,-2.002670226969283,-3.674014696058825,-1.0643930420223824,-1.0492840740986054,55.73087431693989,45.97701149425287,1.0,0.45,197818.9,7252.0,3.9701092163249685,0.07761900550613124,0.7378525752206361,-0.3,0.0
2018-03-15,,,,1466.0,1474.2,1472.5,1477.4333333333334,1473.8021019905916,20.5,29.33333333333333,-2.5989779514993643,-0.26942005583575857,-2.329557895663606,1509.1577341590835,1435.8422658409165,1472.5,73.31546831816695,-89.47368421052632,23.460036888343364,32.79073879351035,4.798633078009388,-40.821213646945466,16.02787456445993,16.724738675958186,21.46544738527266,0.0,1508.0,1498.0,1442.0,0,0,123171.3,11692967,1472.7960052382332,0.2857142857142857,0.7142857142857143,0.5238095238095238,7311666.666666667,-2.736982643524688,-3.674014696058825,-0.4747929762851152,-1.023367444414257,55.73087431693989,45.92139414163886,1.0,0.45,195665.05,-465.0,-0.24484380018640062,0.06686175879716877,0.7498343378131908,0.0,0.0
2018-03-16,,,,1468.0,1471.5,1473.5,1478.0333333333333,1473.5352351343447,21.0,39.77272727272727,-2.469458766466005,-0.7094277979618079,-1.7600309685041968,1508.7524728508379,1438.2475271491621,1473.5,70.50494570167575,-61.666666666666664,31.95208132981756,32.51118630561275,30.833871378227172,-27.81853272849361,15.306122448979593,17.346938775510203,21.18854865109544,33.62770738175926,1448.0,1498.0,1442.0,0,0,117997.85,11816459,1473.6653402300692,0.8518518518518519,0.14814814814814814,0.5185185185185185,4573777.777777777,-1.8024032042723626,-3.674014696058825,1.2810436536812941,-0.9499833509073768,55.73087431693989,45.92139414163886,1.0,0.45,193661.4,-9033.0,-4.767962333467057,0.06254608577633954,0.7196207225719065,-0.2,0.0
2018-03-19,,,,1470.0,1471.4,1475.55,1478.6833333333334,1474.436641312026,22.214285714285715,45.36082474226804,-1.382576683987054,-0.8440575751668571,-0.5385191088201968,1507.7237061653582,1443.3762938346417,1475.55,64.34741233071645,-41.666666666666664,45.110911362735514,36.711094657987005,61.91054477223253,23.626835272581754,21.543408360128616,16.39871382636656,20.4853391307204,51.628264465571704,1448.0,1498.0,1446.0,0,0,118397.6,11965269,1475.9158330349037,0.5172413793103449,0.4827586206896552,0.41379310344827586,5131379.310344828,-1.001335113484647,-3.406813627254557,2.5567920147743757,-0.9499833509073768,55.73087431693989,45.92139414163886,1.0,0.5,192732.65,9772.0,5.416280990361333,0.06015950331555632,0.7275385699407039,0.1,0.0
2018-03-20,,,,1468.4,1469.3,1476.4,1478.4166666666667,1473.3474373775473,23.0,35.39823008849558,-2.1107166286660686,-1.0973893858666994,-1.0133272427993691,1506.0889134011522,1446.711086598848,1476.4,59.3778268023043,-75.0,40.27802254114341,37.90007061903914,45.03392638535195,-28.713320327412966,18.32298136645963,19.25465838509317,18.44568599388858,19.536438088954576,1508.0,1498.0,1446.0,0,0,121050.95,11834988,1476.476524003598,0.2,0.8,0.6666666666666666,4342700.0,-2.336448598130858,-3.406813627254557,1.0445633073951135,-1.0427902262603816,55.73087431693989,45.631304733399844,1.0,0.5,191825.85,-19742.0,-10.380091592136331,0.06569303552105069,0.762974124921387,0.1,0.0
2018-03-21,,,,1466.8,1467.3,1476.35,1478.1,1472.0762528654,23.785714285714285,33.91304347826086,-2.896459130865651,-1.45720333486649,-1.439255795999161,1506.1512716082289,1446.548728391771,1476.35,59.60254321645789,-75.0,36.914908109189945,37.57168311575607,35.60135809605768,-62.886524638234334,17.117117117117118,22.22222222222222,17.520769801796813,14.752307800718748,1508.0,1498.0,1446.0,0,0,125035.6,11687810,1476.061020621327,0.48484848484848486,0.5151515151515151,0.09090909090909091,4459939.393939394,-2.5367156208277897,-3.406813627254557,0.010665215270840104,-1.0427902262603816,55.73087431693989,45.18975869491334,1.0,0.5,192659.85,12964.0,7.605794108501662,0.05887363375752422,0.7688293904564553,0.1,0.0
2018-03-22,,,,1452.8,1459.4,1473.4,1476.45,1463.9737525925048,28.214285714285715,20.32085561497327,-9.302423095484983,-3.0262472869901886,-6.276175808494794,1521.7556996041246,1425.0443003958756,1473.4,96.71139920824908,-100.0,24.609938739459967,33.251101656990706,7.327612904398492,-166.52352390721313,14.430379746835442,33.164556962025316,18.60071822217077,0.0,1508.0,1498.0,1387.0,0,1,136680.75,11391608,1469.7360879275245,0.0,1.0,0.9605263157894737,3897394.7368421056,-7.409879839786415,-7.409879839786415,-2.180931550253842,-1.5311867835468667,55.520833333333336,44.50491916460502,2.0,0.5,194138.55,24426.0,13.317485674406937,0.05817927047624944,0.8917658016934109,-0.2,0.0
2018-03-23,,,,1433.6,1450.8,1467.75,1474.5,1455.5000618694091,30.857142857142858,20.540540540540547,-15.172595169241049,-5.455516863440361,-9.717078305800687,1532.5375069178115,1402.9624930821885,1467.75,129.57501383562294,-75.77639751552795,24.48115998779733,30.327787767259583,12.787904428872828,-165.58057298807225,11.805555555555555,40.50925925925926,20.989195737070535,0.548437606372116,1508.0,1498.0,1375.0,0,1,143412.25,11082733,1458.7320926210975,0.609375,0.390625,0.1875,4826171.875,-8.21094793057413,-8.21094793057413,-4.91691431404017,-1.5311867835468667,55.29264502762432,44.35831314631033,1.0,0.45,192988.7,-34213.0,-16.461299371147863,0.06303798785203908,1.110664615888222,0.0,-1.0
2018-03-26,,,,1414.2,1442.1,1462.6,1472.4,1448.8810083580368,31.428571428571427,25.0,-18.72133288891655,-8.1086800685356,-10.61265282038095,1536.0686470901508,1389.131352909849,1462.6,146.9372941803017,-68.94409937888199,26.672740198904222,29.109438577807794,21.79934344109708,-115.55278268715745,11.590909090909092,37.95454545454546,23.500299566981703,11.68136020151132,1336.0,1498.0,1375.0,0,0,145790.05,11221976,1454.168808959642,0.6923076923076923,0.3076923076923077,0.4230769230769231,5355500.0,-7.476635514018715,-8.21094793057413,-4.364998620134489,-1.5311867835468667,55.29264502762432,43.527869633866594,1.0,0.4,192190.9,-7690.0,-4.429060163800358,0.06968540205371707,1.1220071741509876,-0.3,-1.0
2018-03-27,,,,1396.6,1432.5,1456.75,1470.4666666666667,1441.8447218477475,32.214285714285715,24.13793103448276,-22.165827308731423,-10.920109516574765,-11.245717792156658,1538.524722641853,1374.975277358147,1456.75,163.54944528370606,-75.77639751552795,25.856360960760167,28.02507937212525,21.518924138029995,-99.27092349251075,11.529933481152993,37.028824833702885,26.373921979176572,9.529227829410225,1497.0,1498.0,1375.0,0,0,149714.95,11077478,1449.8319771450126,0.22580645161290322,0.7741935483870968,0.3548387096774194,4661225.806451613,-8.21094793057413,-8.21094793057413,-4.99846500775996,-1.5311867835468667,55.29264502762432,42.37561241154056,1.0,0.35,190612.55,-12057.0,-7.266054382412501,0.0832163802486433,1.1569464639857343,-0.3,-1.0
2018-03-28,,,,1379.2,1423.0,1450.6,1468.55,1435.2880816717716,31.857142857142858,25.6544502617801,-24.771447411905683,-13.69037709564095,-11.081070316264734,1538.2365701122928,1362.963429887707,1450.6,175.27314022458586,-77.01863354037268,24.898029460382553,26.982729401544354,20.728629578058943,-94.91190090002004,11.659192825112108,36.99551569506727,28.848389126201116,13.315177970907431,1497.0,1498.0,1373.0,0,1,151178.05,10934782,1444.4419834757757,0.65,0.35,0.1,7134800.0,-8.344459279038741,-8.344459279038741,-5.290883791191164,-1.5311867835468667,55.29264502762432,41.67076167076167,1.0,0.3,188062.2,-2681.0,-1.7422780236419522,0.09503854834318752,1.1852122046640414,0.0,-1.0
2018-03-29,,,,1377.8,1415.3,1444.75,1467.0166666666667,1430.0225500839838,31.642857142857142,29.01554404145078,-25.97218740827384,-16.146739158167527,-9.825448250106312,1534.9284780018554,1354.5715219981446,1444.75,180.35695600371082,-72.67080745341615,25.708417155782985,26.557958652957232,24.009334161434495,-78.50106843032192,12.415349887133182,34.988713318284425,30.60139802206715,21.706059696427868,1336.0,1498.0,1373.0,0,0,149519.7,11013471,1440.7498784441113,0.8333333333333334,0.16666666666666666,0.3888888888888889,4371611.111111111,-7.877169559412566,-8.344459279038741,-4.9615928600045,-1.5311867835468667,55.29264502762432,41.05278432795211,1.0,0.25,184933.15,-8642.0,-5.715684069895099,0.10852357077331395,1.0105792824565412,0.1,0.0
2018-03-30,,,,1386.0,1409.8,1440.65,1466.05,1428.6870691236045,33.42857142857143,36.866359447004605,-23.745163902200375,-17.666424106974098,-6.0787397952262765,1528.0481211407987,1353.2518788592015,1440.65,174.7962422815972,-50.31055900621118,34.79898892063237,29.30496874218228,45.78702927753255,-43.97464836672472,17.52136752136752,33.11965811965812,30.501276445867482,41.30541271517949,1336.0,1484.0,1373.0,0,0,152575.85,11173272,1436.986360226733,0.8545454545454545,0.14545454545454545,0.6545454545454545,2905472.7272727275,-4.582210242587625,-8.344459279038741,-2.990664243365987,-1.5311867835468667,55.29264502762432,40.706223306894444,2.0,0.2,181702.9,-2440.0,-1.7116080698111658,0.12018688425806553,0.8828839425554212,-0.1,1.0
2018-04-02,,,,1387.0,1400.6,1436.0,1464.5166666666667,1425.0978244451658,35.785714285714285,33.33333333333333,-23.72404675183293,-18.877948635945867,-4.846098115887063,1523.5827428327048,1348.4172571672952,1436.0,175.1654856654095,-65.83850931677019,36.2016900132821,31.603875832548884,45.397318374748515,-41.7751701462952,17.564870259481037,30.93812375249501,30.668302988802647,32.48530646515531,1497.0,1484.0,1373.0,0,0,151948.35,11043328,1432.9149665001298,0.1875,0.8125,0.5208333333333334,2707166.6666666665,-6.266846361186007,-8.344459279038741,-3.3744336092375224,-1.9272598870056488,54.686087393269716,39.395821569734615,2.0,0.15,177385.1,-25919.0,-18.498244311855892,0.14683697381439137,0.9426352453637745,0.1,0.0
2018-04-03,,,,1390.0,1393.3,1431.3,1463.3166666666666,1421.7551744980071,36.07142857142857,33.61344537815127,-23.516914548532668,-19.805741818463225,-3.7111727300694426,1518.122504965104,1344.4774950348958,1431.3,173.6450099302083,-66.45962732919254,38.30768835531143,33.83848000680307,47.24610505232815,-53.53620821291916,15.841584158415843,33.069306930693074,30.75956855568386,53.085487827892074,1497.0,1483.0,1373.0,0,0,152063.5,10953969,1430.1025740343123,0.7407407407407407,0.25925925925925924,0.037037037037037035,3309592.592592593,-6.271072151045198,-8.344459279038741,-3.4148962033335515,-1.9272598870056488,54.686087393269716,37.683830895612104,2.0,0.1,172750.6,-15875.0,-13.901415974149934,0.18075614961913883,0.9365960104071249,0.1,0.0
2018-04-04,,,,1392.4,1385.8,1426.55,1462.1666666666667,1418.2546816886731,36.0,34.48275862068965,-23.485492855935263,-20.541692025957634,-2.9438008299776293,1512.5450426967486,1340.5549573032513,1426.55,171.99008539349734,-69.56521739130434,42.914345428363646,36.86376848065659,55.01549932377776,-49.89549998692765,15.873015873015873,30.753968253968253,32.88722813015194,56.557190361226226,1497.0,1483.0,1373.0,0,0,148968.9,10896170,1427.0762178101156,0.55,0.45,0.25,2889950.0,-6.608226567768072,-8.344459279038741,-3.4636132120930525,-1.9272598870056488,54.686087393269716,36.5727335753028,2.0,0.05,166469.25,-14583.0,-14.831878928418874,0.21491334927366967,0.8858877849603314,0.1,0.0
2018-04-09,,,,1393.4,1385.6,1422.5,1460.7333333333333,1415.0875691468948,36.214285714285715,30.275229357798167,-23.193233776482202,-21.07200037606255,-2.1212334004196514,1508.3014844675588,1336.6985155324412,1422.5,171.6029689351176,-69.56521739130434,40.514325523671005,38.08062082832806,45.3817349143569,-50.68365796258286,15.187376725838265,32.544378698224854,35.03820215612597,39.75393776334233,1497.0,1483.0,1373.0,0,0,143048.2,10896170,1423.8581472305605,0.8,0.2,0.0,1299233.3333333333,-6.608226567768072,-8.344459279038741,-2.9648832993661904,-1.9272598870056488,54.54545454545455,35.2151357949344,2.0,0.05,159840.5,-6616.0,-7.9007392015667754,0.24674436722785362,0.8765679669935409,0.2,0.0
2018-04-10,,,,1387.4,1386.7,1418.75,1459.5,1412.3173244662382,35.5,26.570048309178745,-22.62017342903073,-21.381634986656188,-1.2385384423745407,1504.0207761378574,1333.4792238621426,1418.75,170.54155227571482,-66.88741721854305,39.39050273006639,38.517248128907504,41.137011932384155,-35.29798693918273,12.877263581488933,33.19919517102616,37.22002226037965,37.76973344327735,1336.0,1483.0,1373.0,0,0,136647.4,10939694,1420.7834091001123,0.2631578947368421,0.7368421052631579,0.05263157894736842,2290736.8421052634,-6.540795684423484,-8.344459279038741,-2.7372556440031452,-1.9272598870056488,54.29892141756549,34.368815592203894,2.0,0.05,153104.25,-6544.0,-8.485147102680134,0.2785122976800346,0.7718039559602741,0.2,-1.0
2018-04-11,,,,1379.4,1383.2,1412.65,1456.8166666666666,1406.4775792789776,36.5,24.774774774774784,-24.705437562178076,-22.046395501760568,-2.6590420604175087,1499.028055205286,1326.2719447947143,1412.65,172.75611041057164,-89.36170212765957,29.669426062468503,35.56797410676117,17.87232997388317,-69.02034386034306,12.524461839530332,37.76908023483366,40.628251809394484,26.91921143663774,1477.0,1483.0,1351.0,0,1,133020.0,10866298,1415.9849367263068,0.36,0.64,1.4,2935840.0,-8.90087660148351,-8.90087660148351,-4.368440406890201,-2.648989898989904,54.22773931725949,33.853123858238945,3.0,0.05,148283.0,29465.0,41.74754530384392,0.28951729357744377,0.6909527379534857,-0.1,-1.0
2018-04-12,,,,1372.8,1381.4,1406.95,1454.3166666666666,1401.765428871456,35.142857142857146,27.111111111111114,-25.579015586015203,-22.752919518611495,-2.8260960674037072,1492.153101006052,1321.746898993948,1406.95,170.40620201210413,-83.46456692913385,25.461435556797184,32.19912792343984,11.986050823511874,-62.258782943596884,13.008130081300811,36.58536585365854,43.09710069295992,41.03988349386026,1336.0,1483.0,1351.0,0,0,130733.75,10927827,1412.27540682239,0.8571428571428571,0.14285714285714285,0.42857142857142855,4394928.571428572,-8.49629130141608,-8.90087660148351,-4.037447814500658,-2.648989898989904,54.026888604353395,33.557422969187684,3.0,0.05,144305.6,3073.0,3.0716484746711403,0.29978823963094825,0.6285228972197279,0.0,0.0
2018-04-13,,,,1369.8,1381.1,1402.05,1452.0166666666667,1398.7401499313173,31.214285714285715,44.84848484848485,-24.934907022514153,-23.18931701939203,-1.7455900031221248,1483.6664973003246,1320.4335026996753,1402.05,163.23299460064936,-63.829787234042556,27.580350977258732,30.659535608046138,21.42198171568392,-45.60095981077921,17.620137299771166,28.146453089244854,41.928407683841385,100.0,1336.0,1483.0,1351.0,0,0,126708.6,10994161,1407.5405603881663,0.9047619047619048,0.09523809523809523,0.6190476190476191,3158761.9047619044,-7.6196898179366475,-8.90087660148351,-3.373822041560818,-2.648989898989904,53.61235595390525,33.557422969187684,3.0,0.05,140089.35,2475.0,2.4001861962624993,0.3047142411952146,0.6161193972695922,0.1,0.0
2018-04-16,,,,1363.0,1378.2,1396.75,1449.6666666666667,1394.1934689854777,28.857142857142858,43.02325581395349,-25.661774592164193,-23.68380853394646,-1.9779660582177314,1477.0989101881046,1316.4010898118954,1396.75,160.69782037620917,-87.77777777777777,22.460974725579895,27.92668198055739,11.529560215624912,-52.97568404862644,19.059405940594058,20.544554455445546,38.2771750669008,91.18696172529509,1430.0,1483.0,1351.0,0,0,123214.85,10910491,1402.4540698625206,0.3548387096774194,0.6451612903225806,0.6129032258064516,2699032.258064516,-8.90087660148351,-8.90087660148351,-3.6609716287008895,-2.648989898989904,53.61235595390525,33.557422969187684,3.0,0.05,136403.35,10140.0,9.603000227289948,0.30323846863236037,0.6596345773301634,-0.1,0.0
2018-04-17,,,,1355.2,1371.3,1390.55,1447.1833333333334,1389.6988528916227,28.071428571428573,38.18181818181818,-26.257904174172836,-24.198627661991736,-2.0592765121811,1465.7465144768612,1315.3534855231387,1390.55,150.39302895372248,-92.22222222222223,18.862872039275487,24.90541200013009,6.777792117566278,-52.76488996905591,19.592875318066156,21.119592875318066,34.74424584016423,67.8102926337033,1430.0,1483.0,1347.0,0,1,120301.35,10845269,1397.8570989990276,0.13333333333333333,0.8666666666666667,0.26666666666666666,4348133.333333333,-9.170600134861795,-9.170600134861795,-4.376646180083788,-2.648989898989904,53.61235595390525,33.557422969187684,3.0,0.05,133035.4,-2672.0,-2.308782359243766,0.30307222588495697,0.6516763477122748,0.1,0.0
2018-04-18,,,,1359.6,1369.5,1385.05,1445.3666666666666,1388.1084859495634,27.928571428571427,49.44444444444445,-24.35164781621188,-24.229231692835764,-0.12241612337611585,1446.6342597798073,1323.4657402201926,1385.05,123.16851955961465,-63.333333333333336,30.908581359516987,26.90646845325906,38.91280717203284,-30.118978218481697,22.506393861892583,21.227621483375962,31.20228591752659,100.0,1340.0,1463.0,1347.0,0,0,117464.45,10937341,1391.2365178003502,0.8888888888888888,0.1111111111111111,0.9629629629629629,3410074.0740740737,-6.151742993848297,-9.170600134861795,-3.6519784961734354,-2.648989898989904,53.61235595390525,33.557422969187684,3.0,0.0,129505.15,6526.0,5.772156377144877,0.29404532345688456,0.6589334879206408,0.5,0.0
2018-04-19,,,,1365.0,1368.9,1381.1,1443.9833333333333,1387.7172015734145,27.785714285714285,52.91005291005291,-21.703137589134712,-23.724012872095553,2.0208752829608407,1430.5768420044378,1331.623157995562,1381.1,98.95368400887583,-51.111111111111114,45.0501653507891,32.954367419102404,69.24176121416251,-0.4610429174952035,25.706940874035993,19.28020565552699,28.503141743728037,100.0,1340.0,1460.0,1347.0,0,0,115335.8,11025049,1386.4426182792624,0.7777777777777778,0.2222222222222222,0.6111111111111112,4872666.666666667,-5.205479452054817,-9.170600134861795,-2.591784350652043,-2.648989898989904,53.61235595390525,33.557422969187684,3.0,0.05,126702.45,-5191.0,-4.340809124813938,0.29166335281223943,0.6929376268324351,0.2,0.0
2018-04-20,,,,1365.6,1367.7,1376.75,1442.2833333333333,1386.3155633283275,27.428571428571427,48.186528497409334,-20.258257638129635,-23.03086182530237,2.7726041871727354,1409.484176571052,1344.015823428948,1376.75,65.4683531421042,-63.333333333333336,48.36677690052606,38.09183724624363,68.91665620909092,-0.14660924839112482,25.260416666666668,19.53125,26.015402461968822,83.21138184619235,1430.0,1416.0,1347.0,0,0,110844.85,10967690,1381.2841348365155,0.07692307692307693,0.9230769230769231,0.8461538461538461,4412230.76923077,-3.036723163841837,-9.170600134861795,-2.873210051826118,-2.648989898989904,53.61235595390525,33.557422969187684,3.0,0.05,123068.35,-3664.0,-3.2029371913108062,0.28099522802999033,0.6708961504475941,0.1,0.0
2018-04-23,,,,1372.4,1367.7,1376.65,1440.5,1386.1902715827725,24.928571428571427,40.828402366863905,-17.938100894315085,-22.012309639104913,4.0742087447898285,1409.2643333035867,1344.0356666964135,1376.65,65.22866660717318,-50.0,61.09067177983788,45.75811542410838,91.75578449129688,25.90116235444143,18.051575931232094,21.48997134670487,24.43639991984025,57.058712961361756,1340.0,1416.0,1347.0,0,0,99133.55,11029666,1376.6991622244268,0.65,0.35,0.6,3098800.0,-2.189265536723195,-9.170600134861795,-0.004074176659281552,-1.8035225132682753,53.24081071796634,33.557422969187684,2.0,0.1,118162.6,-1007.0,-0.9094110953572154,0.2396236124399498,0.6392705518481274,0.2,1.0
2018-04-24,,,,1381.2,1368.2,1377.45,1438.9166666666667,1386.6483409558418,22.857142857142858,50.0,-15.43725899082142,-20.697299509448214,5.260040518626795,1410.6731688338689,1344.2268311661312,1377.45,66.44633766773768,-15.0,70.03745934747812,53.851230065231626,102.4099179119711,43.10858442260259,19.6875,23.437499999999996,23.08808818505508,89.65692503176619,1340.0,1416.0,1347.0,0,0,86734.5,11090560,1378.2761532800287,0.631578947368421,0.3684210526315789,0.3157894736842105,3204947.3684210526,-1.7655367231638852,-9.170600134861795,0.8606529104969072,-1.8035225132682753,53.24081071796634,33.557422969187684,2.0,0.15,114926.7,-816.0,-0.743684152965618,0.21896866298725243,0.6357211410077485,0.0,1.0
2018-04-25,,,,1382.8,1371.2,1377.2,1437.65,1386.110403721952,22.714285714285715,47.16981132075472,-14.099707539470728,-19.37778111545272,5.278073575981992,1410.226942749273,1344.1730572507272,1377.2,66.0538854985457,-31.666666666666668,69.4694173427632,59.057292491075486,90.29366704613861,29.404195985921387,20.440251572327046,21.069182389937104,20.680408145796093,79.59770803864687,1400.0,1416.0,1347.0,0,0,83536.95,11015268,1378.228270843022,0.24,0.76,0.4,3011680.0,-2.4717514124294127,-9.170600134861795,-0.1511137748953045,-1.8035225132682753,53.24081071796634,33.557422969187684,2.0,0.2,112542.6,9346.0,8.581555074007419,0.19687995069603467,0.6090760166207472,-0.4,0.0
2018-04-26,,,,1382.2,1373.6,1377.5,1436.2166666666667,1385.6236986055756,21.928571428571427,48.7012987012987,-12.891087940384523,-18.080442480439082,5.189354540054559,1410.551793485784,1344.448206514216,1377.5,66.10358697156789,-31.666666666666668,69.09072267295323,62.401769218368074,82.46862958212355,14.157575845074113,21.17263843648209,21.824104234527688,18.508997995662536,85.04100727734779,1400.0,1416.0,1347.0,0,0,78823.4,11015268,1378.0824575358754,0.5555555555555556,0.4444444444444444,0.0,5580777.777777777,-2.4717514124294127,-9.170600134861795,0.38249610732970407,-1.8035225132682753,53.03226768015501,33.557422969187684,2.0,0.25,110413.5,-6957.0,-5.883099091785482,0.18030395485291167,0.5459912492953924,-0.3,0.0
2018-04-27,,,,1383.0,1374.3,1377.7,1434.85,1384.802393976473,21.285714285714285,47.46835443037975,-12.116345087079026,-16.88762300176707,4.771277914688046,1410.6854832503404,1344.7145167496597,1377.7,65.97096650068079,-38.333333333333336,65.45442117590821,63.41931987088145,69.52462378596172,-8.134842253874785,21.812080536912756,22.818791946308725,16.07271247667025,80.6588068775835,1400.0,1416.0,1347.0,0,0,75424.5,10940550,1378.5502135689774,0.7142857142857143,0.2857142857142857,0.19047619047619047,3558000.0,-2.7542372881356303,-9.170600134861795,0.2848377923912797,-1.8035225132682753,53.03226768015501,33.557422969187684,2.0,0.25,108628.9,4209.0,3.7817730936143823,0.1612420906116602,0.5717657289797333,-0.6,0.0
2018-05-02,,,,1381.4,1376.9,1377.55,1433.0,1384.0593088358564,21.785714285714285,47.13375796178344,-11.371274816403002,-15.784353364694258,4.4130785482912565,1410.5187252119426,1344.5812747880573,1377.55,65.93745042388537,-38.333333333333336,61.93693437871005,62.92519137349099,59.96042038914817,-10.905156465414702,18.688524590163933,23.606557377049185,13.752934154048424,79.46956514701476,1400.0,1416.0,1347.0,0,0,75382.7,10940550,1378.3967121545572,0.7307692307692307,0.2692307692307692,0.0,2994346.153846154,-2.7542372881356303,-9.170600134861795,-0.05895322045938559,-1.8035225132682753,52.16393148596538,33.557422969187684,2.0,0.25,107279.05,53.0,0.04588506224785238,0.1464460539243853,0.5935402085281316,-0.5,0.0
2018-05-03,,,,1380.2,1380.7,1376.0,1431.3333333333333,1384.1488984705368,19.928571428571427,63.07692307692307,-10.01976648676873,-14.631435989109153,4.611669502340423,1403.879439698281,1348.120560301719,1376.0,55.75887939656195,-25.0,62.719861014378125,62.85674792045337,62.44608720222763,25.0601228714694,22.580645161290324,11.827956989247314,12.399751830535362,100.0,1340.0,1391.0,1347.0,0,0,71193.15,11016560,1375.8456188083637,0.7222222222222222,0.2777777777777778,0.4444444444444444,4222777.777777777,-0.43134435657802284,-9.170600134861795,-1.6600944105034723,-1.8035225132682753,53.03226768015501,33.557422969187684,1.0,0.3,106237.2,3720.0,3.2191348142507348,0.13195133142620263,0.6091628027190197,-0.2,0.0
2018-05-04,,,,1378.2,1380.5,1375.0,1429.2333333333333,1382.8966224257238,20.571428571428573,55.07246376811594,-9.963516183074944,-13.697852027902313,3.7343358448273687,1402.0360383269522,1347.9639616730478,1375.0,54.07207665390433,-48.333333333333336,52.1307009937124,59.281398944873054,37.829305091391106,5.197657335194121,21.875,13.541666666666664,10.684639556117398,67.84725614720729,1400.0,1391.0,1347.0,0,0,69026.95,10929940,1373.445806070431,0.21739130434782608,0.782608695652174,0.6086956521739131,3766086.956521739,-1.4378145219266392,-9.170600134861795,-1.1261098799094182,-1.4437808744378104,53.61235595390525,33.557422969187684,1.0,0.3,106888.05,7935.0,6.652470258804977,0.13746244244335462,0.6180033271620822,-0.2,0.0
2018-05-07,,,,1378.6,1380.4,1374.65,1427.3833333333334,1382.9064679089881,20.357142857142858,54.74452554744525,-8.848636131086323,-12.728008848539115,3.8793727174527923,1401.041984429001,1348.258015570999,1374.65,52.78396885800203,-28.333333333333332,54.59507050374478,57.71928946449696,48.34663258224042,21.38861167975508,17.54385964912281,13.684210526315788,9.924607453388665,66.52997621586155,1340.0,1391.0,1347.0,0,0,68664.1,11012042,1372.982657604192,0.8333333333333334,0.16666666666666666,0.6666666666666666,4561222.222222223,-0.5751258087706268,-9.170600134861795,-0.33390914812249184,-1.4437808744378104,54.026888604353395,33.557422969187684,1.0,0.35,108041.85,-5816.0,-4.5718238558649205,0.13781465621157013,0.6630066055697096,-0.3,0.0
2018-05-08,,,,1379.2,1381.1,1374.4,1425.75,1382.6296614414653,19.071428571428573,61.98347107438016,-8.11363168999992,-11.805133416831277,3.6915017268313566,1400.471965181329,1348.328034818671,1374.4,52.14393036265801,-36.36363636363637,53.857031129480646,56.43187001949152,48.7073533494589,32.93482577099429,19.8501872659176,10.48689138576779,11.861335848450393,95.60776302349336,1400.0,1391.0,1347.0,0,0,68406.85,10959388,1372.837343287502,0.3076923076923077,0.6923076923076923,0.23076923076923078,4050307.6923076925,-0.7907979870596105,-9.170600134861795,-0.2189063711467129,-1.4437808744378104,54.22773931725949,33.557422969187684,1.0,0.4,109922.2,-52.0,-0.04283431358012013,0.12743198064612107,0.6204147560748633,0.0,0.0
2018-05-09,,,,1373.6,1377.5,1372.6,1423.85,1379.4268365422781,20.714285714285715,50.67567567567568,-9.918244943393802,-11.427755722143782,1.5095107787499806,1400.497556957661,1344.702443042339,1372.6,55.79511391532196,-87.93103448275862,39.92767592540089,50.93047198812798,17.92208379994672,-61.56485782990295,18.275862068965516,21.379310344827587,12.152484916773375,44.260350776308236,1400.0,1391.0,1347.0,0,0,74164.3,10805262,1370.9951337773025,0.1891891891891892,0.8108108108108109,0.8378378378378378,4165567.5675675673,-3.019410496045971,-9.170600134861795,-1.8169551248549018,-2.2603205972771248,54.22773931725949,33.557422969187684,1.0,0.4,114260.45,42542.0,35.0584279663112,0.14462183499072284,0.6737601817212672,-0.2,0.0
2018-05-10,,,,1367.0,1373.6,1370.9,1421.6,1376.8147568715851,19.642857142857142,41.6,-10.979771054247749,-11.338158788564575,0.35838773431682647,1399.4944418595398,1342.3055581404603,1370.9,57.18888371907951,-82.75862068965517,33.56289506137837,45.14127967921144,10.406125825712223,-65.10155930897012,13.454545454545455,22.545454545454547,13.747381248511813,3.4680851063829867,1342.0,1391.0,1347.0,0,0,76237.25,10890245,1369.5339443644675,0.2857142857142857,0.7142857142857143,0.21428571428571427,6070214.285714285,-2.803738317756954,-9.170600134861795,-1.7055176906834353,-2.2603205972771248,54.22773931725949,33.557422969187684,1.0,0.4,118038.65,-17745.0,-10.827516352631061,0.12309209738242467,0.6626122488583595,-0.5,0.0
2018-05-11,,,,1363.0,1370.6,1370.9,1419.35,1374.356208598101,19.214285714285715,35.65217391304347,-11.766097539341445,-11.42374653871995,-0.3423510006214947,1399.4944418595398,1342.3055581404603,1370.9,57.18888371907951,-84.48275862068965,28.62526337425225,39.63594091089171,6.603908300973316,-68.81009857914418,9.293680297397769,23.04832713754647,15.764739916116785,0.0,1400.0,1391.0,1347.0,0,0,76810.65,10805381,1369.3945908976598,0.25,0.75,0.08333333333333333,7072000.0,-2.8756290438533005,-9.170600134861795,0.07139217359584633,-1.4298370887548943,54.026888604353395,33.557422969187684,0.0,0.4,120547.95,4087.0,2.7965759564262394,0.12904184496732954,0.6394110345597984,-0.5,0.0
2018-05-14,,,,1359.0,1368.8,1371.2,1417.3666666666666,1373.2746649220915,19.785714285714285,45.689655172413794,-11.290813759408138,-11.397159982857588,0.10634622344944944,1399.3020695996738,1343.0979304003263,1371.2,56.20413919934754,-63.793103448275865,33.6668422495015,37.64624135709497,25.708044034314554,-48.867579666798015,11.55234657039711,23.10469314079422,17.232071034610694,36.60008410428935,1342.0,1391.0,1347.0,0,0,78375.05,10898198,1369.3767215034206,0.8095238095238095,0.19047619047619047,0.5714285714285714,4419857.142857143,-2.012940330697288,-9.170600134861795,0.4372044256243706,-1.4298370887548943,54.026888604353395,33.557422969187684,0.0,0.4,122749.5,-3082.0,-2.0515210011315954,0.1308872635904114,0.6303047769538894,-0.5,0.0
2018-05-15,,,,1356.0,1367.6,1370.95,1415.3166666666666,1372.486601596178,19.571428571428573,40.56603773584906,-10.630226025735055,-11.243773191433082,0.6135471656980265,1399.1856624072182,1342.714337592782,1370.95,56.47132481443623,-60.3448275862069,38.416783721889885,37.90308881202661,39.444173541616436,-32.44505160210992,10.21897810218978,23.35766423357664,19.405984078088956,17.917625402669152,1342.0,1391.0,1347.0,0,0,80536.85,11007768,1369.1279704052658,0.7058823529411765,0.29411764705882354,0.11764705882352941,6445294.117647058,-1.8691588785046176,-9.170600134861795,-0.2393169059526288,-1.4298370887548943,54.026888604353395,33.557422969187684,0.0,0.4,124983.8,3130.0,2.1271101204229703,0.13322726969963694,0.6893446036196644,-0.4,0.0
2018-05-16,,,,1359.2,1366.4,1371.65,1413.6333333333334,1371.7735919203515,20.071428571428573,37.00000000000001,-9.99152935660959,-10.993324424468383,1.0017950678587937,1398.4614272573167,1344.8385727426835,1371.65,53.62285451463322,-60.3448275862069,41.92324588551524,39.24314116985616,47.28345531683341,-10.799085815907032,12.811387900355871,22.77580071174377,20.784866065666595,4.91463414634152,1400.0,1391.0,1347.0,0,0,82743.0,11007768,1369.88296089498,0.2692307692307692,0.7307692307692307,0.0,4915115.384615385,-1.8691588785046176,-9.170600134861795,0.998113375347318,-1.0726076492439733,54.026888604353395,33.557422969187684,0.0,0.4,126638.75,-1447.0,-0.962882125128095,0.13672701467142073,0.6729866254547182,-0.2,0.0
2018-05-17,,,,1362.0,1364.5,1372.6,1412.2166666666667,1371.2237260231752,18.928571428571427,41.75824175824176,-9.297490321179566,-10.65415760381062,1.3566672826310544,1396.9690917264957,1348.2309082735042,1372.6,48.73818345299151,-50.0,44.97010718608817,41.152129841933494,52.606061874397525,-21.74923312746536,12.830188679245282,22.641509433962266,22.652324848018996,22.26480836236937,1342.0,1391.0,1349.0,0,0,82267.65,11063483,1370.5696489851518,0.2222222222222222,0.7777777777777778,0.1111111111111111,6190555.555555556,-1.7972681524082712,-6.151742993848297,1.3377628895555504,-1.0726076492439733,54.026888604353395,33.557422969187684,0.0,0.4,128042.35,-7699.0,-5.172981435319257,0.1350651431300668,0.6356399223551892,-0.2,0.0
2018-05-18,,,,1362.4,1362.7,1371.6,1410.7333333333333,1369.488133068587,20.357142857142858,36.53846153846153,-9.684810275515702,-10.460288138151638,0.7754778626359364,1397.4937098640141,1345.7062901359857,1371.6,51.78741972802845,-77.08333333333333,37.78148989710843,40.02858319365848,33.28730330400833,-71.82687243251675,11.929824561403507,28.7719298245614,25.499764764424434,3.2317073170731816,1390.0,1391.0,1349.0,0,0,83258.2,10951600,1369.7985850042398,0.3793103448275862,0.6206896551724138,0.4482758620689655,3858034.4827586203,-2.731847591660619,-5.205479452054817,-1.4227107853557266,-1.0726076492439733,54.026888604353395,33.557422969187684,0.0,0.4,129779.8,13203.0,9.355071847632,0.1396621748166771,0.6676483596248437,-0.2,0.0
2018-05-21,,,,1365.8,1362.4,1371.4,1409.6333333333334,1370.4892632525311,21.857142857142858,51.181102362204726,-7.724051718080773,-9.913040854137465,2.1889891360566924,1396.9499510761848,1345.8500489238154,1371.4,51.099902152369395,-24.0,50.52099326473895,43.52605321735197,64.51087335951291,10.709434292061564,17.973856209150327,22.222222222222218,26.093583806803903,56.62377568657579,1342.0,1391.0,1349.0,0,0,86739.35,11108931,1369.630146525193,0.7142857142857143,0.2857142857142857,0.6428571428571429,3745976.1904761903,-0.7907979870596105,-3.036723163841837,-0.18970750168061068,-1.0726076492439733,54.026888604353395,33.557422969187684,0.0,0.4,131023.7,-15062.0,-9.759289856481034,0.1363550026540958,0.7674255427919215,-0.2,0.0
2018-05-22,,,,1369.2,1362.6,1371.85,1408.3166666666666,1371.5855238951474,20.857142857142858,51.93798449612403,-5.940277330141043,-9.118488149338182,3.1782108191971385,1397.8319775592652,1345.8680224407346,1371.85,51.96395511853052,-20.0,60.3473288431593,49.13314509262108,82.77569634423577,46.63383717025898,18.493150684931507,21.91780821917808,25.86834589926406,59.3836263944035,1342.0,1391.0,1349.0,0,0,87405.3,11179609,1369.9263456182482,0.4166666666666667,0.5833333333333334,0.16666666666666666,5889833.333333333,-0.647016534866951,-3.019410496045971,0.659290884780052,-1.0726076492439733,54.026888604353395,33.557422969187684,0.0,0.45,131859.95,-11817.0,-8.484774507621717,0.13079478675683479,0.7325081925518507,-0.5,0.0
2018-05-23,,,,1371.6,1365.4,1371.45,1407.1666666666667,1372.1011882860857,21.142857142857142,46.82539682539683,-4.8738982247166405,-8.269570164413874,3.395671939697234,1396.8186503592144,1346.0813496407857,1371.45,50.73730071842874,-30.0,63.56488589543954,53.94372536022723,82.80720696586414,23.93237314902437,16.216216216216214,25.337837837837835,25.204147292992282,42.43324149164765,1392.0,1391.0,1349.0,0,0,89145.05,11082838,1369.8558267303308,0.5,0.5,0.22727272727272727,4398681.818181818,-1.0064701653486163,-3.019410496045971,-0.4727785062346046,-1.0726076492439733,54.026888604353395,33.557422969187684,0.0,0.45,132850.95,2088.0,1.6382124027115141,0.1238919474847532,0.7101817040895331,-0.7,0.0
2018-05-24,,,,1375.6,1368.8,1371.2,1405.4666666666667,1373.4248846397918,21.5,56.19834710743801,-3.264924301951396,-7.268640991921379,4.003716689969983,1395.8456999557982,1346.554300044202,1371.2,49.29139991159627,-24.137931034482758,67.66394691879877,58.51713254641774,85.95757566356082,65.77467934708955,19.93355481727575,22.923588039867113,24.02181389451661,78.02947598253274,1342.0,1386.0,1349.0,0,0,91609.2,11193015,1370.1792949470869,0.5,0.5,0.32142857142857145,3934892.8571428573,0.0,-3.019410496045971,-0.265938967661904,-1.0726076492439733,54.22773931725949,33.557422969187684,0.0,0.45,133875.65,-142.0,-0.10961526585561154,0.1157798063796486,0.8015136444402213,-0.7,0.0
2018-05-25,,,,1382.8,1372.6,1371.6,1403.8,1374.9082289598116,21.071428571428573,52.67857142857143,-1.7278088433524772,-6.160474562207599,4.432665718855122,1397.1581895412608,1346.041810458739,1371.6,51.11637908252169,-18.96551724137931,72.12079219873941,63.051685763858295,90.25900506850162,69.18266245349284,20.338983050847457,23.389830508474578,23.637327724820096,64.66220563006864,1342.0,1389.0,1349.0,1,0,91313.25,11262388,1370.1934905394344,0.75,0.25,0.25,5781083.333333333,0.0,-3.019410496045971,0.6047496568100698,-1.0726076492439733,54.22773931725949,33.557422969187684,0.0,0.45,134068.1,-7299.0,-5.640561969675895,0.11426106014915362,0.7701567370121979,-0.6,1.0
2018-05-28,,,,1391.6,1378.7,1373.75,1402.6666666666667,1379.583635725544,23.928571428571427,65.27777777777777,2.288196816158006,-4.470740286534478,6.758937102692484,1408.2928795312607,1339.2071204687393,1373.75,69.08575906252145,-11.827956989247312,77.47120913607716,67.85819355459792,96.69724029903566,139.1559602227087,29.85074626865672,20.597014925373138,22.74297042020638,100.0,1342.0,1424.0,1349.0,1,0,97243.0,11431210,1373.696669340381,0.7924528301886793,0.20754716981132076,0.660377358490566,3185320.754716981,0.0,-3.019410496045971,2.4782401269246574,-1.0726076492439733,54.33873561796363,33.557422969187684,1.0,0.45,135996.05,27753.0,22.72917127343308,0.1082138658241733,0.7695372338144056,-0.3,0.0
2018-05-29,,,,1400.4,1384.8,1376.2,1401.5,1384.0042418469206,22.142857142857142,83.47826086956522,5.5681078392372,-2.462970661380142,8.031078500617342,1417.9188585401146,1334.4811414598855,1376.2,83.43771708022905,-9.67741935483871,81.75499963910521,72.49046224943368,100.28407441844826,129.21845398831329,32.25806451612903,11.290322580645162,25.623117648179694,100.0,1342.0,1426.0,1349.0,1,0,97045.6,11501980,1375.4827021180422,0.8461538461538461,0.15384615384615385,0.15384615384615385,5443846.153846154,0.0,-3.019410496045971,2.8301282833110233,-1.0726076492439733,54.33873561796363,33.557422969187684,1.0,0.5,136908.65,-16098.0,-10.742312620115314,0.10170081875817338,0.7644494792523043,-0.3,0.0
2018-05-30,,,,1409.6,1390.6,1378.5,1400.2666666666667,1387.7181235757853,22.0,80.86956521739131,7.835068238068288,-0.40336288149045596,8.238431119558744,1425.1814512920512,1331.8185487079488,1378.5,93.36290258410236,-12.903225806451612,83.53559115725292,76.17217188537343,98.26242970101191,107.21857742742658,33.116883116883116,11.363636363636363,27.312587950788686,94.54545454545455,1435.0,1426.0,1349.0,0,0,96437.5,11436289,1377.2240053575288,0.4166666666666667,0.5833333333333334,0.25,5474250.0,-0.21037868162693263,-3.019410496045971,2.656482220490419,-1.0726076492439733,54.81011319157939,33.557422969187684,1.0,0.55,137662.2,-3128.0,-2.3385517127947453,0.0950903688050031,0.7156226313896888,0.0,0.0
2018-05-31,,,,1419.2,1397.4,1380.95,1399.2,1392.1259213304725,22.785714285714285,83.2,10.399381163214457,1.7571859274505268,8.64219523576393,1433.8032227767617,1328.0967772232384,1380.95,105.70644555352328,-8.0,86.12517671353093,79.48984016142593,99.39584981774092,104.72876798656412,35.73667711598746,10.9717868338558,28.061973564788968,99.40719629497684,1342.0,1434.0,1349.0,1,0,98847.05,11560490,1380.447911866532,0.6521739130434783,0.34782608695652173,0.4782608695652174,5400043.47826087,0.0,-3.019410496045971,2.7933211608896116,-1.0726076492439733,55.15172101449275,33.557422969187684,1.0,0.55,138973.9,14883.0,11.393248105335685,0.08958550231947848,0.7160440088668637,0.3,0.0
2018-06-01,,,,1431.6,1407.2,1384.95,1398.65,1397.732976441856,22.928571428571427,83.84615384615384,13.646072131198252,4.134963168200072,9.51110896299818,1446.0916818803105,1323.8083181196896,1384.95,122.28336376062089,-3.5398230088495577,89.25199046819665,82.74389026368284,102.26819087722427,109.02592267166133,37.38317757009346,10.280373831775702,29.742645833696535,100.0,1342.0,1451.0,1349.0,1,0,98617.4,11642517,1383.3987430210084,0.8260869565217391,0.17391304347826086,0.7391304347826086,3566391.304347826,0.0,-3.019410496045971,4.5838183993757005,-1.0164184013410587,55.556102362204726,33.557422969187684,1.0,0.6,139601.65,-5744.0,-3.9474136331461795,0.08695105003822327,0.7197888106152085,0.3,0.0
2018-06-04,,,,1435.8,1413.7,1388.05,1398.0,1402.2345977331079,23.428571428571427,79.85074626865672,15.555632608892893,6.419097056338636,9.136535552554257,1454.8047751100635,1321.2952248899364,1388.05,133.50955022012704,-16.260162601626018,86.10065357812437,83.8628113684967,90.57633799737971,98.01358013252084,38.71951219512195,10.060975609756099,31.144043349224486,91.55442300691666,1465.0,1451.0,1349.0,0,0,98678.0,11559203,1386.40738428694,0.16666666666666666,0.8333333333333334,0.25,3471416.6666666665,-0.4135079255685681,-3.019410496045971,3.5545326402791315,-1.0164184013410587,55.9640788703065,33.557422969187684,1.0,0.6,140600.15,1599.0,1.1440305074801982,0.08078644514969804,0.6123447695363841,-0.1,0.0
2018-06-05,,,,1440.2,1420.3,1391.45,1397.4666666666667,1406.5932074728119,22.5,80.2919708029197,17.113771073082034,8.558031859687317,8.555739213394718,1463.2170940575747,1319.6829059424254,1391.45,143.5341881151494,-13.821138211382113,84.6405790879252,84.12206727497286,85.67760271382988,77.95933810856225,35.87301587301587,12.063492063492065,32.69182007580916,92.48709275413923,1342.0,1451.0,1349.0,0,0,99117.0,11620637,1388.3284677031522,0.9230769230769231,0.07692307692307693,0.23076923076923078,4725692.307692308,-0.2067539627842785,-3.019410496045971,3.9118966448815518,-1.0164184013410587,56.503393133104886,33.557422969187684,1.0,0.6,141363.25,-4760.0,-3.367098636183574,0.07410190401083036,0.5964688236632731,-0.1,0.0
2018-06-06,,,,1444.4,1427.0,1396.2,1397.1,1410.1557591420678,23.285714285714285,77.85714285714286,17.820417777810462,10.410509043311947,7.409908734498515,1468.70872905705,1323.69127094295,1396.2,145.0174581141,-17.073170731707318,81.52509194096974,83.25640883030516,78.06245816229892,71.55291852738792,37.11656441717791,11.656441717791413,34.44479746106274,87.34030197444834,1465.0,1451.0,1351.0,0,0,95002.85,11548794,1393.0773792575696,0.35,0.65,0.2,3592150.0,-0.4824259131633202,-2.8756290438533005,6.672796783011027,-0.4404167166986317,58.239930490907966,33.557422969187684,1.0,0.65,140181.05,3636.0,2.6616303583977485,0.06444911920316512,0.5983474458634899,-0.4,0.0
2018-06-07,,,,1449.4,1434.3,1401.55,1397.0666666666666,1414.807591604728,23.214285714285715,87.32394366197182,19.367557870941937,12.201918808837947,7.16563906210399,1476.0885100044206,1327.0114899955793,1401.55,149.07702000884137,-8.403361344537815,83.8519770027921,83.45493155446746,84.64606789944136,76.54503138861104,40.92307692307692,4.9230769230769225,37.097953145924045,100.0,1350.0,1459.0,1351.0,1,0,94851.2,11630744,1397.5605794479493,0.6428571428571429,0.35714285714285715,0.5357142857142857,2926785.714285714,0.0,-2.8756290438533005,7.340308945034365,-0.4404167166986317,60.319746507273514,33.557422969187684,1.0,0.7,139924.2,762.0,0.5433387524599986,0.06380974329209634,0.5438758625802722,-0.4,0.0
2018-06-08,,,,1449.8,1440.7,1406.65,1396.7333333333333,1418.444963832849,21.428571428571427,80.16528925619835,19.88035927871215,13.73760690281279,6.142752375899359,1480.581048957761,1332.7189510422393,1406.65,147.86209791552164,-15.533980582524272,79.35810812531818,82.08932374475104,73.89567688645246,65.50727489074106,37.333333333333336,5.333333333333333,41.70015988227713,82.3236758724677,1469.0,1459.0,1353.0,0,0,93402.55,11574853,1401.253617808079,0.47058823529411764,0.5294117647058824,0.35294117647058826,3287705.882352941,-0.4112405757368043,-2.731847591660619,6.909868007107751,-0.4404167166986317,60.69858100732887,33.557422969187684,1.0,0.75,138973.15,-9797.0,-6.947931293703813,0.06321279574256679,0.5116946161295582,-0.2,0.0
2018-06-11,,,,1450.2,1443.0,1410.85,1396.3333333333333,1421.1644910868633,21.5,76.0,19.576937483903066,14.905473019030847,4.671464464872219,1483.878545248056,1337.8214547519437,1410.85,146.05709049611232,-21.359223300970875,71.85965378289185,78.67943375746465,58.22009383374626,55.381268069644946,37.2093023255814,5.315614617940199,46.45197586290667,72.0386420093845,1469.0,1459.0,1353.0,0,0,91270.75,11524672,1404.7590865638772,0.15384615384615385,0.8461538461538461,0.46153846153846156,3860076.923076923,-0.8224811514736086,-2.731847591660619,5.6355576401900604,-0.4404167166986317,62.20216147488875,33.557422969187684,1.0,0.8,138149.65,-531.0,-0.4046978484707586,0.06333797210161769,0.47062734915128274,0.1,0.0
2018-06-12,,,,1452.4,1446.3,1415.55,1396.1833333333334,1424.7678728881144,21.571428571428573,81.06060606060606,20.073379810090728,15.939054377242824,4.134325432847904,1488.2526387705782,1342.8473612294217,1415.55,145.40527754115647,-10.309278350515465,74.57310252192791,77.3106566789524,69.09799420787891,52.90650117809112,37.74834437086092,4.304635761589404,50.56457154454402,81.92157509761869,1372.0,1459.0,1353.0,0,0,88723.7,11583301,1408.9190539468786,0.9565217391304348,0.043478260869565216,0.5217391304347826,2549086.956521739,0.0,-2.731847591660619,6.219170543957509,-0.4404167166986317,63.51709401709402,33.557422969187684,1.0,0.85,137102.9,-1335.0,-1.0215950657340933,0.061782865689439116,0.4713419514381013,0.1,0.0
2018-06-13,,,,1451.4,1447.9,1419.25,1395.8833333333334,1426.1233135654368,21.357142857142858,68.53146853146853,18.638132290037447,16.47886995980175,2.1592623302356984,1488.5741812447702,1349.9258187552298,1419.25,138.64836248954043,-33.70786516853933,56.02170798759158,70.2143404484988,27.636443065777144,38.416590205531755,34.11371237458194,5.016722408026755,55.377587985467436,45.757618062518254,1469.0,1459.0,1353.0,0,0,86415.9,11501664,1413.5592321551937,0.16,0.84,0.8,3265480.0,-1.3708019191226994,-2.731847591660619,4.536584033342069,-0.9726396567174826,65.92851592851594,33.853123858238945,1.0,0.9,135875.75,-5055.0,-3.9082130459321296,0.06226204351260262,0.5002551265972788,0.4,0.0
2018-06-14,,,,1448.0,1448.7,1423.05,1395.4,1427.6353789401571,21.285714285714285,68.53146853146853,17.540566486120497,16.6912092650655,0.8493572210549978,1488.2960121789652,1357.8039878210348,1423.05,130.4920243579304,-31.03448275862069,44.21055042310027,61.54641044003263,9.538830389235557,32.15396024303728,34.22818791946309,5.033557046979865,60.190604426390856,14.758533392073803,1382.0,1459.0,1353.0,0,0,85691.35,11542888,1415.7593203203512,0.36363636363636365,0.6363636363636364,0.2727272727272727,3747636.3636363633,-1.1651816312542862,-2.731847591660619,4.655743743579101,-0.9726396567174826,68.53146853146853,33.853123858238945,1.0,0.95,134628.25,-8106.0,-6.521949021627194,0.070031181703202,0.4549834592485773,0.1,0.0
2018-06-15,,,,1452.8,1451.3,1429.25,1395.3,1432.336771422047,20.714285714285715,68.53146853146853,19.272780554434803,17.20752352293936,2.0652570314954417,1489.870910062754,1368.629089937246,1429.25,121.24182012550818,-10.144927536231885,58.04512885349541,60.37931657785356,53.37675340477912,64.99202672143878,32.41379310344828,5.1724137931034475,64.05730935167023,0.0,1382.0,1477.0,1377.0,1,0,87064.35,11682231,1423.7156325560732,0.8444444444444444,0.15555555555555556,0.7777777777777778,3096511.111111111,0.0,-1.3708019191226994,6.998212276159908,-0.46137262524627404,68.53146853146853,33.853123858238945,1.0,1.0,133339.85,12385.0,10.659998967137764,0.06213254171845401,0.5865528522843126,0.2,0.0
2018-06-19,,,,1455.4,1452.8,1433.25,1395.25,1434.9713646199473,22.0,60.759493670886066,19.054170145798707,17.576852847511233,1.477317298287474,1490.660341998767,1375.839658001233,1433.25,114.82068399753416,-36.36363636363637,55.70355529008538,58.82072948193084,49.469206906394476,56.886336778254076,30.51948051948052,4.87012987012987,65.79508907110133,0.0,1484.0,1477.0,1377.0,0,0,82960.4,11606979,1430.271997643856,0.2903225806451613,0.7096774193548387,0.5483870967741935,2427483.870967742,-1.1509817197021044,-1.3708019191226994,4.561948353837383,-1.1619727296731335,68.53146853146853,33.853123858238945,1.0,1.0,131704.8,-21995.0,-17.107811491284696,0.07656311226644497,0.650974695799896,0.2,0.0
2018-06-20,,,,1456.4,1454.4,1437.35,1395.3166666666666,1437.7359965609046,22.5,62.893081761006286,18.984840963581973,17.858450470725383,1.12639049285659,1490.9342671332247,1383.7657328667751,1437.35,107.16853426644957,-30.76923076923077,56.86359468318618,58.16835121568262,54.25408161819328,52.77367181992646,29.206349206349206,4.761904761904762,67.44205388062838,8.031742011734439,1419.0,1477.0,1377.0,0,0,82545.6,11669361,1433.5971075381365,0.47368421052631576,0.5263157894736842,0.21052631578947367,3283263.1578947366,-0.8801624915368844,-1.3708019191226994,4.667124763758648,-1.1619727296731335,68.53146853146853,34.30889597218197,1.0,1.0,130910.35,4995.0,4.686972187816685,0.08416950159353526,0.6721468361906542,0.5,0.0
2018-06-21,,,,1460.8,1456.1,1441.55,1396.55,1439.9516159360564,22.0,58.94039735099338,18.474855524937993,17.981731481567905,0.49312404337008786,1487.8964073438103,1395.2035926561896,1441.55,92.69281468762074,-44.23076923076923,55.5961379520561,57.31094679447378,52.16652026722073,50.760448160877466,25.974025974025974,4.87012987012987,68.5421194808706,0.0,1484.0,1477.0,1386.0,0,0,80262.2,11618258,1437.9875130094447,0.1875,0.8125,0.1875,3193937.5,-1.0832769126607689,-1.3708019191226994,4.815181439162429,-1.1619727296731335,68.53146853146853,35.41829085457271,1.0,1.0,129878.45,-2661.0,-2.385113877759548,0.09293004292412167,0.6346272726198497,0.5,0.0
2018-06-22,,,,1463.0,1455.5,1444.9,1397.85,1441.1943191802416,21.785714285714285,50.70422535211267,17.226577981556602,17.830700781565646,-0.6041228000090442,1483.3538000311576,1406.4461999688426,1444.9,76.90760006231494,-63.265306122448976,49.30898992722108,54.64362783872288,38.63971410421746,19.9197220745642,21.9672131147541,10.491803278688524,67.00574735626319,0.0,1484.0,1477.0,1389.0,0,0,79258.3,11528159,1442.378413575192,0.6,0.4,0.4,4504950.0,-1.6249153689911644,-1.6249153689911644,3.80209176868666,-1.1619727296731335,68.53146853146853,36.36120401337792,1.0,1.0,129139.55,5718.0,5.250399427028807,0.09713034399502553,0.7208706660104311,0.4,0.0
2018-06-25,,,,1456.6,1454.7,1447.7,1398.8333333333333,1441.5567649725997,21.142857142857142,50.0,15.41409183809219,17.347378992870958,-1.9332871547787676,1475.7683376590323,1419.6316623409678,1447.7,56.13667531806459,-79.59183673469387,39.67538103991609,49.65421223912062,19.717718641507034,8.286187993536373,19.256756756756754,10.81081081081081,64.81573933058101,0.0,1484.0,1477.0,1423.0,0,0,78662.3,11470706,1445.074335058429,0.06666666666666667,0.9333333333333333,0.5333333333333333,3830200.0,-2.16655382532156,-2.16655382532156,3.148861396863119,-1.1619727296731335,68.53146853146853,36.80077986529599,1.0,0.95,128369.2,-7928.0,-6.916527079843659,0.10469311059265513,0.6118021808844267,0.3,-1.0
2018-06-26,,,,1449.4,1452.4,1447.7,1399.65,1439.8846921180666,22.0,42.592592592592595,12.143179995342507,16.306539193365268,-4.163359198022761,1475.7683376590323,1419.6316623409678,1447.7,56.13667531806459,-93.75,28.53358735994406,42.614003946061764,0.3727541877086509,-72.18230871512915,18.506493506493506,16.558441558441558,61.66478800082172,0.0,1484.0,1477.0,1423.0,0,0,75191.1,11371308,1447.5377573498283,0.17391304347826086,0.8260869565217391,0.9130434782608695,4321652.173913043,-3.588354773188862,-3.588354773188862,0.06984328220897978,-1.3749261830281456,68.53146853146853,36.97327188940093,0.0,0.9,126907.4,13924.0,13.050161205668442,0.09880504494238768,0.6353911512888291,0.0,0.0
2018-06-27,,,,1442.4,1449.4,1447.85,1400.5833333333333,1438.848054773489,21.357142857142858,45.398773006134974,9.840976357913632,15.013426626274942,-5.17245026836131,1475.4583511392052,1420.2416488607946,1447.85,55.216702278410594,-85.9375,23.709891573296044,36.31263315513986,-1.4955915903915837,-79.85411366048042,16.387959866220736,17.05685618729097,58.07898386784778,6.273408574648094,1420.0,1477.0,1423.0,0,0,74158.15,11421419,1448.0484770273622,0.6363636363636364,0.36363636363636365,0.45454545454545453,4555545.454545455,-3.249830737982351,-3.588354773188862,0.24888848201626995,-1.3749261830281456,68.53146853146853,37.945454545454545,0.0,0.85,125757.3,-9864.0,-8.177748300447686,0.1027898473833003,0.6140513875711875,-0.3,0.0
2018-06-28,,,,1438.0,1449.4,1448.65,1401.5666666666666,1438.8625257474423,20.714285714285715,43.67088607594937,8.722828478356405,13.755306996691235,-5.03247851833483,1474.0667371294953,1423.2332628705049,1448.65,50.833474258990464,-70.3125,25.702427715530696,32.77589800860347,11.555487129385156,-49.46950913673867,17.24137931034483,17.586206896551722,52.540884516206,2.803091155859622,1420.0,1477.0,1424.0,0,0,75055.3,11505053,1448.5184739341082,0.631578947368421,0.3684210526315789,0.5263157894736842,4401789.473684211,-2.572782667569362,-3.588354773188862,1.0118389435882678,-1.3749261830281456,68.53146853146853,40.089193825042884,0.0,0.8,125066.3,6054.0,5.466069558308351,0.1041161527451006,0.66340012616091,-0.2,0.0
2018-06-29,,,,1438.8,1450.9,1449.8,1402.25,1440.589904247686,21.928571428571427,51.17647058823529,9.183278675531255,12.840901332459241,-3.6576226569279857,1474.4968994430335,1425.1031005569664,1449.8,49.39379888606709,-42.1875,37.027424928633366,34.193073648613435,42.69612748867323,0.6230368887677914,21.824104234527688,16.61237785016287,48.152264661484445,22.314326168103985,1420.0,1477.0,1424.0,0,0,73980.15,11607751,1450.0127453107355,0.8235294117647058,0.17647058823529413,0.5294117647058824,3020529.411764706,-1.3540961408259666,-3.588354773188862,1.3777508180670248,-1.3749261830281456,68.53146853146853,40.77592944066094,0.0,0.8,123054.8,-11527.0,-9.868161972433864,0.10403573675913588,0.701281637231312,-0.1,0.0
2018-07-02,,,,1440.4,1448.5,1449.9,1403.2833333333333,1441.7718181288587,22.357142857142858,51.78571428571429,9.120289186987065,12.096778903364807,-2.976489716377742,1474.633527213382,1425.1664727866182,1449.9,49.46705442676375,-48.4375,45.05532032279261,37.81382254000649,59.538315888364835,7.182554835920437,21.405750798722043,16.293929712460063,43.7636448067629,23.89809315411067,1484.0,1477.0,1424.0,0,0,73704.15,11531244,1450.304579411969,0.631578947368421,0.3684210526315789,0.21052631578947367,4026684.210526316,-1.6249153689911644,-3.588354773188862,0.1871411876846016,-1.3749261830281456,68.53146853146853,41.44568047337278,0.0,0.8,121740.35,8197.0,7.78568239886781,0.10133699610448993,0.7284247351811028,-0.4,0.0
2018-07-03,,,,1447.0,1448.2,1450.5,1404.4,1443.2221211642056,21.214285714285715,49.375,9.286091847677653,11.534641492227378,-2.2485496445497244,1475.315105755935,1425.684894244065,1450.5,49.63021151187013,-42.1875,52.876386388034575,42.83467715601585,72.95980485207203,27.484240658273297,21.885521885521886,14.47811447811448,39.538131329280915,26.147653519720407,1420.0,1477.0,1424.0,0,0,71949.0,11579455,1450.4937316710448,0.7142857142857143,0.2857142857142857,0.5714285714285714,6887285.714285715,-1.3540961408259666,-3.588354773188862,0.7748626085458282,-1.3749261830281456,68.53146853146853,41.72659340659341,0.0,0.8,120143.65,-4046.0,-3.5653859710962243,0.09749641995524427,0.6517226577484263,-0.3,1.0
2018-07-04,,,,1453.8,1448.1,1451.25,1405.7,1445.1057286723765,20.642857142857142,58.21917808219178,9.78880228727644,11.18547365123719,-1.3966713639607509,1476.646850198283,1425.853149801717,1451.25,50.79370039656578,-32.8125,61.79413413523292,49.1544961490882,87.07341010752236,60.86133400047295,27.68166089965398,14.186851211072664,36.52901922925973,60.24388075421114,1420.0,1477.0,1424.0,0,0,73775.15,11677412,1451.6911511983824,0.35294117647058826,0.6470588235294118,0.35294117647058826,5762176.470588235,-0.9478672985781755,-3.588354773188862,0.9458341555596026,-1.3749261830281456,68.53146853146853,42.42572242572243,0.0,0.8,119258.85,9478.0,8.66092804795584,0.09269126586199138,0.7259891043032733,0.0,0.0
2018-07-05,,,,1457.8,1447.9,1452.0,1406.9333333333334,1446.4289926083406,21.0,55.78231292517007,9.752022121295113,10.898783345248775,-1.1467612239536624,1477.3813026913474,1426.6186973086526,1452.0,50.7626053826948,-39.0625,65.27016349756269,54.52638526524636,86.75771996219535,40.52947727041249,27.2108843537415,14.965986394557822,33.291396636798424,50.84923634955728,1484.0,1477.0,1424.0,0,0,73470.65,11611659,1452.3859552533336,0.3125,0.6875,0.25,4109562.5,-1.2186865267433733,-3.588354773188862,0.9482935066047966,-1.3749261830281456,68.53146853146853,42.937123169681314,0.0,0.8,117506.2,-13721.0,-11.538784983853601,0.08770095060617562,0.7078088589216759,-0.1,0.0
2018-07-06,,,,1458.8,1448.8,1452.15,1408.2,1447.9119456932606,19.285714285714285,43.47826086956522,9.851387836024287,10.689304243403878,-0.8379164073795913,1477.7400885417178,1426.5599114582824,1452.15,51.18017708343541,-32.25806451612903,69.43936825763438,59.497379596042364,89.32334558081843,30.884987589345624,16.666666666666668,18.88888888888889,28.56089204964246,4.362792786051031,1420.0,1477.0,1424.0,0,0,72904.1,11682278,1452.4844336601097,0.7142857142857143,0.2857142857142857,0.14285714285714285,3362809.523809524,-1.0155721056194666,-3.588354773188862,0.24796790601247293,-1.3749261830281456,68.53146853146853,43.387259858442874,0.0,0.8,115993.55,5562.0,5.2875245981120145,0.07571322983593318,0.6402446470423708,0.2,0.0
2018-07-09,,,,1460.2,1450.3,1452.5,1410.0166666666667,1449.063188960569,17.928571428571427,50.0,9.657427779632371,10.482928950649578,-0.8255011710172067,1478.3293998136007,1426.6706001863993,1452.5,51.65879962720146,-25.925925925925927,70.65188653073062,63.21554857427178,85.5245624436483,36.089113029696804,17.928286852589643,20.318725099601593,23.8303874624865,36.488812392426844,1474.0,1477.0,1424.0,0,0,72813.65,11628196,1452.755719108528,0.4166666666666667,0.5833333333333334,0.16666666666666666,4506833.333333333,-1.15098171970206,-3.588354773188862,0.49084833295374997,-1.3749261830281456,68.53146853146853,43.63236103467254,0.0,0.8,114726.0,-4895.0,-4.419744837611628,0.07222472184250309,0.607585180069859,0.5,0.0
2018-07-10,,,,1462.8,1454.9,1453.65,1411.9,1451.0571709643243,18.214285714285715,52.83018867924528,10.193129413175711,10.424969043154807,-0.23183962997909546,1480.4771268837362,1426.822873116264,1453.65,53.654253767472255,-19.35483870967742,73.16186374775981,66.53098696543445,86.42361731241053,69.63660695255578,23.52941176470588,20.0,19.26935112574923,62.62367478662116,1420.0,1477.0,1424.0,0,0,74619.15,11714487,1453.864733784826,0.4782608695652174,0.5217391304347826,0.43478260869565216,3751782.608695652,-0.4739336492890711,-3.588354773188862,1.4489919210615463,-1.3749261830281456,68.53146853146853,44.612965093977756,0.0,0.8,114128.9,12878.0,12.165353586880535,0.0654146729592023,0.6648247982810997,0.8,0.0
2018-07-11,,,,1463.6,1458.7,1454.05,1413.5166666666667,1452.5755356343886,18.0,52.83018867924528,10.257361411955344,10.391447516914916,-0.13408610495957163,1481.4455432409663,1426.6544567590336,1454.05,54.79108648193278,-24.193548387096776,72.67394690102226,68.57864027729705,80.86456014847269,54.868881490364835,23.80952380952381,20.238095238095237,14.961283659787023,65.51396716491054,1482.0,1477.0,1424.0,0,0,74387.25,11660496,1454.4511949292385,0.38461538461538464,0.6153846153846154,0.23076923076923078,4153153.8461538455,-0.6770480704129778,-3.588354773188862,0.5539490265779907,-1.3749261830281456,68.53146853146853,45.05319562009785,0.0,0.8,113091.1,-10149.0,-8.547534025064007,0.05867863784356913,0.5995121919390629,0.7,0.0
2018-07-12,,,,1469.2,1463.5,1456.45,1415.7833333333333,1455.8540560501613,18.571428571428573,64.40677966101694,11.786234215421473,10.670404856616226,1.1158293588052466,1486.5688872373296,1426.3311127626705,1456.45,60.23777447465909,-6.944444444444445,78.51465741113903,71.89064598857772,91.76268025626166,91.08632480084633,29.615384615384613,13.076923076923075,15.203083901587265,99.99999999999999,1420.0,1487.0,1424.0,1,0,74907.2,11752532,1456.6153562897382,0.8214285714285714,0.17857142857142858,0.7142857142857143,3287000.0,0.0,-3.588354773188862,3.04604772645036,-1.166096993578591,68.53146853146853,45.63147873915803,0.0,0.8,113013.75,14154.0,13.034709495611807,0.057571762073712174,0.6244636116121105,0.8,0.0
2018-07-13,,,,1474.0,1466.4,1458.65,1418.1,1458.7250983310983,18.571428571428573,68.46846846846847,12.769980893744787,11.09032006404194,1.679660829702847,1490.691256299606,1426.6087437003941,1458.65,64.0825125992119,-13.157894736842104,78.87371718565731,74.21833638760425,88.18447878176343,97.67093891277422,31.15384615384615,13.076923076923075,16.115918014225972,100.0,1496.0,1487.0,1424.0,0,0,76016.6,11689120,1458.2796672042684,0.3333333333333333,0.6666666666666666,0.06666666666666667,4227466.666666666,-0.06724949562879612,-3.588354773188862,2.7910242198846253,-1.166096993578591,68.53146853146853,46.598248494800224,0.0,0.8,112935.2,-8130.0,-6.623703570933914,0.05733861682527416,0.6075944430794097,0.7,0.0
2018-07-16,,,,1479.2,1469.7,1459.1,1419.9833333333333,1461.3227080138508,17.357142857142858,84.44444444444444,13.395195745493993,11.551295200332351,1.8439005451616417,1492.4523454551893,1425.7476545448105,1459.1,66.70469091037876,-13.513513513513514,79.1130903686695,75.84992104795933,85.63942901008986,85.9291346777893,33.33333333333333,4.11522633744856,21.292091047541856,100.0,1496.0,1487.0,1424.0,0,0,71033.2,11689120,1458.2684291758408,0.25,0.75,0.0,4959375.0,-0.06724949562879612,-3.588354773188862,0.7474951562889325,-1.166096993578591,70.02517482517484,46.598248494800224,0.0,0.8,112259.2,436.0,0.38041723743793554,0.04782645287476784,0.5743878646813486,0.6,0.0
2018-07-17,,,,1481.0,1471.9,1460.05,1421.5666666666666,1463.0062596315793,17.714285714285715,77.17391304347827,13.173980079536705,11.875832176173223,1.298147903363482,1494.5721515459607,1425.5278484540393,1460.05,69.04430309192139,-24.63768115942029,74.51076772877286,75.4035366082305,72.7252299698576,57.99635257034486,32.66129032258064,8.870967741935484,25.24077343311745,82.25235849056605,1496.0,1487.0,1424.0,0,0,70416.6,11626200,1458.9003688997577,0.4375,0.5625,0.4375,3932500.0,-0.5379959650302801,-3.588354773188862,1.6335608618691528,-0.5957201065924943,76.23478260869565,46.598248494800224,0.0,0.8,112351.05,-6638.0,-5.769815814406288,0.04700931571686672,0.5451174415687063,0.5,0.0
2018-07-18,,,,1482.6,1473.1,1460.6,1423.2666666666667,1464.1485206190478,17.0,70.93023255813952,12.531443816128103,12.006954504164199,0.5244893119639045,1495.7322314151031,1425.4677685848967,1460.6,70.26446283020641,-31.34328358208955,68.72146420013429,73.1761791388651,59.8120343226727,48.00502916940128,28.57142857142857,9.243697478991596,28.82084572606103,67.01129881526983,1496.0,1487.0,1424.0,0,0,69172.7,11588696,1459.155086953861,0.1111111111111111,0.8888888888888888,0.4444444444444444,4167111.1111111115,-0.8069939475454091,-3.588354773188862,0.9631274697213432,-0.5957201065924943,76.23478260869565,46.598248494800224,0.0,0.8,111923.95,-5384.0,-4.966377330295457,0.05073741885852276,0.5184802282043064,0.5,0.0
2018-07-19,,,,1479.8,1474.5,1461.2,1424.7333333333333,1464.991518655329,15.5,61.42857142857143,11.72567957766114,11.950699518863589,-0.22501994120244895,1496.7681702767507,1425.6318297232494,1461.2,71.13634055350121,-41.81818181818182,60.44845580821961,68.9336046953166,43.478158034025626,38.24864581033505,23.502304147465438,12.442396313364055,30.05012492144192,43.81738544474394,1496.0,1487.0,1424.0,0,0,69077.9,11539489,1459.516023214371,0.3076923076923077,0.6923076923076923,0.15384615384615385,3785153.846153846,-0.941492938802968,-3.588354773188862,1.0496908623578662,-0.5957201065924943,76.23478260869565,47.07208573450612,0.0,0.8,111574.45,-1109.0,-1.0764377578257656,0.05445234322393437,0.46507624667519976,0.4,0.0
2018-07-20,,,,1478.4,1476.2,1462.5,1426.2,1466.3256597357738,14.857142857142858,68.05555555555556,11.439389310171464,11.848437477125165,-0.40904816695370094,1498.70119218732,1426.29880781268,1462.5,72.40238437463995,-34.69387755102041,58.31698855683109,65.39473264915476,44.16150037218375,37.396029771565615,24.519230769230766,12.98076923076923,31.27940411682281,59.994103773584904,1447.0,1487.0,1424.0,0,0,66886.95,11585769,1460.6034333553355,1.0,0.0,0.6,4628000.0,-0.5379959650302801,-3.588354773188862,2.2549116803978984,-0.5957201065924943,76.23478260869565,47.07208573450612,0.0,0.8,110723.0,-4321.0,-4.239766081871343,0.06121798623382106,0.4492611256716148,0.2,0.0
2018-07-23,,,,1475.6,1477.4,1463.85,1427.7166666666667,1466.8660730942715,15.5,60.0,10.526319849201627,11.584013951540458,-1.0576941023388304,1499.3095395819262,1428.3904604180736,1463.85,70.91907916385253,-48.97959183673469,48.68191393984819,59.82379307938591,26.398155660772744,22.31377989502219,23.502304147465438,15.207373271889402,31.35498990669431,40.33018867924528,1496.0,1487.0,1424.0,0,0,66418.9,11537677,1461.4793311843466,0.5625,0.4375,0.4375,3005750.0,-1.0087424344317641,-3.588354773188862,2.365367747209765,-0.5222924869745071,76.23478260869565,47.07208573450612,0.0,0.85,110213.8,-1083.0,-1.1096879963112816,0.06756218469240555,0.47994946003969996,0.3,0.0
2018-07-24,,,,1477.4,1479.2,1467.05,1429.5,1468.8788280376743,16.142857142857142,64.70588235294117,10.967347253294065,11.46068061189118,-0.49333335859711447,1498.7158540984321,1435.3841459015678,1467.05,63.33170819686438,-19.607843137254903,56.264133102755935,58.63723975384258,51.51791980058266,61.30264352287777,24.336283185840706,14.601769911504427,30.83846098107448,51.81742508324084,1447.0,1488.0,1429.0,1,0,65181.35,11612324,1465.3789568130555,0.6,0.4,0.64,2985880.0,0.0,-3.249830737982351,6.304626486323664,-0.4711747324817545,76.23478260869565,47.07208573450612,0.0,0.9,108811.75,-3933.0,-4.075140915119368,0.07354802068198069,0.52513172984623,0.1,0.0
2018-07-25,,,,1479.2,1480.9,1469.8,1431.2833333333333,1470.3189396531338,15.5,64.70588235294117,10.868809210878908,11.342306331688727,-0.4734971208098191,1496.7549331486148,1442.8450668513851,1469.8,53.909866297229655,-27.45098039215686,57.50942206850395,58.26130052539637,56.0056651547191,60.29290240451083,25.345622119815665,13.824884792626728,30.865568598314923,51.81742508324084,1498.0,1488.0,1439.0,0,0,64654.95,11572741,1467.4689236219863,0.0,1.0,0.5714285714285714,5654714.285714285,-0.26881720430107503,-2.572782667569362,5.331065550912719,-0.4711747324817545,76.23478260869565,47.07208573450612,0.0,0.95,107536.0,-7338.0,-7.926203566683587,0.08889148492925894,0.5451992480430131,0.1,0.0
2018-07-26,,,,1479.6,1479.7,1471.6,1432.9166666666667,1470.7647549242638,15.0,57.142857142857146,9.949797249318408,11.063804515214663,-1.1140072658962552,1494.3794921618442,1448.8205078381557,1471.6,45.55898432368849,-53.48837209302326,49.768186140907396,55.430262397233385,38.44403362825541,26.407784731206,26.19047619047619,16.666666666666668,32.00644161418794,20.7373271889401,1498.0,1488.0,1453.0,0,0,62246.75,11537271,1469.783963285901,0.21428571428571427,0.7857142857142857,0.6428571428571429,2533571.4285714286,-0.8736559139784994,-1.6249153689911644,3.4232381684316313,-0.47995157724768645,76.23478260869565,48.86507936507937,0.0,1.0,105773.0,-3691.0,-4.33007590244131,0.1031840747329155,0.5356249881043935,0.1,0.0
2018-07-27,,,,1480.0,1479.2,1472.8,1434.5166666666667,1471.739540169572,15.142857142857142,61.05263157894737,9.595018108502472,10.770047233872226,-1.175029125369754,1494.8582959687787,1450.7417040312212,1472.8,44.11659193755759,-43.58974358974359,50.32164790346207,53.72739089930961,43.510161911767,22.5991763830383,25.943396226415093,17.924528301886795,32.86569660650745,26.00865559123273,1459.0,1488.0,1453.0,0,0,59633.45,11587703,1471.8495377454544,0.8571428571428571,0.14285714285714285,0.42857142857142855,3602285.714285714,-0.47043010752688685,-1.6249153689911644,2.523118691267603,-0.47995157724768645,76.23478260869565,48.86507936507937,0.0,1.0,104498.05,-1766.0,-2.1655426118945442,0.11834663414917672,0.5672054014882691,0.1,0.0
2018-07-30,,,,1483.8,1479.7,1474.7,1436.5166666666667,1473.5738696772316,14.357142857142858,61.05263157894737,10.005433105202428,10.617124408138267,-0.6116913029358386,1496.1142107266694,1453.2857892733307,1474.7,42.828421453338706,-19.444444444444443,60.214431935641386,55.889737911420205,68.86381998408375,66.74897415421113,24.875621890547265,18.905472636815922,33.26057200138284,26.00865559123273,1459.0,1491.0,1457.0,1,0,57905.0,11629641,1473.8018136027404,0.8333333333333334,0.16666666666666666,0.8333333333333334,3494833.3333333335,0.0,-1.3540961408259666,3.9001412818273016,-0.47995157724768645,76.23478260869565,48.86507936507937,0.0,1.0,102527.35,-5718.0,-7.166850496340116,0.13562303449585253,0.5807901992985381,-0.1,0.0
2018-07-31,,,,1482.0,1479.7,1475.8,1438.1166666666666,1474.0906439936857,14.785714285714286,55.769230769230774,9.255696329338207,10.344838792378255,-1.089142463040048,1495.5840978138842,1456.0159021861157,1475.8,39.568195627768546,-54.285714285714285,55.38104986185616,55.72017522823219,54.70279912910411,42.18037634531129,25.603864734299513,20.289855072463766,33.508489091405195,0.0,1498.0,1491.0,1459.0,0,0,57378.4,11591962,1474.8845387230504,0.10526315789473684,0.8947368421052632,0.631578947368421,1983105.2631578948,-0.8048289738430747,-1.2186865267433733,2.1333094165725597,-0.6163870012528022,76.23478260869565,48.86507936507937,0.0,1.0,100600.55,-3168.0,-4.277266222018195,0.1538615988430262,0.5258197336794332,0.1,0.0
2018-08-01,,,,1482.4,1480.8,1476.95,1439.8833333333334,1475.2248683752396,13.928571428571429,49.45054945054945,9.121222259024535,10.10011548570751,-0.9788932266829757,1496.2697471922509,1457.6302528077492,1476.95,38.63949438450163,-34.285714285714285,58.82546181266601,56.7552707563768,62.96584392524443,24.68551774658546,18.461538461538463,24.615384615384613,31.761844487617733,0.0,1463.0,1491.0,1459.0,0,0,54986.75,11642086,1476.0886028603861,0.9375,0.0625,0.4375,3132750.0,-0.3353454057679506,-1.2186865267433733,2.211012772827225,-0.6163870012528022,76.23478260869565,48.86507936507937,0.0,1.0,98130.05,-1396.0,-1.969025924567691,0.16633240699272034,0.577184161678218,-0.1,0.0
2018-08-02,,,,1483.0,1481.3,1477.9,1442.0333333333333,1475.4891666252167,13.642857142857142,45.91836734693878,8.273742890442463,9.7348409666545,-1.4610980762120374,1495.2739066295542,1460.526093370446,1477.9,34.74781325910817,-57.142857142857146,53.502688827491625,55.67107678008174,49.16591292231139,11.58878859597632,16.75392670157068,25.13089005235602,30.271161257804067,0.0,1498.0,1491.0,1460.0,0,0,53498.45,11606099,1477.1361889923915,0.2727272727272727,0.7272727272727273,0.7272727272727273,3271545.4545454546,-0.8718980549966449,-1.15098171970206,1.8063243092529764,-0.6163870012528022,76.23478260869565,46.64399092970522,0.0,1.0,96164.75,-3617.0,-5.2041667865672885,0.18439899103577556,0.5994364455496516,-0.1,0.0
2018-08-03,,,,1479.2,1479.6,1477.9,1443.8666666666666,1474.2044840894819,16.357142857142858,39.473684210526315,6.239122383542735,9.035697250032149,-2.7965748664894132,1495.2739066295542,1460.526093370446,1477.9,34.74781325910817,-93.47826086956522,37.84237226180601,49.728175273989834,14.070766237438363,-21.824787231173875,22.2707423580786,27.947598253275107,25.505616243811847,0.0,1505.0,1491.0,1460.0,0,0,54964.85,11506152,1478.1373465648198,0.06521739130434782,0.9347826086956522,0.34782608695652173,2172760.8695652173,-1.9450033534540556,-1.9450033534540556,0.047825048491788515,-0.8187147240683663,76.23478260869565,46.64399092970522,0.0,0.95,94174.85,5070.0,7.695226531076882,0.19363292890195938,0.7547345075575775,-0.2,0.0
2018-08-06,,,,1474.0,1478.9,1478.15,1445.7666666666667,1473.3278665571502,16.214285714285715,43.636363636363626,4.81326161735592,8.191210123496903,-3.3779485061409833,1494.556353069654,1461.7436469303461,1478.15,32.81270613930792,-81.63265306122449,31.35069715412918,43.60234923403628,6.847392994314973,-108.2531754756463,22.466960352422905,24.22907488986784,21.683618494354857,13.233109303148188,1456.0,1491.0,1462.0,0,0,55514.6,11571229,1478.1401754373323,0.6428571428571429,0.35714285714285715,0.21428571428571427,4648357.142857143,-1.7437961099933008,-1.9450033534540556,0.47449718111405753,-0.8187147240683663,76.23478260869565,46.64399092970522,0.0,0.9,91950.75,-9579.0,-13.500105700796283,0.21109355578177913,0.8535496524927082,-0.2,0.0
2018-08-07,,,,1471.8,1476.9,1478.05,1447.5166666666667,1472.8204506945644,17.642857142857142,46.78899082568807,3.8805984915129557,7.329087797100114,-3.4484893055871586,1494.6882564874113,1461.4117435125886,1478.05,33.27651297482271,-75.51020408163265,29.0637300755419,38.75614284787149,9.678904530882733,-60.14065304202609,27.125506072874494,22.267206477732792,18.735400955973386,25.59421854102628,1456.0,1491.0,1462.0,0,0,54829.0,11643808,1478.2377947801347,0.3793103448275862,0.6206896551724138,0.10344827586206896,2502724.1379310344,-1.542588866532546,-1.9450033534540556,-0.1281615688381704,-0.8187147240683663,76.23478260869565,46.81811562545508,0.0,0.85,88819.75,-5260.0,-8.570125130344108,0.22412066018422572,1.0059338127012134,-0.4,0.0
2018-08-08,,,,1468.4,1475.4,1478.15,1449.25,1472.456598247463,17.642857142857142,48.14814814814815,3.1854282534138747,6.500355888362867,-3.314927634948992,1494.5306689662843,1461.7693310337158,1478.15,32.761337932568495,-73.46938775510205,28.219357465327256,35.243881053690075,14.170310288601627,-68.85620032472121,27.125506072874494,20.24291497975709,17.575449796022223,30.349531116794562,1456.0,1491.0,1462.0,0,0,53912.55,11679470,1478.4559238371526,0.46153846153846156,0.5384615384615384,0.07692307692307693,2743230.769230769,-1.4755197853789648,-1.9450033534540556,0.2217406155641289,-0.8187147240683663,76.23478260869565,47.883597883597886,0.0,0.8,85954.35,-4837.0,-8.619645021027866,0.24437898635674413,1.0007863126636307,-0.4,0.0
2018-08-09,,,,1459.2,1471.1,1475.4,1450.3666666666666,1468.6035888905617,21.142857142857142,33.093525179856115,-0.3470889217740023,5.130866926335494,-5.477955848109496,1501.2530258840623,1449.546974115938,1475.4,51.706051768124325,-76.84210526315789,26.532203222498875,32.33998844329301,14.916632780910604,-184.7398352182818,22.635135135135133,34.7972972972973,16.890252640236834,0.0,1505.0,1491.0,1432.0,0,1,53031.3,11605059,1474.4848205996586,0.9565217391304348,0.043478260869565216,1.608695652173913,3235260.8695652173,-3.9570757880617258,-3.9570757880617258,-3.86476015868773,-1.1543527903234223,76.23478260869565,47.883597883597886,1.0,0.75,83958.25,31540.0,61.50665964624895,0.22796670477011033,1.0712399323512196,-0.7,0.0
2018-08-10,,,,1452.8,1466.0,1472.6,1451.4333333333334,1464.92705661527,21.428571428571427,34.32835820895522,-3.2703193134823323,3.450629678371929,-6.720948991854261,1504.9363897993696,1440.2636102006302,1472.6,64.67277959873945,-78.94736842105263,24.70567934131504,29.795218742633686,14.526600538677755,-121.242284748388,26.33333333333334,32.333333333333336,16.090159875858355,3.9061719514875377,1505.0,1491.0,1430.0,0,1,55478.05,11492712,1469.5647365639804,0.25,0.75,0.1,5617350.0,-4.0912139503689,-4.0912139503689,-3.942372890905432,-1.1543527903234223,76.23478260869565,47.883597883597886,1.0,0.7,82816.05,8948.0,10.804284041101674,0.21556800066617976,1.0343732575674678,-0.7,0.0
2018-08-13,,,,1448.2,1461.1,1470.4,1452.9166666666667,1462.7435274138156,21.928571428571427,32.30769230769231,-4.566065981476186,1.8472905464023062,-6.413356527878491,1504.8178656176976,1435.9821343823025,1470.4,68.83573123539509,-66.3157894736842,27.698523069648623,29.096320184972,24.902928839001873,-96.64952821250544,20.846905537459282,34.527687296416936,16.069151472497012,0.0,1410.0,1491.0,1430.0,0,0,57501.35,11572853,1466.5895070289655,0.7878787878787878,0.21212121212121213,0.36363636363636365,2428515.1515151514,-3.2863849765258246,-4.0912139503689,-2.9389120499541495,-1.1543527903234223,76.23478260869565,47.883597883597886,1.0,0.65,81820.1,3361.0,3.6625366417121663,0.20118728704305291,0.9908040443854965,-0.4,0.0
2018-08-14,,,,1447.4,1459.6,1469.65,1454.3166666666666,1462.8631914696425,25.142857142857142,43.24324324324324,-3.774231422422872,0.7229861526372705,-4.497217575060143,1503.932264863982,1435.3677351360182,1469.65,68.56452972796387,-43.1578947368421,37.41305046748504,31.86856361247635,48.50202417750242,-8.343580103473997,30.96590909090909,30.113636363636363,14.067978910448938,38.04339550818424,1410.0,1491.0,1430.0,0,0,64439.5,11774536,1466.0153053122178,0.4117647058823529,0.5882352941176471,0.43137254901960786,3954568.6274509802,-1.810865191146882,-4.0912139503689,-0.859825734498468,-1.1543527903234223,76.23478260869565,46.81811562545508,1.0,0.6,82617.3,29225.0,30.721764359599703,0.21931471968127436,1.0565009048214626,-0.1,0.0
2018-08-15,,,,1445.6,1457.0,1468.9,1455.6166666666666,1462.5905065677719,25.571428571428573,44.75524475524475,-3.4299253556725944,-0.10759614902470249,-3.322329206647892,1503.3453801041594,1434.4546198958408,1468.9,68.89076020831862,-47.36842105263158,42.48589329411283,35.40767350635518,56.64233286962812,-25.33728210587577,30.446927374301673,26.256983240223462,13.008474648974232,43.303457106273996,1505.0,1491.0,1430.0,0,0,66672.9,11692364,1465.3262989910443,0.5,0.5,0.2,4108600.0000000005,-2.079141515761229,-4.0912139503689,-0.8623066998488771,-1.1543527903234223,76.23478260869565,46.61486612993821,1.0,0.55,83422.95,-5215.0,-4.193706625493554,0.2324077855172358,1.055355061700454,0.1,0.0
2018-08-16,,,,1441.8,1450.5,1465.9,1456.2166666666667,1457.867601180365,29.928571428571427,31.521739130434796,-6.870370171117429,-1.4601509534432477,-5.4102192176741815,1508.3606319212474,1423.4393680787528,1465.9,84.92126384249468,-87.61904761904762,32.93385794075607,34.58306831782214,29.635437186623932,-93.69317236907555,27.20763723150358,33.65155131264917,12.459093606234557,0.0,1505.0,1491.0,1413.0,0,1,74926.4,11478087,1459.8728966025326,0.17333333333333334,0.8266666666666667,0.6266666666666667,2857026.6666666665,-5.231388329979858,-5.231388329979858,-2.8434747358097034,-2.5537431110530835,76.23478260869565,45.81444847877802,2.0,0.5,84810.5,10529.0,8.837650455773982,0.25519454552383775,1.2061631017512755,0.1,0.0
2018-08-17,,,,1441.4,1447.1,1463.35,1456.9166666666667,1455.023067734616,30.571428571428573,33.33333333333333,-8.290999355057238,-2.826320633766046,-5.464678721291192,1508.536281103824,1418.1637188961759,1463.35,90.37256220764812,-73.33333333333333,31.884983308021777,33.683706647888684,28.287536628287967,-91.8722061162745,24.299065420560748,32.943925233644855,12.563784833374765,7.471264367816022,1400.0,1491.0,1413.0,0,0,78700.8,11599855,1456.6075575682416,0.8095238095238095,0.19047619047619047,0.7142857142857143,5798476.190476191,-4.22535211267604,-5.231388329979858,-2.324760786551896,-2.5537431110530835,76.23478260869565,45.27006735595693,2.0,0.45,85634.4,-15594.0,-12.026190164035565,0.2622067411712366,1.1748017377108302,0.2,0.0
2018-08-20,,,,1439.6,1443.9,1461.4,1457.65,1452.9256327122716,31.428571428571427,37.362637362637365,-8.910683195977526,-4.043193146208342,-4.867490049769184,1508.3463299388854,1414.4536700611147,1461.4,93.89265987777071,-68.57142857142857,32.95878319825565,33.442065498011004,31.992218598744955,-76.25043739477059,24.31818181818182,32.04545454545455,12.715979837012892,32.57828114590269,1400.0,1491.0,1413.0,0,0,81944.95,11712830,1454.0655578328299,0.8387096774193549,0.16129032258064516,0.16129032258064516,3644354.8387096776,-3.890006706908089,-5.231388329979858,-1.753182223323988,-2.5537431110530835,76.23478260869565,44.53837301938568,2.0,0.4,86334.8,-3553.0,-3.11467218360173,0.26666369143976826,1.2107534970760354,-0.1,0.0
2018-08-21,,,,1432.6,1440.0,1458.45,1457.7333333333333,1450.6470010253886,31.571428571428573,34.07821229050279,-9.61373255059084,-5.157301027084841,-4.456431523505998,1505.7718543035958,1411.1281456964043,1458.45,94.64370860719146,-72.38095238095238,32.25621007543285,33.04678035715162,30.675069511995304,-61.63662502598057,24.43438914027149,30.542986425339365,12.48922246739838,15.375979006316955,1505.0,1491.0,1413.0,0,0,81582.45,11645433,1451.5815035382404,0.4444444444444444,0.5555555555555556,0.2222222222222222,3744277.777777778,-4.158283031522436,-5.231388329979858,-2.776328375120157,-2.5537431110530835,76.23478260869565,43.66398158803222,2.0,0.35,86884.0,-6957.0,-6.294788273615637,0.2682701916273211,1.0165382719900833,-0.2,-1.0
2018-08-22,,,,1430.0,1437.8,1456.6,1458.0833333333333,1450.2996675943994,32.285714285714285,41.798941798941804,-8.619099052916681,-5.84966063225121,-2.7694384206654714,1502.5903880117096,1410.6096119882902,1456.6,91.98077602341937,-55.23809523809524,38.17080671695523,34.75478914375282,45.00284186336005,-32.0438811813,26.327433628318584,29.86725663716814,11.510594795857324,61.81252161881701,1400.0,1491.0,1413.0,0,0,84192.2,11737211,1450.242333810812,0.8571428571428571,0.14285714285714285,0.8571428571428571,4370380.952380952,-2.951039570757863,-5.231388329979858,-1.6274074792472328,-2.5537431110530835,71.94418604651163,43.604743083003946,2.0,0.3,88309.75,10193.0,9.842318202446808,0.27247856713541907,1.0399534400743922,-0.1,0.0
2018-08-23,,,,1437.2,1439.5,1455.3,1458.5166666666667,1450.1758897282662,30.071428571428573,46.285714285714285,-7.582060283480359,-6.19614056249704,-1.3859197209833196,1500.5646021800728,1410.035397819927,1455.3,90.52920436014574,-47.87234042553192,42.82309100279284,37.44422309676616,53.58082681484622,-10.799017019095917,25.890736342042754,28.266033254156767,11.016424587728304,88.79833967485295,1400.0,1491.0,1413.0,0,0,87186.45,11832566,1449.707687184572,0.3333333333333333,0.6666666666666666,0.13333333333333333,6357000.0,-2.8169014084506783,-5.231388329979858,-1.1251995296456199,-2.5537431110530835,69.01122133680273,43.604743083003946,2.0,0.25,89841.25,-1576.0,-1.385421428320266,0.27358083341334144,0.8794534852158751,0.0,1.0
2018-08-24,,,,1444.8,1443.1,1454.55,1459.05,1451.6829478493837,30.714285714285715,50.26455026455026,-5.327034919580456,-6.022319433913723,0.6952845143332675,1498.499612296886,1410.600387703114,1454.55,87.89922459377203,-29.78723404255319,51.95298265434416,42.280476282625486,71.2979953977815,8.310773416111928,26.976744186046513,27.209302325581397,10.777538847992291,100.0,1400.0,1491.0,1413.0,0,0,89573.45,11930738,1449.393291390101,1.0,0.0,0.7391304347826086,4268347.826086957,-1.6767270288396863,-5.231388329979858,-0.5870956537636234,-2.5537431110530835,68.53146853146853,43.604743083003946,2.0,0.25,91639.0,3559.0,3.172579782492413,0.2740494163461641,0.8356058918628572,0.3,0.0
2018-08-27,,,,1451.2,1445.4,1453.25,1459.2833333333333,1452.9512385303947,29.428571428571427,49.19786096256684,-3.5793422849626495,-5.533724004123508,1.9543817191608586,1494.0879338617815,1412.4120661382185,1453.25,81.67586772356299,-30.851063829787233,63.524210658451665,49.36172107456754,91.84918982621991,25.261342115173075,25.0,28.398058252427187,10.529508190125568,94.30880835136924,1494.0,1486.0,1413.0,0,0,90659.45,11867080,1449.0054478600962,0.6363636363636364,0.36363636363636365,0.09090909090909091,5787090.909090909,-1.4131897711978314,-5.231388329979858,-1.0933497793025349,-2.5537431110530835,68.53146853146853,43.604743083003946,2.0,0.25,93289.35,-8666.0,-7.487536612550649,0.26779271507889063,0.7500690502894912,0.5,1.0
2018-08-28,,,,1457.4,1445.0,1452.3,1459.5333333333333,1453.6225491465475,29.857142857142858,47.64397905759162,-2.5681376021714186,-4.94060672373309,2.3724691215616716,1491.4655057684597,1413.1344942315402,1452.3,78.3310115369195,-36.170212765957444,69.01614043896778,55.91319419603428,95.22203292483476,22.077206802953704,25.119617224880383,29.425837320574164,10.055566926710624,86.01825954384879,1494.0,1486.0,1413.0,0,0,91647.0,11809650,1448.6618945519222,0.42105263157894735,0.5789473684210527,0.2631578947368421,3022631.5789473685,-1.7496635262449378,-5.231388329979858,-0.7884388584840136,-2.5537431110530835,68.48106848106849,43.604743083003946,2.0,0.25,95158.45,1207.0,1.1272683122729443,0.25866836205164606,0.7259893650347768,0.2,0.0
2018-08-29,,,,1459.2,1444.6,1450.8,1459.6666666666667,1453.8489730373526,26.428571428571427,57.594936708860764,-2.0657050147747213,-4.365626381941416,2.2999213671666947,1486.692236369067,1414.907763630933,1450.8,71.7844727381339,-40.42553191489362,71.53159362597853,61.11932733934903,92.35612619923754,15.985251552509643,28.37837837837838,18.91891891891892,9.971533313265244,100.0,1494.0,1478.0,1413.0,0,0,91619.45,11760077,1447.9937622415327,0.36363636363636365,0.6363636363636364,0.36363636363636365,4506636.363636364,-1.4884979702300294,-5.231388329979858,-1.3023831724670802,-2.5537431110530835,68.13813813813815,43.604743083003946,2.0,0.25,97072.45,-498.0,-0.4599187292205431,0.2471861973968423,0.6566174945973706,0.1,0.0
2018-08-30,,,,1459.4,1448.3,1449.4,1459.7666666666667,1453.4824041766524,25.857142857142858,56.17283950617284,-2.1271529304635806,-3.9179316916458493,1.7907787611822688,1482.9317602783162,1415.868239721684,1449.4,67.06352055663228,-46.808510638297875,70.08356241731903,64.10740569867237,82.03587585461236,3.073777677834182,25.69060773480663,21.2707182320442,9.913282740308789,94.54575067591777,1494.0,1469.0,1413.0,0,0,92470.0,11707079,1447.4540443747521,0.4166666666666667,0.5833333333333334,0.5,4416500.0,-1.2933968686180686,-5.231388329979858,-1.218514407199725,-2.5537431110530835,65.37581699346406,43.604743083003946,2.0,0.25,99107.2,-1202.0,-1.1152140431611945,0.23118528690745516,0.5860659836939058,0.3,0.0
2018-08-31,,,,1453.4,1449.1,1448.1,1459.3833333333334,1451.8174133026855,25.142857142857142,48.17073170731708,-3.2678639421235403,-3.787918141741388,0.5200541996178476,1481.590925715143,1414.609074284857,1448.1,66.98185143028604,-61.702127659574465,56.722374944879355,61.645728780741365,46.87566727315533,-13.350324342858578,25.852272727272727,21.875,8.743814953193944,63.854816912285216,1494.0,1469.0,1413.0,0,0,90925.9,11638014,1445.7779396922842,0.0,1.0,0.6086956521739131,3002826.0869565215,-2.2464261402314056,-5.231388329979858,-1.1434188298056713,-2.5537431110530835,64.70588235294117,43.604743083003946,2.0,0.25,100842.9,-911.0,-0.8547569900544172,0.21778837856390246,0.5471417271772697,0.2,-1.0
2018-09-03,,,,1444.6,1447.9,1445.9,1458.85,1448.8824215595725,23.785714285714285,36.30573248407643,-5.32092397755946,-4.094519308905003,-1.2264046686544567,1480.4795802232354,1411.3204197767648,1445.9,69.15916044647065,-72.0,45.89572471072765,56.39572742407013,24.895719284042684,-72.72348772602189,13.813813813813814,32.432432432432435,11.519842911946155,18.348318572172772,1494.0,1469.0,1413.0,0,0,91932.5,11552805,1444.0119455397528,0.48484848484848486,0.5151515151515151,0.45454545454545453,2582090.909090909,-3.2675289312457,-5.231388329979858,-1.9721122518117038,-2.5537431110530835,64.46660019940178,43.431257344300825,2.0,0.25,103185.65,2562.0,2.4245521392272096,0.19320955353208155,0.5856935939383975,-0.1,0.0
2018-09-04,,,,1435.2,1446.3,1443.15,1458.2833333333333,1445.4650480777086,23.571428571428573,35.40372670807453,-7.506986125236381,-4.777012672171279,-2.729973453065102,1479.052059756106,1407.2479402438942,1443.15,71.80411951221186,-82.66666666666667,34.63755384755581,49.143002898565356,5.626655745536709,-79.38280966343731,13.939393939393938,32.72727272727273,13.867741318957863,14.888805126272082,1494.0,1469.0,1413.0,0,0,91005.65,11498763,1442.130632914916,0.23529411764705882,0.7647058823529411,0.47058823529411764,3178941.1764705884,-3.812117086453326,-5.231388329979858,-2.4904833879565995,-2.5537431110530835,63.19582134100842,43.113113113113116,2.0,0.25,105605.2,-3724.0,-3.440788683464069,0.15696766693199946,0.5830394933434564,0.2,-1.0
2018-09-05,,,,1419.6,1439.4,1438.6,1456.9333333333334,1439.0398054036411,22.5,38.25503355704697,-11.926185971704172,-6.206847332077858,-5.719338639626313,1482.811929802219,1394.3880701977807,1438.6,88.42385960443835,-81.57894736842105,29.23205344223019,42.50601974645364,2.6841208337832967,-133.60977243152652,13.015873015873014,34.92063492063492,16.37539338640736,20.285964400350135,1494.0,1466.0,1378.0,0,1,98295.95,11317295,1436.2713109407525,0.35,0.65,0.5833333333333334,3024466.6666666665,-6.002728512960454,-6.002728512960454,-3.8671992313647405,-2.5537431110530835,61.721473495058405,42.43386243386244,3.0,0.25,109594.75,26563.0,25.417436152602214,0.10673170680522762,0.7679543815130193,-0.1,0.0
2018-09-06,,,,1403.4,1431.4,1435.45,1455.7666666666667,1432.3693477461513,22.785714285714285,29.370629370629374,-15.970559800455703,-8.159589825753427,-7.810969974702276,1489.5200325600692,1381.3799674399309,1435.45,108.14006512013839,-89.47368421052632,22.996807557978023,36.00294901696177,-3.0154753599894804,-126.16604619372322,12.852664576802507,34.48275862068965,18.560630773699078,0.0,1494.0,1466.0,1369.0,0,1,100361.95,11201564,1433.0219123548982,0.28,0.72,0.36,4629240.0,-6.616643929058686,-6.616643929058686,-2.953378500723799,-2.5141082317812127,61.12781954887218,41.33389028125871,2.0,0.25,111431.8,-11510.0,-8.781567101548793,0.09008397290374737,0.8620971744936744,-0.1,0.0
2018-09-07,,,,1386.0,1419.7,1431.4,1454.2166666666667,1424.4294098655655,23.428571428571427,23.41772151898735,-20.55266966856061,-10.638205794314864,-9.914463874245747,1497.895429205755,1364.9045707942453,1431.4,132.99085841150963,-93.84615384615384,17.382487089934067,29.796128374619204,-7.444795479436209,-122.37748068697896,10.670731707317074,38.71951219512195,21.637805490658742,0.0,1494.0,1466.0,1349.0,0,1,103486.95,11026717,1426.5828441814806,0.2,0.8,0.5,4371175.0,-7.98090040927697,-7.98090040927697,-3.745239694624028,-2.5141082317812127,61.05263157894737,39.22995407983045,2.0,0.25,113653.55,16642.0,13.91937102709937,0.09123069979604821,0.9881242605343189,-0.4,0.0
2018-09-10,,,,1373.2,1408.9,1427.15,1452.2166666666667,1418.0075613069403,23.428571428571427,27.77777777777777,-23.27024669150842,-13.164613973753575,-10.105632717754844,1501.2261343767682,1353.073865623232,1427.15,148.1522687535362,-87.6923076923077,15.959909426076264,25.184055391771558,-2.488382505314327,-103.21302891113766,10.365853658536585,38.71951219512195,24.97015292238505,12.757201646090495,1341.0,1466.0,1349.0,0,0,103961.8,11116355,1423.1754527464254,0.6111111111111112,0.3888888888888889,0.4444444444444444,4979888.888888889,-7.435197817189665,-7.98090040927697,-3.9430192379200077,-2.5141082317812127,60.81812125249833,38.07655431816505,2.0,0.25,114811.15,-17922.0,-13.158397086680074,0.0822446770958395,0.9822357584596645,-0.3,0.0
2018-09-11,,,,1360.6,1397.9,1421.45,1450.3833333333334,1411.5306507062792,24.285714285714285,17.88079470198676,-25.69261904063842,-15.670214987130546,-10.022404053507874,1500.9337951044433,1341.9662048955568,1421.45,158.96759020888658,-85.21126760563381,16.02455500199956,22.130888595180892,3.8118878156368936,-98.17795324023587,6.764705882352941,42.352941176470594,29.695572723951777,0.0,1471.0,1466.0,1349.0,0,0,99340.15,11007105,1414.5380416008363,0.6363636363636364,0.36363636363636365,0.21212121212121213,3310606.0606060605,-7.912687585266054,-7.98090040927697,-5.67808785012039,-2.5141082317812127,60.21052631578948,37.151256386925176,2.0,0.25,114684.3,3536.0,2.9895164017585296,0.08130120488308164,1.0581819054455734,-0.6,0.0
2018-09-12,,,,1356.2,1387.9,1416.25,1448.5833333333333,1406.2420173056812,25.142857142857142,20.0,-26.819063256730033,-17.899984641050445,-8.919078615679588,1498.6683806785775,1333.8316193214225,1416.25,164.83676135715496,-80.98591549295774,17.606113591076628,20.622630260479472,11.573080252270941,-80.15549629180151,4.545454545454545,40.909090909090914,35.09657523021743,5.336147757255928,1329.0,1466.0,1349.0,0,0,100244.0,11107354,1409.5643474921192,0.7037037037037037,0.2962962962962963,0.2222222222222222,3712925.9259259263,-7.50341064120057,-7.98090040927697,-5.095116943753104,-2.5141082317812127,59.152317880794705,36.12533132887605,2.0,0.25,114154.35,-13277.0,-10.899225060747353,0.08198248531073167,0.9660038716739529,-0.5,0.0
2018-09-13,,,,1353.4,1378.4,1413.35,1446.8166666666666,1401.3618251813307,25.5,10.071942446043167,-27.475746750742246,-19.815137062988807,-7.660609687753439,1500.2117170837164,1326.4882829162834,1413.35,173.72343416743297,-81.69014084507042,19.68847939710919,20.311246639356046,18.44294491261548,-67.89535957373353,4.201680672268908,40.05602240896358,40.852537635824,0.0,1471.0,1466.0,1349.0,0,0,94243.15,11013094,1404.6215827534063,0.4642857142857143,0.5357142857142857,0.03571428571428571,3366428.5714285714,-7.5716234652114744,-7.98090040927697,-3.5883338625778176,-1.5117243254616342,58.57534246575343,35.18865300825067,1.0,0.25,113249.8,3037.0,2.7980725822054797,0.07616781310517301,0.9413700907948839,-0.8,0.0
2018-09-14,,,,1353.2,1369.6,1409.35,1445.0666666666666,1396.2797465926324,25.571428571428573,9.655172413793096,-28.235533001028216,-21.49921625059669,-6.736316750431527,1500.626964292866,1318.0730357071338,1409.35,182.55392858573214,-86.61971830985915,19.654862553399255,20.092451944037116,18.779683772123533,-65.49473496363883,3.3519553072625694,39.94413407821229,46.43485854072555,0.0,1471.0,1466.0,1348.0,0,1,90664.3,10962903,1401.867647464327,0.08333333333333333,0.9166666666666666,0.5833333333333334,4182583.333333333,-8.049113233287875,-8.049113233287875,-5.247390243936223,-1.5117243254616342,58.57534246575343,34.27832902526474,1.0,0.25,112991.0,-2679.0,-2.401053990105395,0.07679801188802916,0.7768041783286452,-0.5,0.0
2018-09-17,,,,1352.0,1362.6,1405.25,1443.5,1391.9673897742864,25.785714285714285,11.88811188811188,-28.269718433576827,-22.853316687192716,-5.4164017463841105,1499.3761751167026,1311.1238248832974,1405.25,188.2523502334052,-83.58208955223881,21.436575035599503,20.540492974557914,23.228739157682682,-58.15902349238034,4.1551246537396125,39.33518005540166,51.64892874809109,4.657802363347293,1329.0,1466.0,1348.0,0,0,88911.45,11040821,1398.163980942087,0.4090909090909091,0.5909090909090909,0.13636363636363635,3541727.2727272725,-7.8444747612551495,-8.049113233287875,-5.393295758270151,-1.5117243254616342,58.57534246575343,33.9292364990689,1.0,0.25,113141.75,4638.0,4.259070497809847,0.07652759061219018,0.7624931346362106,-0.2,0.0
2018-09-18,,,,1353.0,1356.8,1401.55,1442.35,1388.4466859862591,26.071428571428573,14.685314685314694,-27.65525153960698,-23.81370365767557,-3.841547881931408,1497.5444625595676,1305.5555374404323,1401.55,191.98892511913527,-80.0,29.233578759365187,23.438188236160336,40.82435980577489,-52.985421897059965,4.10958904109589,38.90410958904109,55.99833730132131,10.813401844792011,1329.0,1466.0,1348.0,0,0,88737.3,11104735,1395.3051430082578,0.8,0.2,0.26666666666666666,4260933.333333333,-7.5716234652114744,-8.049113233287875,-4.803459620293472,-1.5117243254616342,58.57534246575343,33.28537170263789,1.0,0.25,113330.35,-6200.0,-5.460871097018538,0.07480820155106131,0.7022168110919125,-0.1,0.0
2018-09-19,,,,1354.2,1355.2,1397.3,1441.2333333333333,1385.927953987568,27.785714285714285,19.444444444444443,-26.300267488324607,-24.311016423805377,-1.9892510645192303,1492.343701859476,1302.256298140524,1397.3,190.08740371895192,-74.61538461538461,40.642898660089614,29.173091710803426,63.58251255866199,-46.675575545439905,6.169665809768637,37.789203084832906,60.463913005287104,25.416408875301773,1329.0,1466.0,1348.0,0,0,90217.3,11226113,1390.106575272518,0.8611111111111112,0.1388888888888889,0.19444444444444445,3371611.1111111115,-7.094133697135085,-8.049113233287875,-5.853327993668361,-1.5117243254616342,58.57534246575343,32.93635860542335,1.0,0.25,113328.35,6381.0,5.9449387431872225,0.07480863071683388,0.7309681025546494,0.2,0.0
2018-09-20,,,,1355.2,1354.3,1392.85,1439.9166666666667,1383.458625036371,27.428571428571427,21.212121212121204,-25.098496308677795,-24.468512400779865,-0.6299839078979304,1486.017139000126,1299.6828609998738,1392.85,186.3342780002522,-71.55963302752293,50.05822873635604,36.134804052654296,77.90507810375952,-32.350045455129504,7.552083333333335,35.93750000000001,64.53077927275218,40.40910807377873,1438.0,1466.0,1348.0,0,0,89698.8,11141128,1385.6193182071554,0.2222222222222222,0.7777777777777778,0.1111111111111111,4721388.888888889,-7.230559345156918,-8.049113233287875,-6.17492628873109,-1.5117243254616342,58.57534246575343,32.15050167224081,1.0,0.25,112737.6,-13351.0,-11.740652150972597,0.079477451335388,0.7313589013487735,0.5,0.0
2018-09-21,,,,1359.4,1356.3,1388.0,1438.45,1382.0816131281451,26.214285714285715,29.365079365079367,-23.152966224240572,-24.205403165472006,1.0524369412314343,1475.030545152084,1300.969454847916,1388.0,174.06109030416792,-58.76288659793814,63.00178212053366,45.090463408614085,98.8244195443728,-26.122275209691836,7.90190735694823,29.155313351498638,65.75172219537578,68.9160931675902,1329.0,1465.0,1348.0,0,0,88270.1,11210726,1380.789174741315,0.8125,0.1875,0.5625,4349875.0,-6.552901023890801,-8.049113233287875,-7.052647561769223,-1.5117243254616342,58.57534246575343,31.091517178473712,1.0,0.2,111899.1,-1396.0,-1.390923130573407,0.0843300545000884,0.7798242777364941,0.3,0.0
2018-09-25,,,,1362.6,1357.3,1383.1,1437.0166666666667,1380.6452690207027,26.285714285714285,30.83333333333333,-21.524383209661437,-23.669199174309895,2.1448159646484584,1462.5849207810782,1303.6150792189217,1383.1,158.9698415621565,-56.81818181818182,67.5331029739728,52.57134326373365,97.4566223944511,-19.241091976732584,9.510869565217392,29.076086956521742,66.49775684483095,74.04987322651995,1417.0,1460.0,1348.0,0,0,87839.1,11155688,1377.383755449832,0.3888888888888889,0.6111111111111112,0.1111111111111111,3057666.6666666665,-6.3698630136986285,-8.049113233287875,-7.145451736984858,-1.5117243254616342,58.57534246575343,30.540792540792538,1.0,0.15,111543.85,999.0,1.009406986025918,0.08746366156666689,0.7526773990939843,-0.1,0.0
2018-09-26,,,,1366.4,1359.7,1378.8,1435.6333333333334,1380.0123862568264,22.785714285714285,47.82608695652174,-19.444731181604766,-22.82430557576887,3.3795743941641057,1449.5987511040282,1308.0012488959717,1378.8,141.59750220805654,-22.413793103448278,75.51852255002441,60.22040302583058,106.11476159841209,-11.647504658434247,10.9717868338558,17.241379310344826,64.82110384367462,100.0,1329.0,1456.0,1348.0,0,0,88166.6,11219668,1374.4288305700045,0.9090909090909091,0.09090909090909091,0.6363636363636364,5816363.636363636,-5.631868131868146,-8.049113233287875,-6.067822185946088,-1.5117243254616342,58.57534246575343,30.540792540792538,1.0,0.1,110769.8,-7169.0,-7.171294814340589,0.09574587354141369,0.7714742553312808,-0.1,0.0
2018-09-27,,,,1365.0,1359.6,1373.75,1433.8333333333333,1377.6302542323667,22.642857142857142,43.13725490196078,-19.10945131709741,-22.08133472403458,2.9718834069371702,1435.1473255031754,1312.3526744968246,1373.75,122.7946510063507,-50.0,67.36695829576095,62.60258811580737,76.89569865566811,-21.040780050191692,11.35646687697161,20.82018927444795,63.65798959135118,87.71621767324368,1381.0,1450.0,1348.0,0,0,88714.65,11159134,1371.6750444637198,0.08695652173913043,0.9130434782608695,0.8260869565217391,2631913.043478261,-6.551724137931059,-8.049113233287875,-6.870542803841723,-1.5117243254616342,58.07594936708862,30.540792540792538,1.0,0.05,109583.45,-8744.0,-9.422515328828974,0.1110508619253257,0.7020328423651894,-0.2,0.0
2018-09-28,,,,1362.6,1358.9,1368.65,1431.9833333333333,1374.8083252578556,21.5,49.438202247191015,-19.187400695992437,-21.502547918426153,2.3151472224337155,1419.4013028092647,1317.8986971907354,1368.65,101.50260561852929,-61.224489795918366,56.96804311915979,60.72440645025817,49.455316456963004,-42.50627729271525,11.96013289036545,21.262458471760795,61.60155220158045,100.0,1381.0,1436.0,1348.0,0,0,89815.95,11084110,1368.3000166822635,0.5833333333333334,0.4166666666666667,0.2916666666666667,3126000.0,-6.128133704735406,-8.049113233287875,-6.965493867446579,-1.5117243254616342,58.07594936708862,30.540792540792538,1.0,0.0,108354.25,-2059.0,-2.449586580215335,0.12589492343717915,0.7156752690794661,-0.2,0.0
2018-10-08,,,,1356.8,1358.1,1363.85,1429.95,1371.4932466618695,23.5,40.449438202247194,-19.66798894787894,-21.13563612431671,1.4676471764377723,1405.0390378875363,1322.6609621124635,1363.85,82.37807577507283,-52.77777777777778,53.71943615351394,58.38941635134343,44.379475757854976,-71.9695371528133,10.942249240121582,27.96352583586626,60.60055397620335,77.4055317491235,1381.0,1421.0,1340.0,0,1,92067.05,10970023,1363.2653709081226,0.7391304347826086,0.2608695652173913,0.17391304347826086,2480152.1739130435,-5.7002111189303655,-8.049113233287875,-6.689807776981646,-1.5117243254616342,58.07594936708862,30.540792540792538,1.0,0.0,107978.45,16157.0,19.704619737548178,0.12800199407543605,0.8074968862046117,-0.3,0.0
2018-10-09,,,,1353.0,1357.8,1360.2,1428.0833333333333,1369.2557945988342,23.071428571428573,48.88888888888889,-19.18220494069169,-20.74494988759171,1.5627449469000183,1391.9131883572936,1328.4868116427065,1360.2,63.42637671458715,-41.666666666666664,55.2574018801204,57.345411527602415,51.08138258515636,-48.67996318151834,11.76470588235294,23.219814241486066,57.764002048453285,98.61922694022422,1306.0,1413.0,1340.0,0,0,93796.45,11089820,1359.3336423357885,0.7777777777777778,0.2222222222222222,0.2962962962962963,4436925.925925926,-4.600141542816738,-8.049113233287875,-5.034434074363934,-1.5117243254616342,58.07594936708862,30.540792540792538,1.0,0.0,107449.9,-493.0,-0.5022770572473578,0.13040589323798463,0.9427204857515518,-0.2,0.0
2018-10-10,,,,1347.8,1357.1,1356.95,1426.05,1367.231433208469,22.071428571428573,45.23809523809524,-18.583004308956106,-20.31256077186459,1.7295564629084836,1377.0913426614586,1336.8086573385415,1356.95,40.28268532291713,-41.666666666666664,56.28271236452471,56.99117847324318,54.865780147087776,-38.17664243144377,11.650485436893204,24.27184466019417,54.55936884382008,89.44246572801306,1378.0,1378.0,1340.0,0,0,94673.25,11089820,1357.2752667728212,0.5384615384615384,0.46153846153846156,0.0,5506000.0,-2.17706821480409,-8.049113233287875,-4.496661458199119,-1.5117243254616342,58.07594936708862,30.540792540792538,1.0,0.0,106702.65,-8098.0,-8.292033585910296,0.13649986993721447,0.9646711796009917,-0.1,0.0
2018-10-11,,,,1343.0,1354.0,1354.6,1423.7833333333333,1363.7808205219483,21.785714285714285,37.99999999999999,-19.25789835179603,-20.10162828785088,0.8437299360548494,1375.358257709974,1333.8417422900259,1354.6,41.516515419948064,-65.27777777777777,49.09588231709055,54.359413087858975,38.568820775553704,-90.9909328437224,9.836065573770492,30.16393442622951,52.40272697977004,71.24853915075963,1378.0,1374.0,1331.0,0,1,90009.75,11001622,1353.4572823129347,0.2916666666666667,0.7083333333333334,0.7083333333333334,3674916.6666666665,-3.129548762736545,-8.049113233287875,-4.018670936467033,-1.3867286973034691,58.07594936708862,30.540792540792538,0.0,0.0,105145.15,10358.0,11.565172729505813,0.12786557962524756,0.9971741461048236,-0.4,0.0
2018-10-12,,,,1341.0,1351.8,1353.05,1421.3,1361.3255042817627,21.857142857142858,45.00000000000001,-19.008793703288347,-19.88306137093837,0.8742676676500238,1373.9101862028333,1332.1898137971666,1353.05,41.720372405666694,-55.55555555555556,47.54540302620851,52.08807640064215,38.46005627734124,-80.10965293196033,9.80392156862745,30.06535947712418,49.99583720111929,88.18058171165518,1306.0,1374.0,1331.0,0,0,87248.05,11062119,1351.543353308947,0.8461538461538461,0.15384615384615385,0.5384615384615384,4653615.384615385,-2.6200873362445476,-8.049113233287875,-2.607220014558779,-1.3867286973034691,57.23327305605787,30.540792540792538,0.0,0.0,103925.65,-4750.0,-4.753803042433946,0.1267396736853361,0.9413144549402027,-0.6,0.0
2018-10-15,,,,1337.4,1347.1,1351.7,1418.5666666666666,1357.58021815969,22.428571428571427,37.16814159292036,-19.873355090317546,-19.88112011481421,0.007765024496663386,1376.739757859853,1326.6602421401471,1351.7,50.079515719705796,-77.77777777777777,39.315982969853295,47.830711923712535,22.286525062134814,-105.2416679698643,8.280254777070065,32.802547770700635,48.48142311079052,64.6934067495133,1378.0,1374.0,1322.0,0,1,83195.1,10968331,1349.4550157801762,0.36666666666666664,0.6333333333333333,0.5333333333333333,3126266.666666667,-3.784570596797665,-8.049113233287875,-2.3882012383854874,-1.2672124102125548,56.3668430335097,30.540792540792538,0.0,0.0,103012.1,22761.0,23.9161500472838,0.10987355724124083,0.8679024959494445,-0.6,0.0
2018-10-16,,,,1331.4,1342.2,1349.75,1415.7666666666667,1353.810673573053,22.428571428571427,33.6283185840708,-20.64332933838523,-20.033561959528413,-0.6097673788568159,1378.8043954460031,1320.6956045539969,1349.75,58.108790892006255,-83.33333333333333,31.924941027521243,42.52878829164877,10.717246499266182,-103.64325938991752,8.280254777070065,32.802547770700635,46.96700902046176,47.28942012836924,1378.0,1374.0,1318.0,0,1,82073.8,10901119,1347.896092906628,0.3333333333333333,0.6666666666666666,0.26666666666666666,4480800.0,-4.075691411935944,-8.049113233287875,-3.5740421839583574,-1.2672124102125548,55.84995251661919,30.540792540792538,0.0,0.0,102746.2,-4969.0,-4.213480764175658,0.10704722035544169,0.7415669703094245,-0.4,0.0
2018-10-17,,,,1326.8,1337.3,1348.5,1413.2,1351.0667998994288,20.928571428571427,33.6283185840708,-20.452929340849778,-20.117435435792686,-0.335493905057092,1379.589006349277,1317.410993650723,1348.5,62.178012698554085,-73.61111111111111,33.46278119783467,39.50678592704408,21.374771739415863,-83.62360542869256,5.802047781569966,31.058020477815703,46.723344303112825,43.98838562293841,1306.0,1374.0,1318.0,0,0,79884.9,10966591,1346.8961724931746,0.8,0.2,0.4666666666666667,4364800.0,-3.566229985443947,-8.049113233287875,-2.2350623160773613,-1.2672124102125548,51.365486365486376,30.540792540792538,0.0,0.0,102245.15,-1167.0,-1.0330907738885675,0.1006369480591589,0.698855532565741,-0.5,0.0
2018-10-18,,,,1321.8,1332.4,1346.0,1410.3833333333334,1346.7747237185308,21.5,29.23076923076924,-21.586343253426094,-20.411216999319368,-1.1751262541067256,1382.175013185116,1309.824986814884,1346.0,72.35002637023217,-93.50649350649351,25.453174886606764,34.82224891356498,6.7150268326903415,-99.10538415650444,3.3222591362126246,34.21926910299003,47.939874580106256,0.0,1378.0,1374.0,1306.0,0,1,79184.35,10880353,1344.615457894563,0.19230769230769232,0.8076923076923077,0.7307692307692307,3316846.153846154,-4.9490538573507825,-8.049113233287875,-4.194481237369122,-1.3853807915190512,49.61334961334962,29.369519369519374,0.0,0.0,102743.4,6709.0,6.001162842703156,0.10547775263384054,0.6678627569775528,-0.5,0.0
2018-10-19,,,,1317.0,1329.0,1343.95,1407.7333333333333,1343.6533214596232,22.214285714285715,28.68217054263566,-21.590170754693418,-20.647007750394177,-0.9431630042992403,1382.5435636847744,1305.3564363152257,1343.95,77.18712736954876,-78.04878048780488,27.313610843944737,32.3193695570249,17.30209341778442,-87.0494643606319,3.215434083601286,34.72668810289389,49.77543931447457,0.0,1296.0,1374.0,1306.0,0,0,78074.8,10952422,1342.3814833125841,0.6923076923076923,0.3076923076923077,0.3076923076923077,2771884.615384615,-4.366812227074224,-8.049113233287875,-3.313046228481164,-1.3853807915190512,49.440671687862704,29.33821733821734,0.0,0.0,102693.7,-7922.0,-6.685006413285633,0.10513505524002342,0.6710730581630158,-0.5,0.0
2018-10-22,,,,1318.0,1327.7,1342.9,1405.2,1342.0672908444208,22.357142857142858,35.71428571428572,-20.310090640248063,-20.579624328364954,0.2695336881168906,1382.1664313577764,1303.6335686422237,1342.9,78.53286271555271,-61.25,36.02516584998615,33.55463498801198,40.96622757393449,-52.37317854026109,3.5143769968051117,34.50479233226837,51.97603786375344,33.879863317546935,1296.0,1374.0,1306.0,0,0,78779.3,11016703,1341.2511918316952,0.9,0.1,0.65,3214050.0,-3.420669577874824,-7.8444747612551495,-1.579574453815855,-1.3853807915190512,49.24592921949168,29.33821733821734,0.0,0.0,102880.7,2055.0,1.8583494601291273,0.10634867139214764,0.6261556773423549,-0.1,0.0
2018-10-23,,,,1319.0,1325.2,1341.5,1402.7166666666667,1340.2513583830473,22.357142857142858,31.386861313868607,-19.394813164369452,-20.342662095565853,0.9478489311964005,1381.5394542262115,1301.4605457737885,1341.5,80.0789084524231,-66.25,41.324469541016406,36.14457983901346,51.68424894502229,-40.57072810876879,4.15335463258786,34.50479233226837,55.996764611752916,13.030866447555796,1376.0,1374.0,1306.0,0,0,76867.35,10977024,1340.2614636339963,0.2727272727272727,0.7272727272727273,0.36363636363636365,3607181.818181818,-3.7117903930131035,-7.5716234652114744,-2.131163510803293,-1.3853807915190512,48.95068330362449,29.33821733821734,0.0,0.0,102546.2,-5792.0,-5.142182408977513,0.10432286736599712,0.581430316082826,-0.1,0.0
2018-10-24,,,,1320.0,1323.4,1340.25,1400.0833333333333,1339.275038537043,21.5,40.0,-17.898287356608535,-19.85378714777439,1.955499791165856,1380.0752762900022,1300.4247237099978,1340.25,79.65055258000439,-45.16129032258065,52.73483154586279,41.67466374129657,74.85516715499523,-29.73103605707423,4.318936877076412,32.22591362126246,59.350469730163915,54.527906000839266,1296.0,1374.0,1306.0,0,0,76318.3,11029957,1339.3331560058334,0.8181818181818182,0.18181818181818182,0.6363636363636364,4812090.909090909,-3.2023289665211063,-7.230559345156918,-1.867413605893077,-1.3853807915190512,48.31436314363145,29.33821733821734,0.0,0.0,102620.15,1969.0,1.8428564743319775,0.10463633367023013,0.5615924328533279,0.2,0.0
2018-10-25,,,,1323.2,1322.5,1338.25,1397.3833333333334,1337.6297967716102,21.142857142857142,39.682539682539684,-17.16000317837279,-19.31503035389407,2.1550271755212798,1377.4894806553473,1299.0105193446527,1338.25,78.47896131069456,-55.172413793103445,54.41581362316779,45.92171370192031,71.40401346566276,-39.34983734825514,4.391891891891892,29.054054054054056,62.617424997119194,54.439166971136274,1354.0,1374.0,1306.0,0,0,72816.85,10978608,1337.5669182338977,0.47368421052631576,0.5263157894736842,0.42105263157894735,2702578.947368421,-3.784570596797665,-7.230559345156918,-3.047184213842831,-1.3853807915190512,48.15266485998194,29.33821733821734,0.0,0.0,102025.55,-6990.0,-6.423805760288204,0.10208667599720335,0.5169063224666142,0.5,0.0
2018-10-26,,,,1326.6,1321.8,1336.8,1394.9833333333333,1336.9983875552664,18.857142857142858,46.45669291338583,-15.668071093676872,-18.58563850185063,2.9175674081737597,1374.7783872055275,1298.8216127944725,1336.8,75.956774411055,-39.6551724137931,65.44387574877852,52.429101050873044,91.4734251445895,-17.0192160870333,6.439393939393939,21.969696969696972,63.397186901881085,87.96342912378918,1296.0,1374.0,1306.0,0,0,71304.3,11033342,1335.7281994213533,0.6428571428571429,0.35714285714285715,0.6428571428571429,3909571.4285714286,-3.1295487627365226,-6.552901023890801,-2.122812373344541,-1.3853807915190512,47.890499194847024,29.33821733821734,0.0,0.0,102258.9,3208.0,3.150534255185411,0.10198192884674616,0.49078489479181686,0.8,0.0
2018-10-29,,,,1325.6,1321.8,1334.45,1392.3333333333333,1335.56996969286,18.142857142857142,39.84375000000001,-15.03857363593852,-17.876225528668208,2.8376518927296885,1369.7619928933705,1299.1380071066296,1334.45,70.62398578674083,-55.172413793103445,65.29591716585234,56.718039755866144,82.45167198582473,-33.821308705739476,5.905511811023622,25.984251968503937,65.55572976838856,62.79538332760991,1354.0,1374.0,1306.0,0,0,70774.25,10974345,1333.6839672150065,0.5,0.5,0.5625,3687312.5,-3.784570596797665,-6.551724137931059,-3.531516442714697,-1.3853807915190512,47.680400637377645,29.33821733821734,0.0,0.0,102278.0,-5681.0,-5.40882778581766,0.1019042741099647,0.49541134003489296,0.7,0.0
2018-10-30,,,,1326.8,1322.9,1332.55,1389.6333333333334,1334.94425829354,18.357142857142858,42.96296296296296,-13.815593307101608,-17.064099084354886,3.2485057772532784,1364.4080734210572,1300.6919265789427,1332.55,63.71614684211454,-36.53846153846154,69.72108763437775,61.05238904870335,87.05848480572658,-6.1402933057268045,8.949416342412452,25.68093385214008,66.49712059741984,80.3441697191697,1296.0,1374.0,1306.0,0,0,71610.55,11046109,1332.1678442166228,0.4,0.6,0.4666666666666667,4784266.666666666,-3.275109170305668,-6.551724137931059,-2.779753302104815,-1.3853807915190512,46.95998847206878,29.33821733821734,0.0,0.0,102460.3,4263.0,4.290847600930037,0.10161902039612897,0.5596592131676011,0.8,0.0
2018-10-31,,,,1326.2,1323.1,1330.2,1387.1,1334.1876622655839,17.642857142857142,48.333333333333336,-12.859519336564517,-16.223183134796813,3.363663798232295,1355.4282214571501,1304.97177854285,1330.2,50.45644291430017,-31.11111111111111,71.08389969275977,64.3962259300555,84.45924721816834,-24.69076905956047,9.31174089068826,23.076923076923077,65.90285830233788,100.0,1341.0,1355.0,1306.0,0,0,72420.85,10965923,1329.9634476811582,0.9230769230769231,0.07692307692307693,0.15384615384615385,6168153.846153846,-2.066420664206625,-6.551724137931059,-3.514398238518011,-1.3853807915190512,46.95998847206878,29.33821733821734,0.0,0.0,102763.05,-4760.0,-4.593973787326034,0.09927813077972916,0.6245995925785431,0.7,0.0
2018-11-01,,,,1326.4,1324.8,1328.6,1384.3833333333334,1333.1221706212425,18.071428571428573,43.58974358974359,-12.282999623618707,-15.435146432561192,3.1521468089424847,1351.1192315470573,1306.0807684529425,1328.6,45.03846309411483,-40.0,63.481220484828356,64.09122411497978,62.261213224525505,-11.856308065829381,12.25296442687747,22.5296442687747,64.38327133193123,75.86102260658473,1341.0,1348.0,1306.0,0,0,73682.65,10880153,1328.4053674779611,0.3157894736842105,0.6842105263157895,0.21052631578947367,4514210.526315789,-1.854599406528168,-6.128133704735406,-2.581359124730665,-1.2697693298247599,46.523152495846276,29.33821733821734,0.0,0.0,103563.5,1210.0,1.2240273534707802,0.08921754556491812,0.6951715333874626,0.4,0.0
2018-11-02,,,,1327.6,1327.1,1328.05,1382.0333333333333,1333.4914877049337,18.5,56.52173913043478,-10.574524069332256,-14.463021959915405,3.8884978905831495,1349.0610246749427,1307.0389753250572,1328.05,42.02204934988549,-8.88888888888889,71.95044328618187,66.71096383871381,82.42940218111798,4.994737940893095,13.513513513513514,20.463320463320464,61.58074440149732,100.0,1296.0,1348.0,1306.0,0,0,76250.6,11006536,1327.4457717928342,0.8888888888888888,0.1111111111111111,0.3888888888888889,3510638.8888888885,-0.8160237388723623,-5.7002111189303655,-0.8000944970687702,-1.2697693298247599,46.95998847206878,29.33821733821734,0.0,0.05,104845.6,7574.0,7.569155740326194,0.07390020575666735,0.8257777656177163,0.4,0.0
2018-11-05,,,,1329.6,1327.6,1327.65,1379.8666666666666,1333.3494412568448,18.142857142857142,56.03448275862069,-9.51432784794747,-13.473283137521818,3.958955289574348,1347.9972486177398,1307.3027513822603,1327.65,40.6944972354795,-20.0,72.96696219078791,68.79629662273851,81.30829332688671,36.16105294703655,13.779527559055119,20.866141732283463,58.77821747106341,98.24977039325374,1341.0,1348.0,1306.0,0,0,73308.6,10951289,1327.2613690617472,0.3,0.7,0.5,5524700.0,-1.186943620178016,-4.9490538573507825,-0.57559862309786,-1.2697693298247599,47.680400637377645,29.33821733821734,0.0,0.1,104903.4,-8329.0,-7.737973578104384,0.073398177799554,0.8182758083017095,0.4,0.0
2018-11-06,,,,1327.2,1327.0,1326.1,1377.4,1331.7923516133358,18.5,46.7741935483871,-9.771845590760677,-12.73299562816959,2.9611500374089132,1344.5550663418087,1307.6449336581911,1326.1,36.910132683617576,-53.333333333333336,59.755752571636386,65.7827819390378,47.701693836833556,-20.860561759318752,13.513513513513514,25.868725868725868,56.12493393542694,64.9867218620636,1341.0,1348.0,1306.0,0,0,70832.4,10881016,1325.6859963331283,0.1,0.9,0.75,3513650.0,-2.299703264094932,-4.9490538573507825,-2.324237828314319,-1.2697693298247599,47.680400637377645,29.33821733821734,0.0,0.1,105013.45,552.0,0.5558408603449916,0.07242785727074037,0.8204956177931246,0.0,0.0
2018-11-07,,,,1325.8,1326.0,1324.7,1374.9333333333334,1330.669270507304,17.642857142857142,56.481481481481474,-9.622928203041283,-12.110982143143929,2.4880539401026454,1340.1660919432281,1309.233908056772,1324.7,30.932183886456187,-46.666666666666664,53.72605726997981,61.76387371601847,37.650424377902496,-52.25540824871401,14.17004048582996,24.696356275303643,52.180823105254156,99.85539413505514,1296.0,1338.0,1306.0,0,0,70307.6,10942098,1324.2042718947405,0.7857142857142857,0.21428571428571427,0.21428571428571427,4363000.0,-1.3452914798205984,-4.9490538573507825,-2.0816105385863515,-1.2697693298247599,47.890499194847024,29.33821733821734,0.0,0.1,105038.95,-9789.0,-9.802625649653018,0.07189745695125388,0.793893722952395,-0.2,0.0
2018-11-08,,,,1320.8,1323.6,1323.05,1372.0833333333333,1327.5579114113702,19.142857142857142,43.44262295081967,-11.151577791545606,-11.919101272824264,0.7675234812786584,1342.2714244501067,1303.8285755498932,1323.05,38.44284890021345,-63.23529411764706,48.072273474104186,57.20000696871371,29.81680648488515,-147.67452454819758,13.059701492537314,34.32835820895522,49.45446898426504,47.96427388640503,1341.0,1338.0,1298.0,0,1,74939.7,10761258,1320.3258313017,0.5319148936170213,0.46808510638297873,0.46808510638297873,3847659.574468085,-2.9895366218235964,-4.9490538573507825,-2.384288798060549,-1.4455974842767316,47.680400637377645,29.33821733821734,0.0,0.1,106335.85,35786.0,39.73043787192467,0.08235808253398813,0.9098349204810965,-0.2,0.0
2018-11-09,,,,1310.2,1318.9,1320.35,1369.6166666666666,1323.4095388960015,19.0,32.52032520325203,-13.338963334771961,-12.203073685213804,-1.1358896495581572,1345.1037344337685,1295.5962655662313,1320.35,49.50746886753723,-83.82352941176471,37.44033917881456,50.61345103874733,11.094115458949034,-143.51950676288808,10.526315789473685,34.58646616541353,47.441663862216224,4.509526155867625,1341.0,1337.0,1284.0,0,1,75188.55,10695784,1318.3570505970215,0.1111111111111111,0.8888888888888888,0.7777777777777778,3637444.4444444445,-3.9640987284966456,-4.9490538573507825,-3.892329675895977,-1.4455974842767316,47.680400637377645,29.33821733821734,0.0,0.1,107077.45,-15856.0,-12.598325096537366,0.07828229819232059,0.7940466854735274,-0.3,0.0
2018-11-12,,,,1295.6,1312.6,1317.2,1366.7666666666667,1317.2752970963825,20.642857142857142,27.77777777777777,-16.895017953142997,-13.141462538799644,-3.753555414343353,1354.1158359971025,1280.2841640028976,1317.2,73.83167199420495,-91.11111111111111,27.923189082172673,43.05003038655578,-2.3304935265935427,-158.8431726150345,8.996539792387544,42.560553633218,46.4836834655537,0.0,1341.0,1337.0,1259.0,0,1,76054.3,10584681,1314.0707086910272,0.23529411764705882,0.7647058823529411,0.7352941176470589,3267735.2941176468,-5.833956619296943,-5.833956619296943,-4.290697917811255,-1.6806853582554564,47.680400637377645,29.121049493142525,1.0,0.1,106432.75,-4965.0,-4.513554299012745,0.07507321206215221,0.894334074983278,-0.3,0.0
2018-11-13,,,,1284.2,1305.7,1314.3,1363.7333333333333,1311.820506896727,21.714285714285715,24.637681159420282,-19.408792734451936,-14.394928577930102,-5.013864156521834,1359.2003575181732,1269.3996424818267,1314.3,89.80071503634645,-85.26315789473684,23.5277400898695,36.542600287660356,-2.501980305712209,-131.30653733334532,8.223684210526317,42.10526315789473,45.837728113716004,0.0,1246.0,1337.0,1259.0,0,0,76997.35,10670754,1310.7670069164717,0.5384615384615384,0.46153846153846156,0.038461538461538464,3310500.0,-5.759162303664933,-5.833956619296943,-3.9374236445264152,-1.6806853582554564,47.680400637377645,28.501291989664082,1.0,0.1,105744.25,-5845.0,-5.564705770347588,0.07557187670918424,0.9271407141381489,-0.2,0.0
2018-11-14,,,,1273.0,1299.4,1311.25,1360.4,1307.2661729065624,21.357142857142858,28.358208955223887,-20.838003258446406,-15.683543514033364,-5.154459744413042,1361.1039973585696,1261.3960026414304,1311.25,99.70799471713917,-81.05263157894737,22.00094953359721,31.69538336963931,2.612081861513019,-101.22409277314028,8.361204013377927,40.13377926421404,45.25057580242576,11.668928086838577,1246.0,1337.0,1259.0,0,0,76747.5,10731229,1308.4190490461144,0.5714285714285714,0.42857142857142855,0.2857142857142857,4319642.857142857,-5.459985041136884,-5.833956619296943,-4.166342790469698,-1.6806853582554564,47.680400637377645,28.242122719734663,1.0,0.1,104612.25,-10037.0,-10.118759577385273,0.08282257241446057,0.9271740498409873,-0.2,0.0
2018-11-15,,,,1266.6,1293.7,1309.25,1357.1666666666667,1303.3360612011757,21.0,24.409448818897644,-21.56074081133761,-16.858982973494214,-4.701757837843395,1363.04444307045,1255.45555692955,1309.25,107.58888614089983,-78.94736842105263,21.835758470426814,28.408841736568476,8.689591938143494,-85.03095138982492,7.142857142857143,40.816326530612244,46.36101146605291,0.0,1246.0,1337.0,1259.0,0,0,74783.9,10778195,1306.887609053107,0.6666666666666666,0.3333333333333333,0.2222222222222222,5218444.444444444,-5.3103964098728635,-5.833956619296943,-2.876041734596981,-1.6806853582554564,47.680400637377645,27.77777777777777,1.0,0.1,103225.8,1620.0,1.8170601760978178,0.08275097563074117,0.7432803974933947,0.2,-1.0
2018-11-16,,,,1265.8,1288.0,1307.55,1354.95,1301.113579182016,21.571428571428573,34.09090909090909,-20.7644726170347,-17.64008090220231,-3.124391714832388,1362.8405245522224,1252.2594754477775,1307.55,110.5810491044449,-64.21052631578948,27.291254710621622,28.036312727919523,25.80113867602583,-56.387245501359494,13.245033112582782,37.086092715231786,45.247115615314954,30.148769141306452,1246.0,1337.0,1259.0,0,0,75301.3,10860612,1305.0711729633706,0.68,0.32,0.56,3296680.0,-4.263275991024706,-5.833956619296943,-2.3254150938713245,-1.6806853582554564,47.680400637377645,27.77777777777777,1.0,0.1,102086.65,-2976.0,-3.278435692646653,0.08831151087322887,0.8119791047932703,0.0,0.0
2018-11-19,,,,1273.2,1284.4,1306.0,1352.75,1300.6265716408716,22.357142857142858,38.29787234042553,-18.62763032671728,-17.837590787105306,-0.7900395396119748,1360.729959081379,1251.270040918621,1306.0,109.45991816275819,-47.36842105263158,39.839191452102725,31.97060563598059,55.576363084346994,-24.98254297297359,15.335463258785941,35.78274760383386,44.653215133774026,43.24955768271104,1246.0,1337.0,1259.0,0,0,75474.65,10928360,1303.7927714802254,0.7037037037037037,0.2962962962962963,0.5925925925925926,2509185.185185185,-3.0665669409125185,-5.833956619296943,-2.0420561996641666,-1.6806853582554564,47.680400637377645,27.77777777777777,1.0,0.1,100550.1,-5893.0,-6.711921548081412,0.09661219951267618,0.7658575512798461,-0.2,1.0
2018-11-20,,,,1280.0,1282.1,1304.55,1350.4333333333334,1299.9954695798363,22.285714285714285,38.29787234042553,-16.900729611206998,-17.650218551925644,0.7494889407186456,1358.9190120719609,1250.180987928039,1304.55,108.73802414392185,-49.473684210526315,48.18108258969011,37.37409795388376,69.7950518613028,-18.585717436461795,15.384615384615385,33.333333333333336,44.24907979542816,43.24955768271104,1341.0,1337.0,1259.0,0,0,76406.5,10870044,1302.8897777021589,0.46153846153846156,0.5384615384615384,0.15384615384615385,4485846.153846154,-3.216155572176549,-5.833956619296943,-1.912904106940604,-1.6806853582554564,47.680400637377645,27.77777777777777,1.0,0.1,99041.45,-5234.0,-6.390252240373107,0.11055684048810605,0.7444273947806078,0.0,1.0
2018-11-21,,,,1287.0,1280.0,1303.0,1348.2666666666667,1299.9006629531852,23.428571428571427,41.54929577464789,-14.956283414026984,-17.111431524345914,2.1551481103189296,1356.065996645657,1249.934003354343,1303.0,106.13199329131385,-44.21052631578947,62.5804918414026,45.77622924972337,96.18901702476106,-23.604736652583867,12.80487804878049,37.804878048780495,45.667089496570384,53.37472596774678,1246.0,1337.0,1259.0,0,0,79344.95,10981746,1301.156000686454,0.8857142857142857,0.11428571428571428,0.14285714285714285,3191485.7142857146,-2.8421839940164895,-5.833956619296943,-2.0516008645939303,-1.6806853582554564,47.680400637377645,27.77777777777777,1.0,0.1,98014.85,11610.0,15.142424874791317,0.11169481572466845,0.861822033082678,0.3,0.0
2018-11-22,,,,1295.8,1281.2,1302.4,1345.9833333333333,1300.8625045766914,22.857142857142858,40.28776978417266,-12.384922052543743,-16.16612962998548,3.7812075774417373,1354.8289996089652,1249.971000391035,1302.4,104.85799921793023,-31.182795698924732,73.09287691387624,54.88177847110766,109.5150737994134,3.9457374610238727,14.999999999999998,35.0,47.063193392674286,49.50830878829557,1246.0,1337.0,1259.0,0,0,80387.9,11053954,1300.5774223069227,0.8571428571428571,0.14285714285714285,0.39285714285714285,2578857.1428571427,-2.019446522064361,-5.833956619296943,-0.7356222303759977,-1.6806853582554564,47.680400637377645,27.77777777777777,1.0,0.15,96560.7,-15541.0,-17.603815047234995,0.12704085999329773,0.9568787298918273,0.0,1.0
2018-11-23,,,,1301.2,1283.5,1301.2,1343.6166666666666,1301.4470279503398,23.214285714285715,40.87591240875912,-10.468500221722934,-15.026603748332972,4.558103526610038,1351.9443541064531,1250.455645893547,1301.2,101.4887082129062,-31.46067415730337,77.36708226183299,62.37687973468277,107.34748731613344,16.971397261864876,15.692307692307692,34.46153846153846,48.27524820902358,51.342126528424664,1335.0,1337.0,1259.0,0,0,81252.65,10981925,1299.956205325816,0.3333333333333333,0.6666666666666666,0.2,4801933.333333333,-2.243829468960401,-5.833956619296943,-1.564821594268314,-1.6806853582554564,47.680400637377645,27.77777777777777,1.0,0.2,95141.65,3910.0,5.375235424313662,0.13519538031264844,0.9570786949090699,-0.1,1.0
2018-11-26,,,,1299.2,1286.2,1299.4,1340.6166666666666,1299.9758824312598,24.357142857142858,39.16083916083917,-10.522944653738705,-14.12587192941412,3.602927275675416,1349.5886965676023,1249.211303432398,1299.4,100.37739313520433,-48.05194805194805,67.97149746417281,64.24175231117945,75.43098777015953,-15.241635246408672,14.956011730205278,36.36363636363637,49.013943687214855,45.99456011140487,1335.0,1337.0,1259.0,0,0,85439.5,10839191,1298.474867791439,0.2777777777777778,0.7222222222222222,0.5833333333333334,3964833.3333333335,-3.8145100972326595,-5.833956619296943,-2.258408917525227,-1.6806853582554564,46.94815065022801,27.77777777777777,1.0,0.2,94570.8,11283.0,14.719964514487739,0.1366096885909941,1.1162889665299587,-0.2,0.0
2018-11-27,,,,1301.0,1290.5,1298.1,1337.9166666666667,1300.2638936282826,25.428571428571427,44.5859872611465,-9.089555594448939,-13.118608662421085,4.029053067972146,1346.370727753906,1249.8292722460938,1298.1,96.54145550781232,-22.972972972972972,70.46053047319123,66.31467836518337,78.75223468920694,4.609894254089445,14.325842696629215,33.14606741573034,49.91120347870542,100.0,1246.0,1337.0,1259.0,0,0,86055.5,10923275,1297.2023248562457,0.6896551724137931,0.3103448275862069,0.5862068965517241,2899448.275862069,-2.543006731488462,-5.833956619296943,-1.5166405690078693,-1.6806853582554564,46.52019304038608,27.77777777777777,1.0,0.25,93329.35,-9149.0,-10.404394204744472,0.14137649071808386,1.1776226522077766,-0.4,0.0
2018-11-28,,,,1302.6,1294.8,1297.1,1335.3666666666666,1300.9054275684462,23.571428571428573,53.23741007194244,-7.543856979968723,-12.003658325930612,4.459801345961889,1343.6477683336066,1250.5522316663933,1297.1,93.09553666721331,-14.084507042253522,74.13418080928798,68.9211791798849,84.56018406809415,18.755439368140042,16.06060606060606,24.848484848484844,48.23974574425556,100.0,1246.0,1337.0,1259.0,0,0,85604.65,10994444,1296.2887580678544,0.6666666666666666,0.3333333333333333,0.19047619047619047,3389000.0,-2.243829468960412,-5.833956619296943,-1.1434774490857875,-1.6806853582554564,46.52019304038608,27.77777777777777,1.0,0.3,92021.15,-6095.0,-7.736244208923015,0.151012788705294,1.1203805090860133,-0.7,0.0
2018-11-29,,,,1302.4,1299.1,1296.4,1332.9166666666667,1301.6763392285943,22.928571428571427,59.84251968503937,-6.087325507313835,-10.820391762207258,4.733066254893423,1341.712482304864,1251.0875176951363,1296.4,90.62496460972761,-11.267605633802816,77.31394366877703,71.71876734284895,88.50429632063319,32.14169171321749,16.510903426791277,25.54517133956386,45.96461346912328,100.0,1246.0,1337.0,1259.0,0,0,83345.95,11035040,1295.1119788464027,0.4444444444444444,0.5555555555555556,0.2222222222222222,4510666.666666667,-2.0942408376963817,-5.833956619296943,-0.7790299241592908,-1.6806853582554564,46.52019304038608,27.77777777777777,1.0,0.35,90356.35,-5922.0,-8.146925299215846,0.16428548812085797,1.0434491456698587,-0.7,0.0
2018-11-30,,,,1298.8,1300.0,1294.0,1330.2333333333333,1300.469068825871,22.571428571428573,62.295081967213115,-6.472238735207384,-9.950761156807284,3.4785224215998998,1335.1518369481557,1252.8481630518443,1294.0,82.30367389631147,-39.436619718309856,65.8283433982323,69.7552926946434,57.974444805410116,-1.031553404456284,16.772151898734176,23.73417721518987,42.54224410191331,100.0,1317.0,1332.0,1259.0,0,0,80821.6,10959144,1292.4831326031656,0.27586206896551724,0.7241379310344828,0.6896551724137931,2617103.448275862,-3.2282282282282693,-5.833956619296943,-2.8080316165757315,-1.6806853582554564,46.52019304038608,27.77777777777777,1.0,0.3,88585.05,5444.0,8.153606518092493,0.16692505252728965,1.0657122916913633,-0.7,0.0
2018-12-03,,,,1302.8,1301.0,1292.7,1328.0666666666666,1300.9958241757881,23.785714285714285,66.66666666666666,-5.3439258654921105,-9.02939409854425,3.6854682330521396,1330.2855515352328,1255.1144484647673,1292.7,75.1711030704655,-30.555555555555557,64.99667337659932,68.16908625529537,58.65184761920722,38.24425230155106,21.32132132132132,21.02102102102102,37.78431256050242,100.0,1256.0,1320.0,1259.0,0,0,82176.95,11041498,1291.8039691584238,0.4883720930232558,0.5116279069767442,0.3953488372093023,1915209.3023255814,-1.0606060606060952,-5.833956619296943,-1.398398425718756,-1.6806853582554564,46.52019304038608,27.77777777777777,1.0,0.3,86893.4,-6736.0,-9.328089514208159,0.17742990342881815,0.9926281261049249,-0.6,0.0
2018-12-04,,,,1303.2,1302.1,1292.1,1326.1333333333334,1301.3771742542845,23.642857142857142,65.18518518518519,-4.47879269559553,-8.119273817954506,3.6404811223589757,1328.4138367132862,1255.7861632867136,1292.1,72.62767342657253,-33.8235294117647,61.92085917414313,66.0863438949113,53.58988973260682,32.16721384500878,21.45015105740181,21.148036253776436,33.15516816613425,96.49413388543827,1328.0,1320.0,1259.0,0,0,80835.5,10998054,1290.7599029304367,0.8333333333333334,0.16666666666666666,0.08333333333333333,3620333.3333333335,-1.1363636363636687,-5.833956619296943,-0.6276291362146567,-1.6806853582554564,46.98457223001403,27.77777777777777,1.0,0.35,84758.35,-8316.0,-12.700836947889304,0.19407324000437612,0.9311847243853254,-0.4,0.0
2018-12-05,,,,1304.6,1303.6,1291.8,1324.4833333333333,1302.5793481348287,23.928571428571427,66.90140845070422,-3.031992716951663,-7.1018175977539375,4.069824880802274,1327.2317728361554,1256.3682271638445,1291.8,70.86354567231092,-21.53846153846154,65.63954714173644,65.93741164385301,65.04381813750331,60.2120785328737,23.880597014925375,20.895522388059703,28.61616107393567,100.0,1263.0,1314.0,1259.0,0,0,79776.15,11037949,1290.248672692277,0.8461538461538461,0.15384615384615385,0.6923076923076923,3068846.153846154,0.0,-5.833956619296943,-0.2685504211454163,-1.6806853582554564,47.92753623188406,27.77777777777777,1.0,0.4,83149.6,737.0,1.2893631910426917,0.20980856735815537,0.8731833227900193,-0.1,0.0
2018-12-06,,,,1305.0,1303.7,1292.45,1323.3666666666666,1303.3813149791308,22.928571428571427,61.832061068702295,-2.103223585912474,-6.102098795385645,3.998875209473171,1328.8250926929152,1256.074907307085,1292.45,72.75018538583026,-28.333333333333332,66.1955955303884,66.02347293936481,66.53984071243559,58.79491586381095,19.626168224299068,21.806853582554517,25.60864227694319,82.27720040467214,1328.0,1314.0,1259.0,0,0,72119.85,11010235,1289.8201542293834,0.36363636363636365,0.6363636363636364,0.2727272727272727,2519454.5454545454,-0.22831050228309113,-5.833956619296943,0.8904565553945811,-1.6237483523896064,48.44444444444445,27.77777777777777,1.0,0.45,79705.6,-919.0,-1.5873015873015928,0.19106039713231923,0.8488598113935009,0.1,0.0
2018-12-07,,,,1313.4,1306.1,1294.8,1322.7333333333333,1306.0116659334994,22.857142857142858,62.96296296296296,0.24385449209171384,-4.832908137890174,5.0767626299818875,1334.771568843198,1254.8284311568018,1294.8,79.94313768639631,-5.970149253731344,74.99459455112313,69.01384680995092,86.95609003346755,84.02473725765675,19.999999999999996,21.875,23.07132884410737,86.23091399414082,1268.0,1331.0,1259.0,1,0,72007.2,11073456,1291.416958767086,0.8461538461538461,0.15384615384615385,0.7692307692307693,2431576.923076923,0.0,-5.833956619296943,2.9803694929181486,-1.6237483523896064,48.998751560549316,27.77777777777777,1.0,0.5,77744.85,13809.0,24.235669907683665,0.174353425855045,0.8172797146058761,0.5,0.0
2018-12-10,,,,1317.8,1310.3,1298.25,1322.3833333333334,1308.1057929874519,23.0,62.5,1.8406381202478315,-3.498198886262573,5.3388370065104045,1337.106686750933,1259.393313249067,1298.25,77.71337350186604,-16.666666666666668,76.5500686837996,71.52592076790047,86.59836451559784,88.89701351590251,21.42857142857143,21.73913043478261,20.491137358198355,84.13367654890821,1340.0,1331.0,1260.0,0,0,68638.95,11029718,1294.8161121831456,0.2,0.8,0.2,2915866.666666667,-0.22539444027048772,-5.759162303664933,5.03524667145251,-1.5318263355978796,50.198043812141314,28.242122719734663,0.0,0.55,75488.65,-10874.0,-15.36157769081894,0.1654097498270025,0.711729987088815,0.7,0.0
2018-12-11,,,,1318.0,1310.6,1300.55,1321.5333333333333,1307.905241274361,22.357142857142858,52.287581699346404,1.3157177363787014,-2.5354155617343186,3.85113329811302,1335.0782493039671,1266.0217506960328,1300.55,69.05649860793437,-53.125,65.1576729078438,69.40317148121491,56.6666757611016,35.135698647692884,21.405750798722043,23.322683706070286,17.268860495646102,47.31965808395669,1340.0,1331.0,1264.0,0,0,66443.75,10987549,1297.6490951619478,0.16,0.84,0.88,1686760.0,-1.8782870022539533,-5.459985041136884,3.0527950503336188,-1.6092276527686928,52.47754737386561,28.617378225153306,0.0,0.6,73251.35,-5467.0,-9.124897768430895,0.16403500383690298,0.7146236944458803,0.7,0.0
2018-12-12,,,,1313.8,1309.2,1302.0,1320.5833333333333,1306.4856944863266,21.571428571428573,44.516129032258064,-0.1475756439901943,-2.057847578185494,1.9102719341952996,1332.2341737633885,1271.7658262366115,1302.0,60.46834752677705,-73.4375,50.21810962217835,63.00815086153606,24.638027143462935,-8.905686074431253,18.543046357615893,27.152317880794698,15.757473332085027,19.304902561518226,1340.0,1331.0,1266.0,0,0,65221.0,10951529,1299.268127852481,0.0,1.0,0.7647058823529411,2118823.529411765,-2.854996243426011,-5.3103964098728635,1.893542949971849,-1.6092276527686928,52.47754737386561,29.121049493142525,0.0,0.6,71011.45,-10089.0,-18.530286889762337,0.18346252778421562,0.7392195315712179,0.6,0.0
2018-12-13,,,,1308.2,1306.6,1302.85,1319.3666666666666,1304.248961678105,22.428571428571427,42.592592592592595,-2.090069595629757,-2.0642919816743466,-0.025777613955410228,1329.5749144550252,1276.1250855449746,1302.85,53.449828910050655,-77.02702702702703,41.13639740577656,55.71756637628289,11.974059464763911,-85.7430002195985,16.878980891719745,34.71337579617835,15.553515357165907,12.370883221229388,1340.0,1331.0,1280.0,0,0,64683.85,10915306,1299.9446989730307,0.7727272727272727,0.22727272727272727,0.45454545454545453,1646500.0,-3.6063110443275925,-4.263275991024706,1.1246155311371058,-1.6092276527686928,52.47754737386561,29.33821733821734,0.0,0.6,69340.75,13004.0,29.31668056901955,0.18014706535693129,0.7682382358016594,0.3,0.0
2018-12-14,,,,1301.4,1307.4,1303.7,1318.4,1303.5585843754284,21.357142857142858,53.54838709677419,-2.4713389925484535,-2.145701383849168,-0.3256376086992856,1328.3670459903808,1279.0329540096193,1303.7,49.334091980761514,-58.108108108108105,41.38822890114834,50.94112055123804,22.282445600968927,-46.162595449395,21.404682274247488,27.759197324414718,13.497149953861728,45.069223314412284,1266.0,1331.0,1283.0,0,0,62498.45,10954015,1301.1908866006543,0.9047619047619048,0.09523809523809523,0.6666666666666666,1843285.7142857143,-2.554470323065383,-3.8145100972326595,1.1139683442979098,-1.6092276527686928,53.299605476908795,30.539682539682538,0.0,0.6,67929.6,2215.0,3.861508690573734,0.17482145732696283,0.7195633436068191,0.3,-1.0
2018-12-17,,,,1297.2,1307.5,1304.25,1317.7166666666667,1303.8863382444351,20.714285714285715,51.35135135135135,-1.9441701269711302,-2.1053951324735602,0.16122500550243002,1328.683583445676,1279.816416554324,1304.25,48.8671668913521,-44.5945945945946,46.06062106923403,49.314287390570044,39.553288426562005,-1.1688294850330894,26.20689655172414,28.620689655172413,10.97983176165239,36.03120287669642,1266.0,1331.0,1283.0,0,0,61601.5,11003824,1301.751093452811,0.8,0.2,0.5,2490450.0,-1.8031555221638018,-3.8145100972326595,0.7553420255842498,-1.6092276527686928,53.299605476908795,31.27615571776155,0.0,0.65,67392.5,11588.0,19.450785551228677,0.1698302977496281,0.7135420025879595,0.4,0.0
2018-12-18,,,,1295.6,1306.8,1304.45,1316.8333333333333,1303.325734602108,20.642857142857142,47.05882352941176,-2.2269390200149246,-2.129703909981833,-0.09723511003309149,1328.5940850334418,1280.3059149665582,1304.45,48.288170066883595,-56.75675675675676,45.121495127237104,47.916689969459064,39.53110544279319,-9.624894856825582,26.29757785467128,28.719723183391007,9.759905636065886,18.372885634940648,1340.0,1331.0,1283.0,0,0,61880.85,10939921,1302.0790446479,0.25,0.75,0.45,3195150.0,-2.4793388429752206,-3.8145100972326595,0.3207915802279938,-1.6092276527686928,53.299605476908795,32.29363242537534,0.0,0.65,67348.5,4628.0,6.5032881794165665,0.16940796076460382,0.7272671935069467,0.1,0.0
2018-12-19,,,,1296.0,1304.9,1304.25,1315.8333333333333,1302.5328074971453,20.928571428571427,45.45454545454546,-2.6624196169009338,-2.2362470513656536,-0.42617256553528016,1328.6490940297072,1279.8509059702928,1304.25,48.798188059414315,-60.810810810810814,43.14405981455447,46.325813251157534,36.78055294134835,-39.27882944929797,25.938566552901026,30.034129692832767,8.748162185298046,11.7733125243855,1340.0,1331.0,1283.0,0,0,59040.65,10885023,1302.8770784761573,0.5384615384615384,0.46153846153846156,0.23076923076923078,4222923.076923077,-2.7047332832457083,-3.8145100972326595,-0.1705905242448127,-1.6092276527686928,53.299605476908795,33.406719907907046,0.0,0.65,66897.65,3473.0,4.582277812961788,0.15986190580911558,0.7033752834678324,-0.2,0.0
2018-12-20,,,,1299.6,1303.9,1303.8,1314.8166666666666,1302.3868258307505,20.214285714285715,54.285714285714285,-2.494634675806992,-2.2879245762539213,-0.20671009955307085,1328.0842812491187,1279.5157187508812,1303.8,48.5685624982375,-52.7027027027027,44.52847230880208,45.72669960370572,42.13201771899482,-21.10121102568877,28.97526501766784,22.61484098939929,8.401109836961451,48.10239117106069,1266.0,1331.0,1283.0,0,0,58580.8,10948034,1302.6225176735948,0.6842105263157895,0.3157894736842105,0.3157894736842105,3316368.4210526315,-2.253944402704755,-3.8145100972326595,-0.4828987244375458,-1.6092276527686928,53.69585253456221,33.6283185840708,0.0,0.6,67298.65,1496.0,1.8873399356588605,0.16447323615182416,0.7331200670761905,0.2,0.0
2018-12-21,,,,1300.0,1300.7,1303.4,1313.8,1302.0642709897268,18.071428571428573,47.2,-2.494294511977614,-2.32919856339866,-0.16509594857895404,1327.7258580201787,1279.0741419798214,1303.4,48.651716040357314,-55.4054054054054,47.71843509111395,46.390611432841794,50.37408240765828,-8.249604927803757,26.08695652173913,25.29644268774703,8.460341385554702,18.953648068669533,1340.0,1331.0,1283.0,0,0,57856.7,10890487,1302.1821687606334,0.23076923076923078,0.7692307692307693,0.15384615384615385,4426692.307692308,-2.404207362885069,-3.8145100972326595,-0.4223446868279953,-1.6092276527686928,53.69585253456221,33.998390989541434,0.0,0.55,67722.15,4360.0,5.398645385767886,0.17121448614106383,0.7383839930467573,-0.2,0.0
2018-12-24,,,,1295.0,1296.1,1303.2,1312.35,1300.1533880383242,19.214285714285715,41.84397163120568,-3.821728349297018,-2.6277045205783316,-1.1940238287186866,1328.1850481603656,1278.2149518396345,1303.2,49.970096320731045,-78.37837837837837,43.15980779123909,45.313676885640895,38.85206960243549,-63.34749727049077,24.53531598513011,30.855018587360593,9.224639679483156,0.0,1340.0,1331.0,1282.0,0,1,54482.4,10815239,1302.6238874082885,0.17857142857142858,0.8214285714285714,0.6071428571428571,2687428.5714285714,-3.681442524417733,-3.681442524417733,-0.18573018071266112,-1.534321012085006,53.69585253456221,35.3896103896104,0.0,0.55,67658.75,1545.0,1.8150632628846086,0.16969856327764316,0.7720508599661718,-0.6,0.0
2018-12-25,,,,1291.6,1293.6,1302.1,1310.9166666666667,1298.329255844198,19.642857142857142,37.59398496240601,-4.897960234954098,-3.0817556634534853,-1.816204571500613,1328.9868976111927,1275.213102388807,1302.1,53.773795222385615,-79.72972972972973,39.41150306649982,43.346285612593874,31.541937974311708,-89.31618818401964,20.727272727272727,33.45454545454545,10.426301552285967,0.0,1340.0,1331.0,1281.0,0,1,54105.2,10738699,1301.1850213411403,0.6842105263157895,0.3157894736842105,0.05263157894736842,4028421.052631579,-3.7565740045078955,-3.7565740045078955,-1.423857968535088,-1.534321012085006,53.69585253456221,36.87737041719343,0.0,0.5,68150.35,1951.0,2.2511711628550923,0.178615876121222,0.7761669430192986,-0.6,0.0
2018-12-26,,,,1289.2,1292.6,1300.9,1309.4,1296.869326716179,19.785714285714285,39.39393939393939,-5.525800484571619,-3.570564627677112,-1.9552358568945065,1328.9818352975924,1272.8181647024078,1300.9,56.16367059518461,-77.02702702702703,37.38544648877766,41.359339237988465,29.43766099035605,-68.48351032179171,20.216606498194945,33.2129963898917,11.787813440113647,7.095100289392277,1266.0,1331.0,1281.0,0,0,52857.0,10784904,1300.112098996664,0.6153846153846154,0.38461538461538464,0.15384615384615385,3554230.769230769,-3.6063110443275814,-3.7565740045078955,-1.5609030407601698,-1.534321012085006,53.69585253456221,36.87737041719343,0.0,0.45,68613.4,-6666.0,-7.522258708825625,0.18255242279444706,0.75041181671032,-0.5,0.0
2018-12-27,,,,1285.8,1292.7,1299.65,1308.2166666666667,1295.6436765527335,19.785714285714285,29.203539823008853,-5.874953950972213,-4.031442492336133,-1.8435114586360797,1328.4306587100853,1270.869341289915,1299.65,57.561317420170326,-75.67567567567568,36.775482844370295,39.83138710678241,30.663674319546075,-42.492158680068,19.494584837545126,33.2129963898917,13.327083820111893,0.0,1266.0,1331.0,1281.0,0,0,54131.5,10850990,1299.0269772067404,0.2692307692307692,0.7307692307692307,0.038461538461538464,2541769.230769231,-3.531179564237419,-3.7565740045078955,-1.6285555612512537,-1.534321012085006,53.69585253456221,35.3896103896104,0.0,0.4,69331.9,-813.0,-0.992056228722038,0.18494718101996355,0.7572664561685011,-0.8,0.0
2018-12-28,,,,1284.8,1292.4,1299.9,1307.3166666666666,1295.4871359286635,19.928571428571427,35.83333333333334,-5.28383539671654,-4.281921073212215,-1.0019143235043257,1328.3763983529311,1271.423601647069,1299.9,56.952796705862056,-54.09836065573771,43.77624782217279,41.14634067857921,49.03606210935996,-37.75793946559135,17.56272401433692,32.97491039426524,15.454014494417432,26.432291666666693,1266.0,1331.0,1281.0,0,0,53070.7,10905670,1298.917547410027,0.9411764705882353,0.058823529411764705,0.5882352941176471,3216470.588235294,-2.7798647633358486,-3.7565740045078955,0.42402017755036375,-1.3260953745698694,53.69585253456221,35.3896103896104,0.0,0.4,69411.5,-7334.0,-9.038921343883267,0.18507709362319844,0.7702304794782628,-0.7,0.0
2019-01-02,,,,1285.2,1290.1,1298.8,1306.3833333333334,1294.3931229830764,19.142857142857142,39.81481481481481,-5.558214473619273,-4.537179753293627,-1.0210347203256465,1327.9753320460443,1269.6246679539556,1298.8,58.350664092088664,-61.702127659574465,42.192295296082676,41.49499221774703,43.58690145275396,-36.606647196340816,19.402985074626866,25.74626865671642,16.151433958070662,42.30604091995218,1313.0,1331.0,1281.0,0,0,50968.35,10865363,1297.8999182826205,0.06666666666666667,0.9333333333333333,0.6666666666666666,2687133.333333333,-3.531179564237419,-3.7565740045078955,-1.5926580219882063,-1.3260953745698694,53.69585253456221,35.3896103896104,0.0,0.35,69964.5,2732.0,3.7016963850197815,0.1844658690979391,0.7019081244960161,-0.7,0.0
2019-01-03,,,,1289.6,1290.6,1298.7,1305.6333333333334,1295.2128255561167,19.642857142857142,54.385964912280706,-4.1941728447125115,-4.468578371577404,0.27440552686489283,1327.7994664446853,1269.6005335553148,1298.7,58.19893288937055,-21.27659574468085,56.58348141690064,46.5244886174649,76.70146701577212,-7.446994861047054,21.454545454545457,22.545454545454547,14.98277389612997,100.0,1266.0,1331.0,1281.0,0,0,52405.3,10937546,1297.6082625866723,0.9166666666666666,0.08333333333333333,0.7916666666666666,3007625.0,-2.103681442524441,-3.7565740045078955,-0.07047622095088407,-1.3260953745698694,54.30576441102757,35.3896103896104,0.0,0.35,71481.4,10962.0,14.322671683913457,0.18331001040673456,0.6941582312514656,-0.3,0.0
2019-01-04,,,,1296.2,1292.7,1298.8,1305.1,1297.192556455534,19.0,64.1025641025641,-2.040645382239063,-3.9829917737097364,1.9423463914706733,1328.1336523108132,1269.4663476891867,1298.8,58.6673046216265,-4.0,69.72232094460043,54.25709939317674,100.6527640474478,45.21845744634799,27.067669172932334,13.157894736842104,14.983598040256295,100.0,1266.0,1331.0,1281.0,0,0,54745.65,11024248,1298.2071482696192,0.8888888888888888,0.1111111111111111,0.7222222222222222,4816777.777777777,-1.1269722013523942,-3.7565740045078955,0.20185302011790598,-1.3260953745698694,54.715668481548704,35.3896103896104,0.0,0.35,73285.25,6476.0,7.40131202998926,0.18568905862957338,0.7659191056349947,0.0,0.0
2019-01-07,,,,1302.6,1294.2,1299.05,1304.85,1298.9837415550069,18.428571428571427,59.22330097087379,-0.33015354830990873,-3.252424128629771,2.922270580319862,1328.9020915250169,1269.197908474983,1299.05,59.70418305003386,-5.882352941176471,77.85409631600812,62.12276503412053,109.31675887978332,52.799066645469686,24.031007751937988,13.565891472868218,16.04858957442519,86.01891246985747,1319.0,1331.0,1281.0,0,0,56206.6,11024248,1298.6500692682591,0.7692307692307693,0.23076923076923078,0.0,4379461.538461538,-1.1269722013523942,-3.7565740045078955,0.4035959614955636,-1.3260953745698694,56.123882503192846,35.3896103896104,0.0,0.35,74875.55,-5190.0,-5.522804179879537,0.1797638633335208,0.7312719122336998,0.1,0.0
2019-01-08,,,,1305.8,1295.3,1298.0,1304.3833333333334,1300.0329090259586,17.785714285714285,51.515151515151516,0.5351053363731353,-2.4949182356291897,3.030023572002325,1324.397767050645,1271.602232949355,1298.0,52.79553410128983,-17.647058823529413,79.35371126949562,67.86641377924556,102.32830624999573,49.59641187450436,20.080321285140563,14.056224899598394,16.99462836730083,63.9319068447807,1319.0,1328.0,1281.0,0,0,55831.45,10968530,1297.7744377646172,0.36363636363636365,0.6363636363636364,0.5454545454545454,5065272.727272727,-1.3554216867470048,-3.7565740045078955,-1.4530347270630084,-1.3260953745698694,56.123882503192846,35.3896103896104,0.0,0.35,76240.4,9300.0,10.474860335195535,0.18856528631806205,0.696708483287041,0.0,0.0
2019-01-09,,,,1310.8,1298.0,1297.05,1304.1666666666667,1300.886917690153,17.214285714285715,56.043956043956044,1.1271445726761158,-1.7705056739681289,2.8976502466442446,1320.0509153135292,1274.0490846864707,1297.05,46.00183062705855,-19.607843137254903,78.6600499372395,71.46429249857687,93.05156481456478,55.18693852808111,19.917012448132777,15.767634854771785,17.510727742548955,76.90878692179082,1319.0,1316.0,1281.0,0,0,56993.05,10901560,1297.1590612071707,0.5,0.5,0.08333333333333333,5580833.333333333,-0.5319148936170137,-3.7565740045078955,-1.312067669667908,-1.3260953745698694,56.13146113146113,35.3896103896104,0.0,0.35,77943.3,-4113.0,-4.193344480241423,0.18420565283059442,0.733913606478679,0.3,0.0
2019-01-10,,,,1311.6,1300.6,1297.1,1303.9833333333333,1301.4691160053765,17.071428571428573,56.666666666666664,1.4186038652476327,-1.1326837661249767,2.5512876313726096,1320.187020732714,1274.0129792672858,1297.1,46.17404146542822,-23.529411764705884,76.24955710101682,73.05938069939018,82.62990990427011,58.018502757835286,20.502092050209203,13.807531380753137,18.381807881921777,78.6931079323797,1319.0,1316.0,1281.0,0,0,57494.25,10849367,1297.1796202808687,0.18181818181818182,0.8181818181818182,0.18181818181818182,4744818.181818182,-0.6838905775075954,-3.7565740045078955,0.13769768138899052,-1.011070478292289,56.48953301127214,35.80952380952382,0.0,0.35,80052.35,2656.0,2.8264038905619904,0.1725373604741066,0.6769499676435047,-0.1,0.0
2019-01-11,,,,1313.0,1304.6,1298.6,1303.95,1303.5196763858169,17.071428571428573,61.0,2.907142013385055,-0.3247186102229703,3.2318606236080254,1324.3142188803884,1272.8857811196115,1298.6,51.42843776077689,-5.172413793103448,82.08303806734455,76.0672664887083,94.11458122461704,87.61789783644174,22.17573221757322,13.807531380753137,19.16231122693611,91.10988296488947,1268.0,1323.0,1281.0,1,0,59668.15,10928865,1298.5661336910898,0.8421052631578947,0.15789473684210525,0.8421052631578947,4184105.263157895,0.0,-3.7565740045078955,2.4786626198704385,-0.800160394663756,56.55072463768116,37.241854636591476,0.0,0.4,83208.85,10860.0,11.239094662982385,0.1485745484852833,0.6403477327888926,-0.1,0.0
2019-01-14,,,,1313.2,1307.9,1300.3,1304.1333333333334,1304.8035167300247,16.785714285714285,58.65384615384615,3.5616133030835044,0.4525477724383246,3.10906553064518,1326.1668656168272,1274.4331343831727,1300.3,51.73373123365445,-15.517241379310345,81.38869204489636,77.84107500743765,88.48392611981379,79.11749358668636,21.70212765957447,14.042553191489363,20.58303336194396,84.3871911573472,1326.0,1323.0,1281.0,0,0,60259.1,10880823,1299.9554789235153,0.2222222222222222,0.7777777777777778,0.6666666666666666,5338000.0,-0.45351473922902175,-3.7565740045078955,2.8803096625051503,-0.7995926006570213,57.06410256410257,38.15709486482162,0.0,0.45,85187.4,-10555.0,-9.819792160912478,0.130435286252235,0.6112223070036904,0.0,0.0
2019-01-15,,,,1312.8,1309.3,1300.85,1304.0333333333333,1305.1079437081178,15.785714285714286,63.541666666666664,3.3158388058036508,1.0252059791113899,2.290632826692261,1326.8886352620998,1274.8113647379,1300.85,52.077270524199776,-31.03448275862069,74.2591280299309,76.64709268160206,69.4831987265886,44.11977472356899,23.076923076923077,10.407239819004523,22.470779209421355,98.3927990897269,1326.0,1323.0,1281.0,0,0,60892.75,10829441,1300.7095683257312,0.14285714285714285,0.8571428571428571,0.6428571428571429,3670142.8571428573,-1.13378684807256,-3.7565740045078955,0.9846330826402727,-0.7995926006570213,58.767737117251684,38.29787234042553,0.0,0.5,87140.4,1704.0,1.7579333966079247,0.11152444023695898,0.6017945698939332,0.0,0.0
2019-01-16,,,,1314.4,1312.6,1301.35,1303.8666666666666,1306.2405204978209,15.714285714285714,67.30769230769232,3.803441820119133,1.5808531473129386,2.2225886728061943,1328.255487602992,1274.4445123970079,1301.35,53.81097520598405,-17.647058823529413,71.30095714815907,74.86504750378774,64.17277643690176,52.51339666865062,24.09090909090909,7.2727272727272725,24.623154603699284,100.0,1275.0,1323.0,1281.0,0,0,60753.75,10876470,1301.1429802001248,0.7222222222222222,0.2777777777777778,0.5,2612722.222222222,-0.45351473922902175,-3.7565740045078955,0.8984865492298403,-0.7995926006570213,59.3471447137069,38.98824579675644,0.0,0.5,88416.05,-1959.0,-1.9860902713005446,0.10371168834689204,0.5565522143818726,-0.2,0.0
2019-01-17,,,,1314.2,1312.9,1301.75,1303.5833333333333,1306.2176137837425,15.785714285714286,60.176991150442475,3.2646300299663835,1.9176085238436276,1.347021506122756,1328.6836416518158,1274.8163583481842,1301.75,53.867283303631666,-40.816326530612244,51.88179751906257,67.20396417554602,21.237464206095694,33.0700847553838,23.52941176470588,7.239819004524886,26.667215471289563,81.28628852166142,1326.0,1323.0,1281.0,0,0,59928.8,10829066,1301.4831288684795,0.07142857142857142,0.9285714285714286,0.7857142857142857,3386000.0,-1.2849584278155635,-3.7565740045078955,0.7273567048285242,-0.8589049575545188,59.90941397811999,39.34731934731935,0.0,0.55,89300.45,-3197.0,-3.3068878843985683,0.09776662558343155,0.5499429923842257,0.1,0.0
2019-01-18,,,,1311.8,1312.4,1302.55,1303.2666666666667,1306.673079137672,15.357142857142858,61.53846153846154,3.2041406783655475,2.1749149547480116,1.029225723617536,1329.5897368407661,1275.5102631592338,1302.55,54.07947368153236,-31.25,52.29619834604171,62.234708899044584,32.41917724003598,16.393411135158363,17.209302325581394,12.55813953488372,25.92418709555571,81.6700610997963,1278.0,1323.0,1281.0,0,0,60314.55,10891679,1302.045096083781,0.85,0.15,0.25,3130650.0,-0.9070294784580435,-3.7565740045078955,1.397181105881128,-0.8589049575545188,60.34159292035398,39.34731934731935,0.0,0.6,89877.65,-2671.0,-2.85729567821994,0.09354775439492072,0.5399222768035711,-0.2,0.0
2019-01-21,,,,1317.0,1315.1,1304.65,1303.6166666666666,1310.1327858864652,16.785714285714285,67.62589928057554,5.6729408652495295,2.8745201368483153,2.798420728401214,1337.154412655854,1272.1455873441462,1304.65,65.00882531170782,-6.0606060606060606,65.68174229358755,63.383720030558905,70.27778681964483,102.38894745757405,29.787234042553195,11.48936170212766,26.912290167449083,100.0,1278.0,1343.0,1281.0,1,0,62299.05,10994380,1304.7949064498844,0.8918918918918919,0.10810810810810811,0.8648648648648649,2775702.7027027025,0.0,-3.7565740045078955,2.878427835708785,-0.8589049575545188,61.10769230769231,39.34731934731935,1.0,0.65,91003.1,12461.0,13.722208151174442,0.09479826986012295,0.6396951511767318,-0.1,0.0
2019-01-22,,,,1322.0,1317.4,1306.35,1303.65,1312.31061580204,16.642857142857142,67.62589928057554,6.744816329443665,3.6485793753673854,3.09623695407628,1341.0897845643242,1271.6102154356756,1306.35,69.47956912864856,-21.21212121212121,68.31613008251747,65.0278567145451,74.89267681846223,90.63631816044624,28.755364806866954,11.587982832618026,28.948261932627815,100.0,1347.0,1343.0,1281.0,0,0,62039.0,10942034,1306.2016196800935,0.3,0.7,1.0,5234600.0,-0.7446016381235987,-3.7565740045078955,2.3035845950643195,-0.8589049575545188,61.597181444509694,39.34731934731935,1.0,0.7,91390.15,-10408.0,-10.078435169942868,0.09325030713142153,0.6482494002582807,0.2,0.0
2019-01-23,,,,1325.6,1320.0,1309.0,1303.8666666666666,1314.4715095351792,15.785714285714286,63.114754098360656,7.667284954331308,4.452320491160171,3.214964463171137,1344.0037591965688,1273.9962408034312,1309.0,70.00751839313762,-22.641509433962263,71.3302502436909,67.12865455759369,79.73344161588531,83.2281825016398,28.054298642533936,11.312217194570136,31.808933131857007,71.9991570354267,1294.0,1343.0,1281.0,0,0,60853.5,10993572,1308.5747001678894,0.4166666666666667,0.5833333333333334,0.16666666666666666,4294833.333333333,-0.5956813104988745,-3.7565740045078955,3.8356534678515337,-0.7759192300425133,61.92466524840446,39.34731934731935,1.0,0.75,91854.2,3085.0,3.3221339191488397,0.09258200961492136,0.6583885647433122,0.5,0.0
2019-01-24,,,,1332.0,1323.1,1311.85,1304.0166666666667,1316.7123181508764,15.285714285714286,59.82142857142857,8.541956555547358,5.270247704037608,3.27170885150975,1346.535200848363,1277.1647991516368,1311.85,69.37040169672628,-16.9811320754717,75.22645613730336,69.82792175083024,86.02352491024959,74.82678903922147,22.897196261682243,12.616822429906541,31.406642358193874,51.55736516528126,1294.0,1343.0,1283.0,0,0,59446.1,11041964,1311.5756825651024,0.9090909090909091,0.09090909090909091,0.2727272727272727,4399272.727272727,-0.37230081906178825,-3.6063110443275814,4.129930393353868,-0.7759192300425133,61.92466524840446,39.34731934731935,1.0,0.8,92242.1,428.0,0.44607960644940103,0.09242550323060786,0.65739232392774,0.6,0.0
2019-01-25,,,,1338.0,1324.9,1314.75,1304.25,1319.0254307079358,15.5,60.869565217391305,9.369212578659244,6.090040678961936,3.2791718996973085,1348.974491076861,1280.525508923139,1314.75,68.44898215372223,-16.071428571428573,78.12716123439272,72.59433491201773,89.1928138791427,86.66816792497845,27.1889400921659,12.442396313364055,32.076231699564566,58.063187621344944,1294.0,1343.0,1284.0,0,0,59998.2,11099211,1314.1500622796464,0.4375,0.5625,0.1875,3577937.5,-0.14892032762472418,-3.531179564237419,4.194138133189816,-0.7759192300425133,61.92466524840446,39.34731934731935,1.0,0.85,93015.3,1040.0,1.079118028534376,0.08858232781440706,0.6370241031216728,0.9,0.0
2019-01-28,,,,1337.4,1327.2,1317.55,1304.5333333333333,1321.0230087357515,16.285714285714285,63.63636363636363,9.830803906411575,6.838193324451864,2.9926105819597106,1350.3137476167046,1284.7862523832953,1317.55,65.52749523340935,-32.35294117647059,74.63379376410495,73.27415452938013,77.3530722335546,92.40189175582994,31.140350877192983,11.842105263157896,34.022724582432,65.5538318336953,1362.0,1343.0,1284.0,0,0,60402.8,11025033,1317.6181313890527,0.0,1.0,0.045454545454545456,3371727.2727272725,-0.22338049143706407,-3.531179564237419,4.042000363786131,-0.7759192300425133,62.33606557377049,39.34731934731935,1.0,0.9,93893.5,1287.0,1.3211517733408673,0.08342370564799391,0.5884330535034971,0.5,0.0
2019-01-29,,,,1338.8,1330.4,1319.85,1304.5833333333333,1322.8303412371085,16.142857142857142,64.22018348623854,10.080417580218409,7.486638175605174,2.593779404613235,1352.1073533027984,1287.5926466972014,1319.85,64.51470660559698,-32.35294117647059,72.30488211724644,72.95106372533556,71.01251890106818,66.61311495873667,31.41592920353982,12.389380530973451,36.29461290083194,68.92377491819413,1362.0,1343.0,1284.0,0,0,59749.0,11025033,1319.730091995961,0.4,0.6,0.0,4160399.9999999995,-0.22338049143706407,-3.531179564237419,3.3534658025116704,-0.7759192300425133,62.592592592592595,39.34731934731935,1.0,0.95,94889.75,-4973.0,-5.038398411379708,0.06587240883719628,0.5644688054878196,0.4,0.0
2019-01-30,,,,1343.0,1334.3,1323.45,1304.9833333333333,1325.989356357384,17.285714285714285,69.91869918699187,11.43746057160297,8.276802654804733,3.160657916798236,1354.9224608105226,1291.9775391894775,1323.45,62.94492162104507,-13.88888888888889,76.90695844853467,74.26969529973526,82.18148474613346,96.91676153131039,37.190082644628106,11.570247933884298,38.65391131221799,99.99999999999999,1294.0,1356.0,1303.0,1,0,60665.3,11083666,1322.4131021632904,0.6296296296296297,0.37037037037037035,0.5925925925925926,2171592.592592593,0.0,-2.103681442524441,5.217198508880731,-0.7491331355644193,62.9933211900425,39.34731934731935,1.0,1.0,96022.15,5455.0,5.81997034002284,0.047680340184757426,0.5752694247889327,0.4,0.0
2019-01-31,,,,1348.6,1340.3,1326.6,1305.8,1329.799893847157,17.071428571428573,68.37606837606837,13.168050259193706,9.255052175682529,3.9129980835111766,1361.8399295058182,1291.3600704941816,1326.6,70.47985901163656,-7.6923076923076925,81.37883251407688,76.6394077045158,90.85768213319903,111.28531629895197,35.98326359832636,11.715481171548117,40.626866957144266,86.30580615313437,1294.0,1366.0,1306.0,1,0,59614.1,11134825,1325.805056465948,0.625,0.375,0.625,3197437.5,0.0,-1.3554216867470048,4.745191729455343,-0.7491331355644193,63.20013661202186,39.34731934731935,1.0,1.0,96235.8,-7413.0,-7.473987739958055,0.044135229303555096,0.5863377782290589,0.1,1.0
2019-02-01,,,,1356.4,1347.2,1329.8,1306.8,1334.5808563379037,17.857142857142858,75.2,15.490671236546405,10.502175987855304,4.9884952486911,1371.9356206351797,1287.6643793648202,1329.8,84.2712412703595,-4.444444444444445,85.20493596176554,79.49458379026572,96.62564030476517,115.33228800737889,39.199999999999996,11.2,43.06450868050028,100.0,1294.0,1380.0,1306.0,1,0,57979.0,11188825,1329.224617246474,0.8,0.2,0.7,2700000.0,0.0,-1.3554216867470048,4.763950741774422,-0.7491331355644193,63.560606060606055,39.34731934731935,1.0,1.0,96035.55,-1802.0,-1.9635832670451436,0.046329217918104855,0.5888469182387649,-0.2,1.0
2019-02-11,,,,1364.8,1351.1,1333.1,1308.2,1339.0969652581034,18.214285714285715,81.35593220338983,17.293400820095258,11.860420954303295,5.432979865791962,1380.67221657091,1285.5277834290898,1333.1,95.14443314182017,-13.72549019607843,83.27387887647114,80.75434881900087,88.3129389914117,111.43256894023281,43.13725490196078,7.450980392156863,45.40056566772005,100.0,1294.0,1382.0,1306.0,1,0,56414.15,11214461,1331.2769556337666,0.2631578947368421,0.7368421052631579,0.10526315789473684,1349263.1578947369,0.0,-1.3554216867470048,4.9173712090647035,-0.7491331355644193,63.72960372960373,39.34731934731935,1.0,1.0,96158.95,1283.0,1.4260467494359164,0.044385688967733004,0.49472719522692615,0.2,1.0
2019-02-12,,,,1369.8,1354.3,1335.85,1309.55,1341.563920947808,18.357142857142858,69.04761904761905,17.15259464401447,12.918855692245533,4.233738951768938,1384.1528821194804,1287.5471178805194,1335.85,96.605764238961,-30.392156862745097,73.65317415294155,78.3872905969811,64.18494126486243,71.24685675946793,42.023346303501945,12.062256809338521,45.52717245682293,42.84375732021554,1396.0,1382.0,1306.0,0,0,55915.65,11168713,1333.8849397857903,0.1,0.9,0.85,2287400.0,-1.230101302460207,-1.2849584278155635,3.8930837106927823,-0.8549750727160206,64.12608797929899,39.73063973063972,1.0,1.0,96043.15,4516.0,4.948932626134228,0.04419321530722845,0.5014913293888852,0.0,0.0
2019-02-13,,,,1369.2,1356.1,1338.05,1311.1166666666666,1342.653071333731,18.785714285714285,68.50393700787401,15.889540293592063,13.51299261251484,2.3765476810772235,1385.198031158268,1290.901968841732,1338.05,94.29606231653588,-42.15686274509804,59.317169865401894,72.03058368645469,33.8903422232963,40.77664757305106,41.06463878326996,16.730038022813687,44.75317864877339,40.319055339445896,1396.0,1382.0,1306.0,0,0,55287.45,11114307,1336.5622318748046,0.15,0.85,0.6,2720300.0,-2.098408104196814,-2.098408104196814,3.0313225941194855,-0.8966699002878424,64.41318382602788,40.19317879030109,1.0,1.0,96263.1,2602.0,2.7169827082115017,0.044102083471480084,0.4938755912685579,-0.4,0.0
2019-02-14,,,,1364.4,1356.5,1339.8,1312.4833333333333,1342.590874063852,18.428571428571427,61.65413533834586,13.841397537066541,13.57867359742518,0.2627239396413614,1384.6370147839095,1294.9629852160904,1339.8,89.67402956781916,-62.7906976744186,42.87811324360127,62.31309353883688,4.008152653130054,12.324921834608878,41.86046511627907,16.666666666666668,46.711847049908684,8.510559603506294,1396.0,1382.0,1306.0,0,0,55163.65,11064590,1338.2606357024356,0.13333333333333333,0.8666666666666667,0.7333333333333333,3314466.6666666665,-2.894356005788712,-2.894356005788712,2.37383179090817,-0.8966699002878424,64.41318382602788,40.75828388384183,1.0,1.0,96182.1,-3363.0,-3.418725221103991,0.044223835790417415,0.4870425105683186,-0.2,0.0
2019-02-15,,,,1354.2,1355.3,1340.1,1313.5666666666666,1341.29650510539,17.571428571428573,43.85964912280702,11.041953525121244,13.071329582964394,-2.02937605784315,1384.5422748007945,1295.6577251992053,1340.1,88.88454960158924,-89.33333333333333,32.140964384623075,52.25571715409895,-8.08854115432868,-19.33360647420637,30.487804878048774,25.203252032520325,44.22321520617111,0.0,1396.0,1382.0,1306.0,0,0,54434.7,10999671,1339.3180927484368,0.32,0.68,0.52,2596760.0,-3.83502170767005,-3.83502170767005,0.46497947677018003,-0.9817733214568386,64.41318382602788,41.41461910147014,1.0,0.95,95685.3,2544.0,2.677697432820736,0.03498342543621004,0.5000987222184735,-0.3,0.0
2019-02-18,,,,1343.2,1354.0,1340.6,1314.5833333333333,1339.934933190591,17.642857142857142,47.16981132075472,8.5632785468149,12.169719375734497,-3.606440828919597,1384.1643504665753,1297.0356495334245,1340.6,87.12870093315087,-92.0,24.093976256415388,42.86847018820444,-13.455011607162717,-30.496305741400413,30.364372469635626,25.101214574898787,41.861490892280315,8.82797420436012,1396.0,1382.0,1306.0,0,0,54459.35,10951136,1339.709792104876,0.42857142857142855,0.5714285714285714,0.14285714285714285,3466785.714285714,-3.979739507959479,-3.979739507959479,0.7357338210566674,-0.9817733214568386,64.41318382602788,41.78503645989412,1.0,0.9,95236.7,-9591.0,-9.83178029953563,0.03936159274756487,0.5542684410150709,-0.4,-1.0
2019-02-19,,,,1341.8,1355.8,1343.1,1315.8833333333334,1341.655415743868,19.285714285714285,58.51851851851852,8.99664397923243,11.535104296434085,-2.538460317201654,1384.4707244570461,1301.7292755429537,1343.1,82.74144891409242,-50.666666666666664,32.507095282054706,39.4146785528212,18.691928740521718,9.741959053662352,35.92592592592593,22.962962962962965,40.396051105435184,39.09419332099745,1321.0,1382.0,1306.0,0,0,57366.2,11060655,1341.6765037600537,0.9714285714285714,0.02857142857142857,0.8857142857142857,3129114.285714286,-1.736613603473236,-3.979739507959479,3.0087752459487485,-0.9817733214568386,64.41318382602788,42.44286840031521,2.0,0.9,95610.1,18144.0,20.627557980900413,0.04620205340621083,0.665166301834099,0.0,0.0
2019-02-20,,,,1342.2,1355.7,1345.0,1316.8666666666666,1342.9263285301663,19.714285714285715,56.2962962962963,8.99433320429739,11.026950078006745,-2.0326168737093546,1384.7836253011308,1305.2163746988692,1345.0,79.56725060226154,-54.666666666666664,36.78250796581425,38.53728835715222,33.2729471831383,22.791656164681452,36.231884057971016,21.739130434782606,40.11409621821714,33.167679971803686,1396.0,1382.0,1306.0,0,0,58083.95,10999271,1343.434637853199,0.5882352941176471,0.4117647058823529,0.17647058823529413,3610823.529411765,-1.953690303907396,-3.979739507959479,2.305649117383977,-0.9817733214568386,64.41318382602788,43.606237816764136,2.0,0.9,95436.65,-12896.0,-12.154112945789041,0.046536909428927395,0.6862652928924265,0.3,0.0
2019-02-21,,,,1345.4,1354.9,1347.6,1317.9333333333334,1344.361916289198,20.571428571428573,56.2962962962963,9.129339483715512,10.647427959148498,-1.518088475432986,1383.2320376242867,1311.9679623757131,1347.6,71.26407524857359,-50.666666666666664,40.96611642165394,39.34689771198613,44.204553840989576,20.604006877090786,32.638888888888886,22.916666666666664,38.70628890924705,33.167679971803686,1321.0,1382.0,1311.0,0,0,60177.6,11088548,1345.584688211782,0.6785714285714286,0.32142857142857145,0.10714285714285714,3188464.285714286,-1.7366136034732582,-3.979739507959479,3.218227574324404,-0.9817733214568386,64.41318382602788,44.38483305036785,2.0,0.9,95459.85,736.0,0.7896317912625461,0.04642548171171352,0.7716699298572808,0.4,0.0
2019-02-22,,,,1350.6,1352.4,1349.8,1318.8666666666666,1345.3750671187981,19.928571428571427,55.47445255474454,8.891759338145903,10.296294234947979,-1.404534896802076,1381.085443058454,1318.5145569415458,1349.8,62.57088611690824,-54.666666666666664,45.59031417357575,41.428036532516,53.91486945569525,10.326967392961532,29.39068100358423,23.655913978494628,36.27149259689971,30.97587941443765,1396.0,1382.0,1327.0,0,0,59766.65,11034154,1347.962989671776,0.7692307692307693,0.23076923076923078,0.23076923076923078,4184153.8461538455,-1.9536903039074183,-3.979739507959479,2.72324182398851,-0.9817733214568386,64.41318382602788,44.57201561536881,2.0,0.9,94935.3,-13626.0,-14.504385591416158,0.05796257122014805,0.7740189703977804,0.7,0.0
2019-02-25,,,,1356.6,1349.9,1350.5,1319.65,1346.4822035836744,20.5,56.115107913669064,8.763834616253462,9.989802311209077,-1.2259676949556155,1381.7713085245475,1319.2286914754525,1350.5,62.54261704909504,-52.0,54.88333870075118,45.91313725526106,72.82374159173142,20.971677155129722,31.358885017421603,21.602787456445995,34.48482896813082,32.68446305604208,1321.0,1382.0,1327.0,0,0,57477.1,11091064,1349.7174071644763,0.5,0.5,0.1111111111111111,3161666.6666666665,-1.8089725036179893,-3.979739507959479,1.050428440007134,-0.9817733214568386,64.41318382602788,45.28083381586567,1.0,0.9,94190.4,8054.0,10.027640130481341,0.056485528759920633,0.792458441316809,0.8,0.0
2019-02-26,,,,1356.8,1349.3,1351.8,1320.5166666666667,1347.6743746709435,19.785714285714285,51.20000000000001,8.723280094927532,9.736497867952767,-1.0132177730252359,1382.1564785419682,1321.4435214580317,1351.8,60.712957083936544,-49.333333333333336,64.12512435122542,51.983799620582516,88.40777381251124,14.54847394692253,25.270758122743683,23.10469314079422,31.05163175805529,19.576209357652676,1321.0,1382.0,1327.0,0,0,57830.1,11150470,1350.7363561536292,0.7647058823529411,0.23529411764705882,0.11764705882352941,3494470.588235294,-1.6642547033285493,-3.979739507959479,1.9501439647278722,-0.9817733214568386,64.41318382602788,46.7379679144385,1.0,0.9,93772.75,-3863.0,-4.371294075046395,0.06122634094029742,0.7266123036931308,0.5,0.0
2019-02-27,,,,1358.2,1350.2,1353.15,1321.7833333333333,1349.0387199403776,19.571428571428573,48.30508474576271,8.83141224950191,9.555480744262596,-0.7240684947606866,1382.7528092549462,1323.547190745054,1353.15,59.20561850989225,-45.333333333333336,70.64123936340198,58.20294620152234,95.51782568716126,34.38964686869048,25.912408759124084,23.35766423357664,27.787916915393083,11.85567010309278,1321.0,1382.0,1327.0,0,0,58308.05,11211567,1352.0448663034806,0.38461538461538464,0.6153846153846154,0.23076923076923078,4699769.23076923,-1.4471780028943892,-3.979739507959479,2.0183134718247313,-0.9817733214568386,64.41318382602788,47.147613762486124,1.0,0.9,93854.9,13081.0,15.47882474056017,0.061645083358743726,0.72010988727797,0.6,0.0
2019-02-28,,,,1351.6,1348.5,1352.5,1322.15,1346.749318041294,21.857142857142858,30.496453900709227,5.863921347821133,8.817168864974304,-2.953247517153171,1384.0127376083738,1320.9872623916262,1352.5,63.02547521674751,-94.66666666666667,49.60988284604157,55.33859174969542,38.152465038733894,-46.11877037273538,20.588235294117645,32.35294117647059,25.4069645344407,0.0,1396.0,1382.0,1325.0,0,1,62809.75,11073141,1351.4109316892147,0.057692307692307696,0.9423076923076923,0.7115384615384616,2662038.4615384615,-4.124457308248941,-4.124457308248941,-0.6767097366070352,-1.3044258995985767,64.41318382602788,47.147613762486124,2.0,0.85,94036.95,2426.0,2.485910441643613,0.06300474766518616,0.8068533044225153,0.2,0.0
2019-03-01,,,,1347.2,1348.9,1352.1,1322.5833333333333,1345.4398591802183,21.714285714285715,33.33333333333333,4.110315412340924,7.875798174447629,-3.7654827621067053,1384.4201094317375,1319.7798905682623,1352.1,64.64021886347518,-76.92307692307692,42.00182665926582,50.893003386218886,24.219473205359677,-80.36340647584956,16.77631578947368,33.88157894736842,22.78007868496349,7.358738501971061,1318.0,1382.0,1325.0,0,0,64547.4,11165141,1350.2221599940508,0.8823529411764706,0.11764705882352941,0.47058823529411764,5411764.705882353,-3.545586107091203,-4.124457308248941,-0.38017093670546126,-1.3044258995985767,64.41318382602788,46.7379679144385,2.0,0.8,93611.6,-11108.0,-11.106223004319304,0.06382382591872944,0.8783622092231032,0.0,0.0
2019-03-04,,,,1339.0,1347.8,1350.9,1322.7,1342.6360630678164,22.642857142857142,33.33333333333333,1.3334410707270763,6.56732675370352,-5.233885682976443,1386.7059095386512,1315.094090461349,1350.9,71.61181907730224,-84.05797101449275,33.31522743467963,45.0337447357058,9.878192832627278,-94.99906218506439,17.034700315457414,32.17665615141956,21.021046350391583,7.464002350866853,1374.0,1382.0,1316.0,0,1,65814.0,11065631,1348.0749802473638,0.3333333333333333,0.6666666666666666,0.5151515151515151,3015454.5454545454,-4.77568740955141,-4.77568740955141,-1.2552881185184115,-1.347382550483437,64.41318382602788,45.26686217008798,2.0,0.75,93547.9,8520.0,9.582939667971392,0.06332690846053154,0.9538396832186835,-0.4,0.0
2019-03-05,,,,1328.8,1342.8,1349.3,1323.0166666666667,1339.337390394691,22.214285714285715,34.26573426573427,-1.4955452774970581,4.954752347463404,-6.450297624960462,1389.7193804478106,1308.8806195521893,1349.3,80.83876089562136,-95.65217391304348,23.659426985438593,37.9089721522834,-4.839663348251008,-101.14396794165307,17.363344051446944,28.617363344051444,19.76177930165085,12.097435338920862,1374.0,1382.0,1308.0,0,1,67186.65,10996574,1346.4503908142465,0.07142857142857142,0.9285714285714286,0.5714285714285714,4932642.857142857,-5.354558610709148,-5.354558610709148,-1.6954201629221268,-1.347382550483437,64.41318382602788,44.38483305036785,2.0,0.7,93352.4,-7609.0,-7.809869852609108,0.06408021116851854,0.9670179872834677,-0.2,0.0
2019-03-06,,,,1317.4,1337.8,1346.75,1323.0,1336.0671627380539,22.142857142857142,36.296296296296305,-3.934260561404926,3.176949765689738,-7.111210327094664,1391.5836105123647,1301.9163894876353,1346.75,89.66722102472932,-88.46153846153847,19.619105169779576,31.812349824782125,-4.767384140225516,-102.38298671181781,17.41935483870968,29.03225806451613,18.47275375765842,20.697412823397084,1374.0,1382.0,1305.0,0,1,68772.85,10906217,1343.332212009051,0.6428571428571429,0.35714285714285715,0.21428571428571427,6454071.428571428,-5.571635311143308,-5.571635311143308,-2.8615596498454723,-1.347382550483437,64.12608797929899,43.606237816764136,2.0,0.65,93804.85,18414.0,20.501230251951142,0.07185619306221942,1.0087739484598055,-0.6,0.0
2019-03-07,,,,1313.6,1332.6,1343.75,1323.0166666666667,1333.2036234296677,21.5,40.650406504065046,-5.720327971174129,1.3974942183169647,-7.117822189491093,1391.118099414066,1296.381900585934,1343.75,94.73619882813182,-87.17948717948718,17.352907720023993,26.992535789862746,-1.9263484196535146,-79.46447698848343,20.598006644518275,23.588039867109632,18.278315628968606,36.23556201816237,1296.0,1382.0,1305.0,0,0,70979.15,11001502,1340.2365452859515,0.25,0.75,0.0625,5955312.5,-5.4992764109985774,-5.571635311143308,-3.437681426938199,-1.347382550483437,63.72960372960373,42.44286840031521,2.0,0.6,94597.7,-605.0,-0.5589792392338699,0.0781196479608864,0.9090298270940558,-0.5,0.0
2019-03-08,,,,1308.0,1327.6,1340.0,1322.8666666666666,1330.5175640554135,21.5,40.98360655737705,-7.134251691407599,-0.30885496362794806,-6.82539672777965,1387.1593044901606,1292.8406955098394,1340.0,94.31860898032119,-88.46153846153847,15.414758992836507,23.133276857520666,-0.022276736531814834,-73.57990887787487,20.598006644518275,23.588039867109632,18.08387750027879,37.42462520053845,1374.0,1382.0,1305.0,0,0,72176.6,10923553,1337.1399627210667,0.21428571428571427,0.7857142857142857,0.07142857142857142,5567785.714285715,-5.571635311143297,-5.571635311143308,-4.486948049152469,-1.347382550483437,63.560606060606055,41.671898616439954,2.0,0.55,95705.85,4504.0,4.184784628535332,0.08639778457061771,0.8411051076736153,-0.6,0.0
2019-03-11,,,,1302.6,1320.8,1335.35,1322.5,1326.5635103358504,20.571428571428573,17.757009345794387,-9.437077948668275,-2.1344995606360135,-7.302578388032261,1383.4038075603635,1287.2961924396363,1335.35,96.10761512072713,-93.4065934065934,12.474308193026536,19.580287302689293,-1.7376500262989794,-97.46305965314552,13.194444444444445,31.25,19.413336170539345,0.0,1374.0,1365.0,1289.0,0,1,75040.4,10840641,1333.8286900567339,0.2857142857142857,0.7142857142857143,0.7619047619047619,3948190.476190476,-5.567765567765592,-5.571635311143308,-5.510512816128018,-1.347382550483437,63.560606060606055,40.91696654671465,2.0,0.5,96570.65,-3584.0,-3.196233011094063,0.08981016164137175,0.7895967791000245,-0.3,0.0
2019-03-12,,,,1299.4,1314.1,1331.7,1321.85,1323.2717474467217,20.071428571428573,20.560747663551396,-10.894425267619908,-3.886484702032793,-7.007940565587115,1381.3348773810062,1282.0651226189939,1331.7,99.26975476201233,-90.10989010989012,11.612908758720987,16.924494454699857,0.9897373667632436,-88.83187629709967,12.455516014234874,32.02846975088968,20.770479027682203,7.275013472247169,1283.0,1362.0,1289.0,0,0,75464.7,10894875,1331.1712465121664,0.7,0.3,0.3,5423400.0,-5.139500734214375,-5.571635311143308,-4.402892126981798,-1.347382550483437,63.560606060606055,40.483288166215,2.0,0.45,97260.05,1008.0,0.9286214393632308,0.0939873955023869,0.7348344326392775,-0.2,0.0
2019-03-13,,,,1294.6,1306.0,1328.1,1321.0666666666666,1319.2458667375101,19.428571428571427,16.52173913043478,-12.789561483122043,-5.667100058250643,-7.1224614248714,1381.529343406392,1274.6706565936079,1328.1,106.85868681278407,-94.89795918367346,10.430111215491412,14.759700041630376,1.7709335632134824,-89.21880650508662,11.029411764705882,34.19117647058824,23.179015613048055,0.0,1374.0,1362.0,1281.0,0,1,75477.75,10840208,1328.5080640762785,0.2631578947368421,0.7368421052631579,0.5789473684210527,2877210.5263157897,-5.947136563876631,-5.947136563876631,-4.384306456174144,-1.347382550483437,63.560606060606055,39.73063973063972,2.0,0.4,97684.7,-2693.0,-2.4581036182409033,0.0961193971714082,0.6701791783248179,0.1,0.0
2019-03-14,,,,1291.0,1302.3,1325.4,1320.7666666666667,1316.2700699053664,19.428571428571427,21.848739495798313,-13.570200267539576,-7.24772010010843,-6.322480167431146,1381.2735414268247,1269.5264585731754,1325.4,111.74708285364932,-87.75510204081633,13.40502038022008,14.30814015449361,11.598780831673018,-76.67801509118281,11.029411764705882,34.19117647058824,26.06535142621314,13.454274109707068,1276.0,1362.0,1281.0,0,0,75462.25,10889615,1326.5185413899003,0.8461538461538461,0.15384615384615385,0.5384615384615384,3800538.4615384615,-5.433186490455199,-5.947136563876631,-3.2497463136214875,-1.347382550483437,63.560606060606055,39.033948507632715,2.0,0.35,98377.75,2005.0,1.8762340566893965,0.09847904484291226,0.583880551998839,0.4,0.0
2019-03-15,,,,1288.4,1298.2,1323.55,1320.75,1313.958634676284,19.428571428571427,23.140495867768593,-13.708077374789355,-8.539791555044616,-5.168285819744739,1381.3389991352058,1265.7610008647941,1323.55,115.57799827041163,-83.6734693877551,20.788532105331903,16.46827080477304,29.429054706449627,-60.782640640468806,11.029411764705882,34.19117647058824,28.40809853789478,19.086184172351754,1276.0,1362.0,1281.0,0,0,75661.45,10958518,1324.6205551175665,0.6666666666666666,0.3333333333333333,0.2222222222222222,3827944.4444444445,-5.139500734214375,-5.947136563876631,-2.238720329128646,-1.347382550483437,63.560606060606055,37.33444722918407,2.0,0.35,98991.25,953.0,0.8753720101407181,0.10118054168439897,0.5703321427189435,0.8,0.0
2019-03-18,,,,1286.8,1294.7,1321.25,1320.7166666666667,1310.8197170880665,19.785714285714285,20.0,-14.537376220927626,-9.739308488221218,-4.798067732706409,1382.0443037497537,1260.4556962502463,1321.25,121.58860749950736,-94.89795918367346,17.82727537180857,16.921272327118217,19.639281461189285,-60.01206180412511,11.913357400722022,33.2129963898917,31.45969768501632,10.943658706236961,1374.0,1362.0,1281.0,0,0,76511.95,10892973,1322.9125328352848,0.09090909090909091,0.9090909090909091,0.5,2979318.181818182,-5.947136563876631,-5.947136563876631,-2.7754570142944983,-1.347382550483437,63.560606060606055,36.20370370370371,2.0,0.35,99924.45,-3197.0,-2.9111007912876463,0.09808682022728304,0.540512599353637,0.8,0.0
2019-03-19,,,,1281.6,1290.5,1316.65,1320.2,1306.5511726034888,20.428571428571427,16.19718309859155,-16.218024875640822,-11.035051765705138,-5.182973109935684,1379.619583300583,1253.6804166994173,1316.65,125.93916660116565,-99.08256880733946,12.513781065482444,15.452108573239627,6.637126049968074,-74.95172620578379,9.090909090909092,37.06293706293707,35.41833164365027,0.0,1374.0,1362.0,1266.0,0,1,74353.15,10826630,1318.8969014762658,0.045454545454545456,0.9545454545454546,0.6818181818181818,3015590.909090909,-7.048458149779724,-7.048458149779724,-6.816302137662771,-1.347382550483437,63.560606060606055,35.51981351981353,1.0,0.3,100262.9,6249.0,5.860781812725091,0.1011043029852007,0.5590590552002469,0.4,0.0
2019-03-20,,,,1281.4,1288.0,1312.9,1319.75,1304.0224894983946,17.785714285714285,31.09243697478992,-16.233142484026985,-12.074669909369508,-4.158472574657477,1375.1825480328978,1250.6174519671024,1312.9,124.56509606579539,-79.45205479452055,18.14644227894908,16.350219808476112,21.73888721989502,-62.22117197025615,8.835341365461847,28.514056224899598,37.594470916563736,60.09440571757348,1265.0,1362.0,1266.0,0,0,73938.8,10879727,1315.9114821987914,0.9230769230769231,0.07692307692307693,1.0769230769230769,4084384.615384615,-6.020558002936848,-7.048458149779724,-5.1150715764960495,-1.347382550483437,63.560606060606055,34.07925407925408,1.0,0.25,101102.15,-2880.0,-2.551540226626381,0.10105321376494004,0.5532928926347521,0.2,0.0
2019-03-21,,,,1280.8,1285.9,1309.25,1319.5333333333333,1302.2108238318808,17.357142857142858,29.310344827586206,-15.661133288500196,-12.791962585195646,-2.8691707033045493,1368.904708200803,1249.595291799197,1309.25,119.30941640160609,-72.6027397260274,29.191645279983145,20.630694965645123,46.31354590865919,-46.082086788737385,11.934156378600823,27.57201646090535,38.00997802849942,52.90461429741579,1265.0,1362.0,1266.0,0,0,72131.85,10932865,1312.3131520033567,0.7272727272727273,0.2727272727272727,0.45454545454545453,4830727.272727273,-5.65345080763583,-7.048458149779724,-4.927294342586109,-1.347382550483437,63.560606060606055,33.33333333333333,1.0,0.2,101819.95,-1693.0,-1.5391888574727508,0.10009425249712367,0.5606590468270545,-0.1,0.0
2019-03-22,,,,1280.6,1284.5,1306.05,1319.4666666666667,1301.1431263240827,15.928571428571429,38.095238095238095,-14.555871003816947,-13.144744268919906,-1.4111267348970404,1362.1306749715077,1249.9693250284922,1306.05,112.16134994301547,-53.57142857142857,43.535170927396166,28.265520286228803,74.07447220973089,-32.060780500560156,14.798206278026907,24.2152466367713,37.53631376173171,88.34697362876216,1265.0,1362.0,1266.0,0,0,71752.05,10979663,1310.034193680413,0.6923076923076923,0.3076923076923077,0.46153846153846156,3599846.153846154,-5.212922173274592,-7.048458149779724,-4.230139649044752,-1.347382550483437,63.560606060606055,33.33333333333333,1.0,0.15,102835.55,-7670.0,-7.082179132040622,0.08617035274079929,0.5281867077292316,-0.4,0.0
2019-03-25,,,,1281.6,1284.2,1302.5,1319.2166666666667,1299.7009238170272,15.642857142857142,39.2156862745098,-13.92290629640047,-13.30037667441602,-0.6225296219844498,1353.784551895817,1251.215448104183,1302.5,102.569103791634,-60.37735849056604,48.467891729375225,34.99964410061094,75.4043869869038,-31.983461649732064,15.068493150684933,24.657534246575345,37.51219994451445,92.86738449455234,1318.0,1362.0,1266.0,0,0,70902.25,10939749,1307.5103625061263,0.3,0.7,0.5,3991400.0,-5.580029368575634,-7.048458149779724,-4.727868990004882,-1.347382550483437,63.560606060606055,33.33333333333333,1.0,0.1,103406.8,-833.0,-0.8277849547848604,0.07954349342210114,0.4852310347802219,-0.4,0.0
2019-03-26,,,,1284.4,1283.0,1298.55,1318.9,1297.8246453582626,15.285714285714286,38.095238095238095,-13.746960656157853,-13.389693470764389,-0.35726718539346436,1343.2594715032758,1253.8405284967241,1298.55,89.41894300655167,-71.69811320754717,46.200816708472374,38.733368303231416,61.135713518954304,-39.90291411731997,15.42056074766355,22.429906542056074,37.04923698155148,88.34697362876216,1318.0,1362.0,1266.0,0,0,69837.85,10901631,1304.7427476647692,0.2222222222222222,0.7777777777777778,0.6666666666666666,4235333.333333333,-6.02055800293686,-7.048458149779724,-5.302647190511106,-1.347382550483437,63.560606060606055,33.33333333333333,1.0,0.05,104100.45,-1415.0,-1.41787829293466,0.0677093807772854,0.4451674630698035,-0.1,0.0
2019-03-27,,,,1287.0,1284.2,1295.1,1319.0833333333333,1297.3651553241423,15.357142857142858,44.444444444444436,-12.415413950484663,-13.194837566708445,0.7794236162237826,1328.382838947694,1261.817161052306,1295.1,66.56567789538803,-45.09803921568628,56.726470398240835,44.73106900156789,80.71727319158671,-16.411513799713823,16.27906976744186,22.325581395348834,37.68464650363552,100.0,1265.0,1333.0,1266.0,0,0,70453.05,10975032,1301.4834552939865,0.7333333333333333,0.26666666666666666,0.8666666666666667,4893400.0,-3.0007501875468856,-7.048458149779724,-4.3838997300119384,-1.347382550483437,63.560606060606055,33.33333333333333,1.0,0.0,104322.35,3646.0,3.705962472810076,0.06615213730310762,0.4925053510586844,0.2,0.0
2019-03-28,,,,1288.4,1284.6,1293.45,1319.2666666666667,1296.8541881504145,15.0,44.444444444444436,-11.310465232928891,-12.817963099952536,1.5074978670236447,1323.6177764649508,1263.2822235350493,1293.45,60.335552929901496,-30.76923076923077,62.81764693216056,50.75992831176545,86.93308417295077,-3.9945221218205114,17.142857142857146,22.857142857142854,38.221703431669894,100.0,1304.0,1333.0,1266.0,0,0,65915.35,10927360,1297.0973324119495,0.3333333333333333,0.6666666666666666,0.1111111111111111,5296888.888888889,-3.075768942235557,-7.048458149779724,-2.7182163648531996,-1.228516899339781,63.560606060606055,33.33333333333333,0.0,0.0,103972.8,-9003.0,-8.824048300466536,0.07017676662620259,0.4968671120503657,0.4,0.0
2019-03-29,,,,1289.6,1285.1,1291.65,1319.5,1296.8680749932323,14.428571428571429,53.77358490566038,-9.917010081192075,-12.237772496200444,2.320762415008369,1315.5204838660047,1267.7795161339955,1291.65,47.74096773200927,-11.11111111111111,72.35462176429752,57.95815946260947,101.14754636767361,7.753245557885478,18.811881188118814,15.84158415841584,35.93216261534336,100.0,1265.0,1316.0,1266.0,0,0,64384.95,10988752,1294.7100771738321,0.7857142857142857,0.21428571428571427,0.35714285714285715,4385142.857142857,-1.4437689969604817,-7.048458149779724,-2.9979886846393615,-1.228516899339781,63.560606060606055,33.33333333333333,0.0,0.05,104584.9,8125.0,8.73421123353937,0.06146181438997207,0.5252451128499749,0.7,0.0
2019-04-01,,,,1291.2,1286.4,1290.55,1319.6666666666667,1296.5949249938767,14.857142857142858,50.94339622641509,-8.951573593863486,-11.580532715733053,2.628959121869567,1311.5510024822715,1269.5489975177284,1290.55,42.002004964543175,-25.641025641025642,72.31048858360575,62.742269169608235,91.44692741160077,19.780727567230297,20.19230769230769,15.384615384615383,33.75455643773718,92.46817538896745,1304.0,1308.0,1266.0,0,0,62661.95,10923702,1292.7608181679632,0.375,0.625,0.1875,4065625.0,-1.0703363914372988,-7.048458149779724,-1.9770685687038625,-1.173714859978287,63.560606060606055,34.07925407925408,0.0,0.1,104494.6,-5528.0,-5.465150766188831,0.0626388500175361,0.5813112884002886,0.7,0.0
2019-04-02,,,,1293.6,1289.0,1289.75,1319.6333333333334,1296.157313089698,14.0,55.670103092783506,-8.2527094104139,-10.914968054669224,2.662258644255324,1309.1067613645353,1270.3932386354647,1289.75,38.71352272907052,-30.76923076923077,66.72551090758901,64.07001641560183,72.03649989156338,14.827575376500072,21.428571428571427,11.73469387755102,32.183931940283415,100.0,1304.0,1306.0,1266.0,0,0,60885.7,10890170,1291.6763435420796,0.2857142857142857,0.7142857142857143,0.2857142857142857,4790285.714285715,-1.071975497702904,-7.048458149779724,-1.4567817631065678,-1.173714859978287,63.560606060606055,34.07925407925408,0.0,0.15,104712.4,-1447.0,-1.5132500888916822,0.05813893651430388,0.5750336088070125,0.7,0.0
2019-04-03,,,,1291.2,1289.1,1288.55,1319.5833333333333,1294.7137594621076,14.214285714285714,46.53465346534653,-8.488611153746433,-10.429696674484667,1.941085520738234,1306.8742720828334,1270.2257279171665,1288.55,36.64854416566686,-58.97435897435897,49.42194554333095,59.18732612484487,29.891184380303116,-32.26777881232025,21.105527638190956,18.090452261306535,29.074845904368114,76.85641288057441,1304.0,1306.0,1266.0,0,0,60260.3,10812321,1290.2600255336708,0.25,0.75,0.6875,4865562.5,-1.914241960183749,-7.048458149779724,-2.1418094165208887,-1.173714859978287,63.560606060606055,34.07925407925408,0.0,0.15,103522.5,-9740.0,-10.342447571011416,0.07264743243192569,0.615549411164596,0.6,0.0
2019-04-04,,,,1291.2,1289.8,1287.85,1319.4,1294.4553061800023,14.285714285714286,50.0,-7.699205269989761,-9.883598393585686,2.1843931235959246,1304.3459325129254,1271.3540674870744,1287.85,32.991865025850984,-30.76923076923077,51.466482214072485,56.61371148792074,41.17202366637599,21.698769126852405,20.499999999999996,18.0,25.880131211395582,85.63546073202134,1265.0,1305.0,1266.0,0,0,58508.2,10872564,1288.8336130662026,0.5294117647058824,0.47058823529411764,0.6470588235294118,3543705.882352941,-0.9961685823754562,-7.048458149779724,-1.1618340443139394,-1.173714859978287,63.560606060606055,34.07925407925408,0.0,0.2,101819.8,-10861.0,-12.863149167999055,0.09812779518301365,0.6768181878385124,0.4,0.0
2019-04-08,,,,1290.8,1290.2,1287.35,1319.05,1294.5071817819066,13.642857142857142,56.99999999999999,-6.75366840641982,-9.257612396152513,2.5039439897326936,1302.179203051925,1272.5207969480748,1287.35,29.65840610385021,-23.076923076923077,56.53321036493722,56.58687778025957,56.425875534292516,41.30378407840926,19.895287958115187,18.324607329842934,22.802244714331,100.0,1265.0,1297.0,1266.0,0,0,56454.15,10909432,1287.6585881345009,0.7692307692307693,0.23076923076923078,0.23076923076923078,2836000.0,-0.15420200462604727,-7.048458149779724,-0.8104401676327084,-1.173714859978287,63.20013661202186,34.07925407925408,0.0,0.25,100044.75,3057.0,4.15500040775274,0.1114431898429214,0.6516523057950707,0.4,0.0
2019-04-09,,,,1288.4,1289.8,1287.0,1318.4833333333333,1293.3160216122012,13.357142857142858,58.16326530612245,-6.97293532634194,-8.8006769821904,1.8277416558484596,1301.9947359183313,1272.0052640816687,1287.0,29.989471836662688,-61.111111111111114,43.861646416130995,52.34513399221672,26.894671263959538,-6.303602709119145,20.32085561497326,13.903743315508022,19.812526099612388,100.0,1304.0,1297.0,1266.0,0,0,55054.5,10854513,1287.2822061169688,0.1111111111111111,0.8888888888888888,0.7222222222222222,3051055.5555555555,-1.1565150346954378,-7.048458149779724,-0.5756970340956286,-1.0122159630356375,63.20013661202186,34.07925407925408,0.0,0.25,98198.5,-5008.0,-6.535214208349105,0.12858160134359142,0.6689515153784183,0.4,0.0
2019-04-10,,,,1289.4,1291.5,1287.25,1318.2666666666667,1293.6668766967537,13.5,58.585858585858595,-5.868680801194387,-8.214277745991197,2.34559694479681,1302.7538195632549,1271.7461804367451,1287.25,31.00763912650973,-25.925925925925927,53.93245563544535,52.874241206626266,56.048884493083506,45.26675779250998,20.634920634920633,13.756613756613758,17.477656667968763,100.0,1277.0,1297.0,1266.0,0,0,54340.3,10894463,1287.3234950242575,0.875,0.125,0.9375,2496875.0,0.0,-7.048458149779724,0.4715060628416155,-1.0122159630356375,63.20013661202186,34.07925407925408,0.0,0.3,96031.6,-5405.0,-7.546458539854517,0.1478263381567309,0.7184014658893977,0.2,0.0
2019-04-11,,,,1296.6,1293.9,1289.05,1318.4,1295.8890789161103,15.0,64.03508771929825,-3.341202973216241,-7.239662791436206,3.8984598182199655,1309.170426907614,1268.929573092386,1289.05,40.24085381522809,-11.11111111111111,65.58460005325986,57.111027488837465,82.53174518210466,134.75077019255787,26.19047619047619,12.380952380952381,17.2075949395737,100.0,1277.0,1317.0,1266.0,1,0,55744.65,10977217,1289.1449006018217,0.84375,0.15625,0.625,2586062.5,0.0,-7.048458149779724,2.8777638902309266,-1.0122159630356375,63.560606060606055,34.07925407925408,0.0,0.35,93799.45,-3998.0,-6.037633271920018,0.1686591485269327,0.8000061318581357,0.0,1.0
2019-04-12,,,,1296.8,1294.0,1289.3,1318.1666666666667,1295.6139285431475,17.0,50.75757575757576,-3.237438829094117,-6.439217998967789,3.2017791698736717,1309.4896273524016,1269.1103726475983,1289.3,40.379254704803316,-70.9090909090909,53.420036399142944,55.88069712560596,48.49871494621692,91.10920377286628,24.369747899159666,10.92436974789916,18.204545443913364,48.81422924901186,1332.0,1317.0,1266.0,0,0,58232.75,10878048,1290.69916155428,0.04878048780487805,0.9512195121951219,0.5853658536585366,2418756.0975609757,-1.8223234624145768,-7.048458149779724,0.41321438786841624,-1.2035283511066786,63.560606060606055,34.07925407925408,0.0,0.4,91021.3,-8915.0,-14.328190292510445,0.19545584338713548,1.0083258951791338,0.2,0.0
2019-04-15,,,,1294.8,1292.8,1288.95,1317.5333333333333,1294.6030782057048,17.5,49.62962962962963,-3.7574248833677757,-5.902859375847786,2.1454344924800104,1309.1851960181268,1268.7148039818733,1288.95,40.47039203625354,-85.45454545454545,40.461842447913476,50.74107889970847,19.903369544323482,-21.2498817436684,23.673469387755105,15.918367346938775,17.879523860448842,44.465915190552884,1332.0,1317.0,1266.0,0,0,56998.75,10833825,1290.5591262966293,0.4117647058823529,0.5882352941176471,0.47058823529411764,2601352.941176471,-2.4297646165527764,-7.048458149779724,-0.41301647257707397,-1.2035283511066786,63.560606060606055,34.07925407925408,0.0,0.4,87521.2,-13486.0,-25.299690460557166,0.23499213062468954,1.134223833077345,0.1,0.0
2019-04-16,,,,1295.6,1292.0,1289.2,1317.0166666666667,1293.783737424209,17.357142857142858,52.30769230769231,-4.0422296280737555,-5.53073342629298,1.4885037982192246,1309.1430768886535,1269.2569231113466,1289.2,39.886153777306845,-83.63636363636364,32.429107086487775,44.637088295301574,8.013144668860178,-19.078397604774963,23.868312757201647,13.9917695473251,18.4201265749646,40.137772675086126,1277.0,1317.0,1266.0,0,0,54794.55,10855286,1290.6892425128656,0.42857142857142855,0.5714285714285714,0.14285714285714285,3065857.1428571427,-2.3538344722854987,-7.048458149779724,0.4192478959668896,-1.2035283511066786,63.560606060606055,34.07925407925408,0.0,0.4,83797.9,-7661.0,-19.239559004495344,0.2799956106853197,1.1143402983314528,-0.1,0.0
2019-04-17,,,,1303.2,1296.3,1292.65,1317.4666666666667,1297.7090957647606,20.071428571428573,62.65060240963856,-0.3104700448309359,-4.486680750000572,4.176210705169636,1318.6481780737622,1266.651821926238,1292.65,51.99635614752424,-9.375,51.778134883055344,47.017437157886164,61.299530333393704,171.26200941967605,35.231316725978644,12.099644128113876,20.79223584987304,92.9329257327819,1277.0,1335.0,1280.0,1,0,53235.95,10890457,1293.3310134724122,0.14285714285714285,0.8571428571428571,7.0,5024428.571428572,0.0,-6.02055800293686,3.6765332342053414,-1.0447841267886848,63.219076005961256,34.07925407925408,1.0,0.45,82675.55,58268.0,181.19286025250324,0.2723518296309501,1.0714678164921807,0.2,0.0
2019-04-18,,,,1303.8,1300.2,1294.65,1317.5166666666667,1299.8320390252597,20.642857142857142,57.77777777777777,1.420230141981392,-3.305298571604179,4.725528713585572,1322.629503776444,1266.6704962235563,1294.65,55.95900755288767,-32.8125,56.74097881092578,50.258617708899365,69.70570101497862,107.42809992541714,33.910034602076124,16.608996539792386,22.218011639641002,64.2448304383788,1341.0,1335.0,1280.0,0,0,53129.55,10839488,1295.7314118665286,0.0,1.0,0.8823529411764706,2998176.470588235,-1.1235955056179803,-6.02055800293686,2.1304331623777153,-1.15853190345781,62.74343274738298,34.07925407925408,1.0,0.5,81624.7,-1450.0,-1.6035211111848358,0.2652203315036325,0.9200312897175422,0.4,0.0
2019-04-19,,,,1313.6,1305.2,1297.5,1318.1166666666666,1303.8480353085683,21.642857142857142,61.421319796954315,4.514992622908494,-1.7412403327016448,6.256232955610139,1332.156206249039,1262.843793750961,1297.5,69.31241249807817,-1.5151515151515151,70.64783202779668,57.05502248186514,97.83345111965977,109.78472053844102,33.663366336633665,16.501650165016503,24.049375764238214,85.06455391669081,1277.0,1342.0,1280.0,1,0,53249.3,10895021,1298.3107477469187,0.9642857142857143,0.03571428571428571,0.7857142857142857,1983321.4285714286,0.0,-6.02055800293686,2.8660969669601637,-1.15853190345781,62.74343274738298,34.07925407925408,1.0,0.55,81036.05,7551.0,8.486558172990467,0.2595934548278684,0.6630119784393456,0.5,0.0
2019-04-22,,,,1326.8,1310.8,1300.5,1318.7833333333333,1308.3386986125142,22.214285714285715,64.03940886699507,7.606159892889309,0.12823971241654597,7.477920180472763,1342.4147003479693,1258.5852996520307,1300.5,83.8294006959386,-11.904761904761905,76.415823761503,63.50862290841109,102.23022546768682,123.63312766470433,37.29903536977492,16.077170418006432,25.92405595217141,100.0,1277.0,1351.0,1280.0,1,0,55358.5,10984003,1302.8176233098802,0.5833333333333334,0.4166666666666667,0.375,3707583.3333333335,0.0,-6.02055800293686,2.9891035978121265,-1.15853190345781,63.219076005961256,34.07925407925408,1.0,0.6,81185.9,7100.0,7.355454950428375,0.2610482528728653,0.6126270505622665,0.6,0.0
2019-04-23,,,,1341.4,1318.5,1304.15,1319.05,1313.1635844589414,22.928571428571427,66.02870813397129,10.579511344949651,2.218494038923167,8.361017306026485,1352.9040551619414,1255.3959448380588,1304.15,97.50811032388265,-7.865168539325842,81.62570068948685,69.54764883543635,105.78180439758785,115.45754527614196,37.69470404984423,15.576323987538943,26.80189156684913,100.0,1277.0,1359.0,1280.0,1,0,57314.05,11063028,1307.1610847020352,0.5882352941176471,0.4117647058823529,0.47058823529411764,4648529.4117647065,0.0,-6.02055800293686,3.631745108033939,-1.15853190345781,63.219076005961256,34.07925407925408,1.0,0.65,81726.5,6982.0,6.737626294305543,0.2670093006165963,0.6220455428801801,0.9,0.0
2019-04-24,,,,1345.6,1324.4,1307.95,1319.4333333333334,1317.2432430818994,22.571428571428573,68.65671641791045,12.549179732234052,4.284631177585345,8.264548554648707,1360.479590658347,1255.420409341653,1307.95,105.05918131669387,-11.363636363636363,83.96258833844578,74.35262866977283,103.1825076757917,95.33839111764432,38.291139240506325,11.70886075949367,30.04990937182896,100.0,1366.0,1359.0,1281.0,0,0,57974.75,11011696,1310.1761094269489,0.45454545454545453,0.5454545454545454,0.2727272727272727,4666545.454545455,-0.22075055187639192,-3.075768942235557,3.8094569450647913,-1.15853190345781,63.219076005961256,34.07925407925408,1.0,0.7,82128.7,-4183.0,-3.781789908596944,0.270495589128038,0.6407211185785774,0.8,0.0
2019-04-25,,,,1352.8,1328.3,1311.1,1319.7833333333333,1320.9343627883852,22.0,66.84210526315789,13.949356619910077,6.217576266050292,7.731780353859785,1367.2835338304806,1254.9164661695193,1311.1,112.36706766096131,-11.363636363636363,85.52051343775173,78.07525692576579,100.41102646172362,83.88508240599165,37.33766233766233,12.012987012987013,33.25150101327022,90.4630111012569,1366.0,1359.0,1281.0,0,0,56630.55,11011696,1313.3635405271536,0.36363636363636365,0.6363636363636364,0.0,4228818.181818182,-0.22075055187639192,-3.075768942235557,3.182479225172176,-1.15853190345781,63.71610845295056,34.07925407925408,1.0,0.75,82390.7,842.0,0.7911600548738074,0.27298796067281966,0.6128835773810329,0.7,0.0
2019-04-26,,,,1356.4,1335.0,1314.5,1320.15,1324.654899665682,22.857142857142858,67.01570680628272,15.206482596067644,8.015357532053763,7.191125064013882,1373.9518823569608,1255.0481176430392,1314.5,118.90376471392165,-9.89010989010989,86.8586368654779,81.00305023900316,98.56981011842737,75.01939362418707,37.81249999999999,14.0625,36.22818269105769,91.37540270937086,1278.0,1360.0,1281.0,1,0,58298.4,11092725,1317.2749760999732,0.64,0.36,0.16,3241160.0,0.0,-2.4297646165527764,3.4306713108032683,-1.15853190345781,64.0359519488376,34.07925407925408,1.0,0.8,83192.85,1800.0,1.6780400492225178,0.27847156185146865,0.6464058397900198,0.7,0.0
2019-04-29,,,,1356.6,1341.7,1317.25,1320.3333333333333,1327.2591949356172,22.571428571428573,68.81720430107526,15.379940468030782,9.488274119249166,5.891666348781616,1378.3586177056156,1256.1413822943844,1317.25,122.21723541123129,-18.681318681318682,80.74526408315812,80.91712152038815,80.40154920869804,63.52179924926762,38.291139240506325,12.658227848101266,38.48250833435849,100.0,1369.0,1360.0,1281.0,0,0,57616.3,11044975,1320.0742880053042,0.14285714285714285,0.8571428571428571,0.5714285714285714,3410714.285714286,-0.588235294117645,-2.4297646165527764,2.764341901005237,-1.15853190345781,64.07556379084377,34.07925407925408,1.0,0.8,83215.3,-7469.0,-6.848021417831074,0.27861908082637754,0.5686676624036932,0.6,0.0
2019-04-30,,,,1355.6,1348.5,1320.25,1320.5666666666666,1329.8059382750823,22.285714285714285,66.47398843930635,15.500114692867783,10.69064223397289,4.809472458894893,1382.434360870225,1258.065639129775,1320.25,124.36872174044993,-16.483516483516482,77.90425012951283,79.91283105676304,73.88708827501242,55.75124968240169,38.46153846153846,13.461538461538462,40.493090344940505,87.78784759464146,1278.0,1360.0,1281.0,0,0,56613.4,11089967,1322.8570055852501,0.46153846153846156,0.5384615384615384,0.15384615384615385,3460923.076923077,-0.4411764705882337,-2.4297646165527764,3.018631913545125,-1.15853190345781,64.5818884157851,34.07925407925408,1.0,0.8,83277.5,-4733.0,-4.658510418409634,0.27885137764862367,0.5186722791798151,0.3,0.0
2019-05-06,,,,1352.4,1349.0,1322.65,1320.5666666666666,1330.7768012965032,22.357142857142858,56.886227544910184,14.300819687336798,11.412677724645672,2.888141962691126,1383.9423108425294,1261.3576891574708,1322.65,122.58462168505866,-32.608695652173914,67.0876819045237,75.63778133934993,49.987483034871246,42.4461553852504,33.86581469648562,16.93290734824281,40.316723501907,37.819255635677614,1370.0,1360.0,1281.0,0,0,58684.35,11015016,1325.3794912953795,0.09090909090909091,0.9090909090909091,0.42424242424242425,2271242.424242424,-1.4705882352941124,-2.4297646165527764,2.393135800200561,-1.15853190345781,64.43726872039032,34.07925407925408,1.0,0.8,83898.9,9737.0,10.05203064026594,0.2823702667258688,0.562824185491454,0.0,0.0
2019-05-07,,,,1348.0,1350.4,1325.3,1320.2,1331.0837726015982,20.214285714285715,63.758389261744966,12.719596310498218,11.674061441816182,1.0455348686820365,1383.5159319846225,1267.0840680153774,1325.3,116.43186396924511,-39.130434782608695,45.626022170583376,65.63386161642775,5.610343278894618,18.991864389590585,33.92226148409893,20.141342756183743,39.41636335784938,73.63494279004072,1370.0,1360.0,1282.0,0,0,59015.9,10930536,1328.9624259450984,0.09090909090909091,0.9090909090909091,0.5454545454545454,7680000.0,-1.9117647058823461,-2.4297646165527764,2.6778897029613318,-1.15853190345781,64.0359519488376,34.07925407925408,1.0,0.85,84985.7,-432.0,-0.4052418787463763,0.28486357308758825,0.6352332546733475,0.1,0.0
2019-05-08,,,,1343.6,1350.0,1327.6,1319.7333333333333,1331.7424609252555,19.857142857142858,68.27586206896552,11.654881741060535,11.670225501665053,-0.015343760604517698,1383.8790042181408,1271.320995781859,1327.6,112.55800843628185,-36.7816091954023,37.08401478038892,56.11724600441481,-0.9824476676628535,15.076663547833418,34.53237410071942,16.906474820143885,40.46479945783186,96.72102826342346,1283.0,1360.0,1282.0,0,0,58571.85,10981898,1331.2182140396794,0.6666666666666666,0.3333333333333333,0.3333333333333333,4280166.666666667,-1.6176470588235237,-2.4297646165527764,2.3389576034505035,-1.15853190345781,64.0359519488376,34.07925407925408,1.0,0.85,86568.1,-949.0,-0.8938410677115205,0.28251983327100877,0.5842748570440663,-0.2,0.0
2019-05-09,,,,1344.0,1350.3,1330.55,1319.3,1333.8622265514216,21.071428571428573,71.25,11.964237770805312,11.729027955493105,0.23520981531220642,1385.8100550507006,1275.2899449492993,1330.55,110.52011010140131,-29.09090909090909,44.72267652025928,52.31905617636297,29.529917208051884,34.007032166192076,38.305084745762706,15.932203389830507,41.547873991993356,100.0,1283.0,1360.0,1282.0,0,0,60503.0,11057389,1333.5229319207313,0.7916666666666666,0.20833333333333334,0.6666666666666666,3145458.3333333335,-0.4411764705882337,-2.4297646165527764,2.9087069931866782,-1.15853190345781,64.0359519488376,34.07925407925408,1.0,0.85,88157.3,3193.0,3.0345365037729666,0.2814021350004377,0.6295408859949125,-0.1,0.0
2019-05-10,,,,1345.2,1350.4,1334.45,1318.9333333333334,1336.351538308429,17.857142857142858,60.68376068376069,12.548898617234272,11.893002087841339,0.6558965293929333,1386.1799668826498,1282.7200331173503,1334.45,103.45993376529941,-18.181818181818183,54.81511768017285,53.15107667763293,58.14319968525268,44.993727348767116,25.599999999999998,18.8,39.15095505372103,26.438271357500128,1283.0,1360.0,1285.0,0,0,60406.1,11110370,1336.6971130950903,0.9,0.1,0.6,5298100.0,0.0,-2.4297646165527764,3.9267089019178796,-1.15853190345781,63.81372895325563,34.07925407925408,1.0,0.9,89801.15,-3915.0,-3.611123921966519,0.275537195607304,0.63804458910295,-0.1,0.0
2019-05-13,,,,1351.6,1352.0,1338.2,1319.05,1339.7466298981026,18.0,72.80701754385964,13.821223797573566,12.278646429787786,1.5425773677857801,1389.3698924635628,1287.0301075364373,1338.2,102.33978492712549,-3.389830508474576,68.36159360496372,58.22124898674319,88.64228284140475,59.27703623189969,30.555555555555557,13.095238095238095,39.56191395783062,99.99999999999999,1283.0,1372.0,1285.0,1,0,62733.8,11196874,1340.1777093581663,0.8947368421052632,0.10526315789473684,0.631578947368421,4552842.105263158,0.0,-2.4297646165527764,3.7680886128979303,-1.15853190345781,63.81372895325563,34.07925407925408,1.0,0.9,92190.15,9498.0,9.088995215311012,0.2674166203400709,0.6491915993340126,0.3,0.0
2019-05-14,,,,1357.2,1352.6,1340.45,1319.2,1341.8659984792357,17.0,59.80392156862745,13.862832143450987,12.595483572520427,1.2673485709305599,1391.6522820214705,1289.2477179785296,1340.45,102.40456404294082,-28.88888888888889,69.27809944034618,61.90686580461086,84.02056671181683,51.8908437712861,30.252100840336137,11.764705882352942,40.26116207813137,18.326314359462017,1375.0,1372.0,1285.0,0,0,62037.9,11128038,1343.6452783970228,0.07142857142857142,0.9285714285714286,0.7142857142857143,4916857.142857143,-0.7288629737609242,-2.4297646165527764,2.317708534621394,-1.15853190345781,62.872159780059846,34.07925407925408,1.0,0.9,94726.15,-1058.0,-0.9280864576571513,0.2534490213826138,0.6119504510714269,0.3,0.0
2019-05-15,,,,1368.2,1355.9,1345.45,1320.05,1346.7359033859752,17.714285714285715,66.93548387096774,16.21038475468322,13.318463808952986,2.8919209457302326,1396.6728361901596,1294.2271638098405,1345.45,102.44567238031914,-3.076923076923077,78.49309193458976,67.43560784793716,100.60806010789494,78.76000936292873,29.838709677419352,11.29032258064516,40.642519440353375,63.12033716116263,1330.0,1393.0,1285.0,1,0,62560.3,11237655,1350.1296652989197,0.9411764705882353,0.058823529411764705,0.9117647058823529,3224029.411764706,0.0,-2.4297646165527764,5.072327274459798,-1.0384545167875407,63.81372895325563,34.07925407925408,2.0,0.9,98756.05,20963.0,18.56118292898885,0.2374275537757698,0.6780504600637279,0.6,0.0
2019-05-16,,,,1376.4,1360.2,1350.95,1321.15,1351.3324840158823,17.714285714285715,65.25423728813558,18.02444580616475,14.25966020839534,3.764785597769409,1398.3207660237786,1303.5792339762215,1350.95,94.74153204755703,-12.162162162162161,81.60800723567245,72.15974097718225,100.50453975265282,100.42762017306448,31.451612903225804,11.29032258064516,41.046043974960334,52.56026707077706,1330.0,1395.0,1286.0,1,0,64928.35,11329239,1355.5016937901548,0.47058823529411764,0.5294117647058824,0.11764705882352941,5387294.117647058,0.0,-2.3538344722854987,5.685065579068018,-1.0384545167875407,64.0359519488376,34.07925407925408,2.0,0.95,103123.55,-6734.0,-5.029013539651839,0.19134809985930257,0.6828225458481227,0.3,0.0
2019-05-17,,,,1385.6,1365.4,1356.95,1322.4666666666667,1356.5389141096077,18.5,69.84126984126983,20.117804797426516,15.431289126201577,4.686515671224939,1399.872083630144,1314.027916369856,1356.95,85.84416726028803,-9.523809523809524,84.56406831584512,76.29451675673654,101.10317143406226,119.81674614436079,33.97683397683397,10.81081081081081,40.943156901318126,81.37185590171401,1330.0,1406.0,1320.0,1,0,68216.45,11416462,1359.6902655688864,0.6363636363636364,0.36363636363636365,0.5,3964681.818181818,0.0,-1.9117647058823461,6.168905041274273,-1.0384545167875407,64.28237455122319,34.07925407925408,2.0,1.0,108442.5,11368.0,8.939285517696916,0.11683966509753439,0.7073436540812437,0.6,0.0
2019-05-20,,,,1391.2,1371.4,1360.2,1323.1666666666667,1360.678065146788,18.642857142857142,66.66666666666666,21.050005661834575,16.555032433328176,4.4949732285063995,1405.8789713221272,1314.521028677873,1360.2,91.35794264425431,-16.666666666666668,84.15382332167452,78.91428561171587,94.63289874159184,95.6629371681139,33.333333333333336,10.727969348659004,40.942339640775465,61.43187066974591,1414.0,1406.0,1320.0,0,0,70291.25,11339795,1362.5191072857574,0.38461538461538464,0.6153846153846154,0.46153846153846156,5897461.538461538,-0.4267425320056861,-1.9117647058823461,4.393446628836786,-1.0384545167875407,65.40913145730273,34.07925407925408,1.0,1.0,110344.85,-10064.0,-7.26448529995597,0.11490527286288224,0.674930735756968,0.5,0.0
2019-05-21,,,,1400.2,1378.7,1364.55,1324.0333333333333,1365.089677989951,18.357142857142858,67.40740740740742,22.098880918429813,17.663802130348504,4.435078788081309,1410.6778543546454,1318.4221456453545,1364.55,92.25570870929096,-11.494252873563218,85.37084156404319,81.0664709291583,93.97958283381297,95.5626244585851,35.01945525291829,7.782101167315175,42.217570434078546,66.0845338905386,1330.0,1407.0,1334.0,1,0,71446.95,11413878,1366.1224211343754,0.5238095238095238,0.47619047619047616,0.3333333333333333,3527761.9047619044,0.0,-1.9117647058823461,6.304726660020709,-0.7441184956785012,66.1177641950383,34.07925407925408,1.0,1.0,112304.4,-306.0,-0.23818234181500753,0.10883916311167308,0.6686362432372621,0.3,0.0
2019-05-22,,,,1405.8,1387.0,1368.5,1325.0833333333333,1370.4144705623366,19.714285714285715,74.46808510638297,23.785619299882455,18.888165564255296,4.89745373562716,1419.7434848233115,1317.2565151766885,1368.5,102.48696964662304,-6.185567010309279,87.61564876199371,83.2495302067701,96.34788587244091,96.64966570338218,36.231884057971016,7.971014492753622,43.1907038071712,100.0,1330.0,1421.0,1334.0,1,0,75166.95,11543811,1371.4716829227032,0.8181818181818182,0.18181818181818182,0.42424242424242425,3937363.6363636367,0.0,-1.9117647058823461,5.9866844753400335,-0.7441184956785012,66.51252408477842,34.07925407925408,1.0,1.0,114395.4,10180.0,7.942762177471585,0.11310050301994377,0.6927466449196924,0.3,0.0
2019-05-23,,,,1406.0,1391.2,1370.75,1325.7666666666667,1372.851187651638,20.857142857142858,62.804878048780495,22.84177479190521,19.67888740978528,3.16288738211993,1422.7049399910004,1318.7950600089996,1370.75,103.9098799820008,-31.95876288659794,77.39191398947729,81.2969914676725,69.58175903308685,69.2355586860066,34.24657534246575,6.8493150684931505,44.51345512992252,33.663396960056595,1427.0,1421.0,1334.0,0,0,76969.45,11418779,1375.4553196105728,0.034482758620689655,0.9655172413793104,0.8620689655172413,4311448.275862069,-1.7593244194229363,-1.9117647058823461,3.003179378886113,-1.0702409624777884,66.51252408477842,34.07925407925408,1.0,1.0,115666.5,-9298.0,-6.720781802279774,0.1130201649494515,0.7424859997892241,0.5,0.0
2019-05-24,,,,1404.4,1395.0,1372.7,1326.45,1375.2463126371963,19.714285714285715,69.07894736842105,22.001534510248803,20.143416829877985,1.8581176803708175,1425.7147943601346,1319.6852056398654,1372.7,106.0295887202692,-29.896907216494846,70.28147801318688,77.62515364951062,55.59412674053942,47.130192370939085,32.971014492753625,6.159420289855071,47.026682643150025,63.249606947667935,1330.0,1421.0,1334.0,0,0,78253.15,11523478,1377.733383682744,0.6470588235294118,0.35294117647058826,0.11764705882352941,6158764.705882353,-1.6185784658690805,-1.9117647058823461,2.6178986105007995,-1.0702409624777884,66.7017543859649,34.07925407925408,1.0,1.0,116451.65,-2737.0,-2.120899813249233,0.11355440073162075,0.7823442385122695,0.2,0.0
2019-05-27,,,,1405.0,1398.1,1375.05,1327.1833333333334,1377.8895209574634,21.071428571428573,72.8476821192053,21.491357258122207,20.41300491552683,1.0783523425953767,1429.1044559728518,1320.995544027148,1375.05,108.10891194570377,-24.742268041237114,68.06643988757914,74.43891572886679,55.321488205003845,63.37344535207726,38.305084745762706,4.406779661016949,50.874888592196314,88.94991191958783,1330.0,1421.0,1334.0,0,0,83113.0,11672007,1381.1284526287507,0.23333333333333334,0.7666666666666667,0.16666666666666666,4950966.666666666,-1.266713581984491,-1.9117647058823461,3.1504645347251343,-1.0702409624777884,66.86078098471987,34.07925407925408,1.0,1.0,117857.8,8237.0,6.5211539679523645,0.11532140008854257,0.8837736242862408,0.3,0.0
2019-05-28,,,,1401.2,1400.7,1376.65,1327.6166666666666,1378.8524237234192,21.785714285714285,65.4320987654321,19.650148786990258,20.260433689819518,-0.6102849028292603,1430.2224791876426,1323.0775208123575,1376.65,107.14495837528511,-42.391304347826086,49.82207103616387,66.23330083129915,16.999611445893322,27.896367782311835,37.049180327868854,7.868852459016393,53.06758640533208,38.380485748906835,1427.0,1421.0,1334.0,0,0,88522.2,11517306,1382.6541086115499,0.2727272727272727,0.7272727272727273,0.6818181818181818,7031863.636363636,-2.3223082336382594,-2.3223082336382594,2.0821856008117137,-1.103646905219191,66.86078098471987,34.07925407925408,1.0,1.0,119117.75,-2082.0,-1.5473916565712065,0.11522631999777555,1.0017388790249382,0.5,0.0
2019-05-29,,,,1393.8,1399.8,1377.85,1328.6,1379.3426690830936,20.857142857142858,60.0,17.66458489892966,19.741263931641548,-2.076679032711887,1430.9250213822982,1324.7749786177017,1377.85,106.15004276459649,-56.578947368421055,35.38862706758751,55.95174291006194,-5.737604617361356,14.576044522515224,32.87671232876712,8.561643835616438,54.31242111607589,1.337126600284491,1427.0,1421.0,1334.0,0,0,88463.65,11437448,1383.9344561297212,0.2727272727272727,0.7272727272727273,0.36363636363636365,7259818.181818182,-2.6038001407459266,-2.6038001407459266,1.5733576009162453,-1.103646905219191,66.86078098471987,35.8901838901839,1.0,1.0,119987.4,-6006.0,-4.533959401209353,0.11339292155529938,0.9401991414106481,0.4,-1.0
2019-05-30,,,,1391.2,1398.6,1379.4,1329.4333333333334,1379.6909863132753,22.428571428571427,57.931034482758626,15.827865785504173,18.958584302414074,-3.1307185169099014,1431.0889482231512,1327.711051776849,1379.4,103.3778964463022,-61.111111111111114,28.16758144375115,46.69035575462501,-8.877967177996567,18.098554407191372,35.031847133757964,9.554140127388536,57.30010267518601,0.0,1427.0,1421.0,1334.0,0,0,94558.65,11267798,1385.1110132882256,0.21875,0.78125,0.03125,5301562.5,-2.674173117522838,-2.674173117522838,2.0452377437612475,-1.103646905219191,66.86078098471987,37.73544973544974,1.0,1.0,121404.75,3485.0,2.755790322708185,0.10753008778639687,1.0075331440839554,0.1,0.0
2019-05-31,,,,1387.0,1395.7,1380.55,1330.45,1379.4347019024872,22.071428571428573,51.79856115107915,13.72983382158941,17.91283420624914,-4.1830003846597315,1430.8646938880397,1330.2353061119602,1380.55,100.62938777607951,-75.75757575757575,21.247523431636573,38.2094116469622,-12.676252999014686,-4.157232817456833,31.3915857605178,10.679611650485436,57.959443334526675,0.0,1427.0,1421.0,1334.0,0,0,97787.5,11158229,1385.4766897609613,0.2857142857142857,0.7142857142857143,0.42857142857142855,7826357.142857143,-3.0964109781843385,-3.0964109781843385,1.5244929182086475,-1.103646905219191,66.86078098471987,38.095238095238095,1.0,0.95,123370.1,6227.0,4.791990519138722,0.09799014764292757,1.002680928857948,0.0,0.0
2019-06-03,,,,1381.8,1393.4,1382.4,1331.6,1379.2028255308217,22.642857142857142,55.8139534883721,11.929611242207784,16.71618961344087,-4.786578371233087,1429.022334832756,1335.777665167244,1382.4,93.24466966551199,-75.75757575757575,21.043322499397927,32.48738193110744,-1.8447963640211071,-14.274630416504774,30.28391167192429,13.249211356466878,57.61161724757016,17.71273338253536,1427.0,1421.0,1334.0,0,0,100204.65,11158229,1386.2373567494124,0.5909090909090909,0.4090909090909091,0.0,5604272.727272727,-3.0964109781843385,-3.0964109781843385,2.522209867709715,-1.103646905219191,66.86078098471987,38.99159663865546,1.0,0.9,124950.05,2029.0,1.4900163762272989,0.09479624096365241,0.960326177922186,-0.2,0.0
2019-06-04,,,,1378.0,1389.6,1384.15,1332.6666666666667,1378.2311278612194,21.642857142857142,38.679245283018865,9.745053822553018,15.321962455263302,-5.576908632710284,1425.4462340578755,1342.8537659421247,1384.15,82.59246811575076,-84.05797101449275,19.42103852901038,28.131934130408425,1.9992473262142951,-36.69064631243069,25.082508250825086,15.841584158415841,56.00323195797044,0.0,1427.0,1421.0,1338.0,0,0,102047.2,11036898,1387.211052663212,0.55,0.45,0.4,6066550.0,-3.659394792399673,-3.659394792399673,2.3881714199215676,-1.103646905219191,66.86078098471987,39.108398076211614,1.0,0.85,126867.35,6315.0,4.5693984168101665,0.09260209940482372,0.8946694881231425,-0.5,0.0
2019-06-05,,,,1376.0,1384.9,1385.95,1333.8,1377.828163303008,21.357142857142858,40.366972477064216,8.32131164108523,13.921832292427688,-5.600520651342457,1421.5174303999815,1350.3825696000185,1385.95,71.13486079996301,-76.81159420289855,20.790496274242216,25.684788178353024,11.001912466020599,-29.659646372981232,23.74581939799331,16.05351170568562,54.014511941662036,4.715791856833393,1358.0,1421.0,1354.0,0,0,103265.1,11112618,1388.0203482751351,0.38461538461538464,0.6153846153846154,0.38461538461538464,5824615.384615385,-3.3075299085150722,-3.659394792399673,2.4446228174710845,-1.103646905219191,66.86078098471987,39.108398076211614,1.0,0.8,128678.3,-3076.0,-2.1284693150286804,0.08551527288147516,0.8754422220593092,-0.7,0.0
2019-06-06,,,,1378.6,1384.9,1388.05,1335.3166666666666,1379.5588144170074,22.0,45.83333333333333,8.866000112686379,12.910665856479428,-4.044665743793049,1420.4973662866755,1355.6026337133244,1388.05,64.89473257335112,-44.927536231884055,32.48778182988697,27.952452728864337,41.558440031932236,-4.275204535493679,24.675324675324678,16.558441558441558,51.72600490159376,19.98971770424378,1358.0,1421.0,1360.0,0,0,106822.05,11259248,1389.2715667473774,0.967741935483871,0.03225806451612903,0.7096774193548387,4730000.0,-1.7593244194228808,-3.659394792399673,2.716685496854434,-1.103646905219191,66.86078098471987,39.108398076211614,1.0,0.8,130209.35,-2405.0,-1.700355625313732,0.07781241112958837,0.8252575511440348,-0.6,0.0
2019-06-10,,,,1384.0,1385.5,1390.25,1337.2333333333333,1381.8865463772925,22.642857142857142,51.639344262295076,9.829889939579743,12.294510673099492,-2.464620733519748,1420.5875744094167,1359.9124255905833,1390.25,60.67514881883335,-33.333333333333336,47.214076775480194,34.37299407773629,72.89624217096802,54.86468304287439,30.599369085173503,16.08832807570978,50.28148584837907,36.2126826218475,1358.0,1421.0,1362.0,0,0,108882.35,11353435,1390.8009752422377,0.3,0.7,0.4,4709350.0,-1.1963406052075465,-3.659394792399673,2.821238632364059,-1.103646905219191,66.86078098471987,40.136715236553336,1.0,0.8,131825.8,-2207.0,-1.5873586696970587,0.062288079071052584,0.8020024840846851,-0.5,0.0
2019-06-11,,,,1401.2,1391.5,1394.8,1340.0833333333333,1389.6116371985026,25.357142857142858,66.0919540229885,15.17960544566904,12.871529627613402,2.308075818055638,1438.1278808984705,1351.4721191015294,1394.8,86.65576179694108,-0.0,64.8093845169868,44.51845755748646,105.39123843598747,138.66116510308345,37.46478873239437,14.36619718309859,48.91926111658911,76.59568981633694,1358.0,1463.0,1362.0,1,0,120891.2,11680116,1399.0205829704726,1.0,0.0,1.1132075471698113,6163792.452830188,0.0,-3.659394792399673,4.073647755094202,-1.103646905219191,66.86078098471987,43.62895005096839,2.0,0.8,134955.3,39759.0,29.057436654510372,0.08948515711958584,0.9935689999919312,-0.3,0.0
2019-06-12,,,,1417.0,1397.5,1399.1,1342.8666666666666,1395.1724336557882,26.0,57.714285714285715,18.001409839947883,13.8975056700803,4.103904169867583,1445.670376850462,1352.5296231495379,1399.1,93.14075370092405,-29.6875,66.64375634465786,51.89355715321025,96.14415472755309,135.325023033394,40.10989010989011,13.461538461538462,47.90562993902351,55.70942716088081,1486.0,1463.0,1369.0,0,0,136621.55,11296673,1408.3161541255142,0.09523809523809523,0.9047619047619048,0.35714285714285715,9129595.238095239,-1.025290498974707,-3.659394792399673,3.8468663956011167,-1.103646905219191,66.86078098471987,44.444444444444436,2.0,0.8,136513.1,-32492.0,-18.39989127234014,0.08096885989826424,1.3578614934070656,0.0,0.0
2019-06-13,,,,1434.8,1405.4,1402.6,1345.7833333333333,1401.6322018790463,25.428571428571427,70.30303030303031,21.203662173471912,15.358736970758624,5.844925202713288,1457.0886274951915,1348.1113725048083,1402.6,108.97725499038324,-17.96875,71.77292089643856,58.520011734286356,98.27873922074298,110.89178119245501,41.011235955056186,13.764044943820226,46.6968387302323,92.55262443413844,1358.0,1463.0,1369.0,0,0,140240.4,11478667,1412.6591361452665,0.7142857142857143,0.2857142857142857,0.7142857142857143,8666380.952380951,0.0,-3.659394792399673,3.2670631293028936,-1.103646905219191,66.95152845803074,45.55555555555555,1.0,0.8,137513.7,9819.0,6.8142071952032035,0.08502380867330896,1.4872784870038753,0.3,0.0
2019-06-14,,,,1448.2,1413.4,1406.0,1348.6333333333334,1407.476754081042,25.357142857142858,69.93865030674846,23.470912153600693,16.98117200732704,6.489740146273654,1466.6317616955805,1345.3682383044195,1406.0,121.26352339116102,-17.96875,75.19236393095903,64.07746246651058,97.42216685985593,97.95590666022326,41.690140845070424,11.549295774647886,45.84649859417787,91.48620164743386,1486.0,1463.0,1369.0,0,0,142515.35,11478667,1415.6369357172168,0.5,0.5,0.0,8567687.5,0.0,-3.659394792399673,3.17135874323644,-1.103646905219191,67.09404692650766,46.39438943894389,1.0,0.8,138587.75,-5265.0,-3.420719228145408,0.0842662822465669,1.4607919662338393,0.4,0.0
2019-06-17,,,,1459.0,1421.5,1408.6,1351.5833333333333,1412.2884917876095,24.642857142857142,66.87116564417178,24.580912426880104,18.501120091237652,6.079792335642452,1473.538513428547,1343.6614865714528,1408.6,129.87702685709428,-21.875,76.16990928730603,68.10827807344239,92.29317171503328,83.00738905181863,37.10144927536232,12.463768115942031,43.7281073780423,89.14783712105665,1486.0,1463.0,1369.0,0,0,145659.55,11328560,1418.339936516349,0.25,0.75,0.25,7505350.0,-0.34176349965822084,-3.659394792399673,2.441374630417973,-1.103646905219191,67.09404692650766,49.010634396773014,1.0,0.8,138981.15,-2245.0,-1.510258997645475,0.08496313317266659,1.5281780628312829,0.6,0.0
2019-06-18,,,,1459.6,1430.4,1411.9,1354.9166666666667,1417.403873522123,24.357142857142858,75.0,25.808623040681596,19.96262068112644,5.846002359555154,1481.5363486451245,1342.2636513548757,1411.9,139.27269729024874,-15.625,78.55771730264846,71.59142448317775,92.49030294158987,76.81006499121833,37.536656891495596,8.504398826979473,43.591951748837246,100.0,1358.0,1466.0,1369.0,1,0,148645.65,11464949,1420.8818646896157,0.6666666666666666,0.3333333333333333,0.4444444444444444,7577166.666666667,0.0,-3.659394792399673,3.088084221301279,-1.103646905219191,67.58109833971905,49.925925925925924,1.0,0.8,140108.9,4623.0,3.157679041016359,0.08442656148439043,1.3387999551199432,0.6,0.0
2019-06-19,,,,1465.2,1441.1,1415.35,1358.1833333333334,1422.9844569962065,25.071428571428573,78.39506172839506,27.274110011145012,21.424918547130154,5.849191464014858,1490.5767449640643,1340.1232550359355,1415.35,150.45348992812887,-7.8125,82.92736709065453,75.37007201900335,98.04195723395691,79.1301007872932,39.31623931623932,7.977207977207977,44.13390705530515,100.0,1358.0,1476.0,1369.0,1,0,154303.5,11652189,1424.3852538449655,0.7142857142857143,0.2857142857142857,0.47619047619047616,8916190.476190478,0.0,-3.659394792399673,3.1992854693836774,-1.103646905219191,68.3520329387545,50.60606060606061,1.0,0.8,142055.65,16074.0,10.643059565113756,0.09090954916900743,1.030697680071165,0.7,0.0
2019-06-20,,,,1470.0,1452.4,1418.65,1361.55,1429.0811753775204,24.571428571428573,80.23255813953489,28.9889603724921,22.937726912202546,6.051233460289556,1500.4257524221214,1336.8742475778788,1418.65,163.55150484424257,-7.194244604316546,85.25124136009964,78.6637951327021,98.42613381489471,83.77450009654389,39.82558139534884,6.686046511627906,45.14156011652965,100.0,1358.0,1487.0,1369.0,1,0,158424.0,11864532,1428.8957084574727,0.6,0.4,0.44,8493720.0,0.0,-3.659394792399673,3.0542429701599874,-1.103646905219191,68.68881399454341,50.906232132647226,1.0,0.8,143849.8,7128.0,4.265658101040093,0.10243985000351742,1.0379615229555292,0.7,0.0
2019-06-21,,,,1474.4,1461.3,1423.1,1364.7833333333333,1434.4067777225184,24.357142857142858,82.14285714285714,29.842601420584742,24.318701813878985,5.523899606705758,1509.2550621660475,1336.9449378339523,1423.1,172.31012433209526,-8.633093525179856,85.56979309064114,80.96579445201512,94.77779036789318,74.02780725338897,40.17595307917889,5.865102639296188,46.94809752816259,100.0,1497.0,1487.0,1369.0,0,0,157107.1,11765838,1431.6192591974943,0.45454545454545453,0.5454545454545454,0.18181818181818182,8972181.818181818,-0.13449899125757003,-3.659394792399673,4.43862927038392,-1.0274828521442898,68.86955291454443,51.500154655119076,1.0,0.8,145823.15,-5714.0,-3.279572978247147,0.1047986697302097,0.9706573454232515,0.8,0.0
2019-06-24,,,,1480.6,1469.8,1427.65,1368.1666666666667,1439.6061322251358,23.785714285714285,82.55813953488372,30.490410202758994,25.553043491654986,4.9373667111040085,1517.7453296294873,1337.554670370513,1427.65,180.1906592589744,-5.755395683453237,85.34841551954692,82.42666814119238,91.19191027625601,68.98483588930993,42.34234234234234,3.3033033033033035,50.262089028652944,100.0,1358.0,1489.0,1369.0,1,0,156310.25,11854600,1434.4112884471745,0.5714285714285714,0.42857142857142855,0.2857142857142857,6340142.857142857,0.0,-3.659394792399673,4.529998164014695,-1.0274828521442898,69.23141186299081,51.766717773322334,1.0,0.8,147854.95,-1568.0,-0.9304754444681818,0.10316047843560687,0.8719350477703267,0.6,0.0
2019-06-25,,,,1484.6,1472.1,1431.8,1371.6,1444.024595822742,22.857142857142858,85.02994011976048,30.411167394459426,26.524668272215877,3.886499122243549,1524.7167142631877,1338.8832857368122,1431.8,185.83342852637543,-8.396946564885496,82.74928381575236,82.53420669937904,83.17943804849901,60.70267779710249,44.0625,1.5625,55.302806155096995,100.0,1497.0,1489.0,1369.0,0,0,152156.05,11789155,1436.815070887202,0.2857142857142857,0.7142857142857143,0.42857142857142855,9349285.714285715,-0.2014775016789927,-3.659394792399673,4.114560128958648,-1.0274828521442898,69.86074593436555,52.205866076369674,1.0,0.8,149476.9,40.0,0.02395955626901536,0.10360363494005774,0.7697037348358193,0.2,0.0
2019-06-26,,,,1491.0,1478.1,1437.8,1375.1833333333334,1450.1174914586713,24.357142857142858,86.41304347826087,31.757502317934495,27.5712350813596,4.186267236574896,1534.2389089418155,1341.3610910581845,1437.8,192.877817883631,-5.960264900662252,83.81202254383491,82.96014531419766,85.5157770031094,69.3058263283795,47.800586510263926,1.759530791788856,60.557925954496035,100.0,1366.0,1508.0,1369.0,1,0,156152.1,12023777,1444.015199283263,0.7352941176470589,0.2647058823529412,0.6470588235294118,6900647.05882353,0.0,-3.659394792399673,5.995851099151656,-0.6031889984418332,70.01152630600482,53.48040638606677,1.0,0.8,152084.75,17636.0,10.561237933264668,0.1105071312266522,0.7997630633829569,0.2,0.0
2019-06-27,,,,1492.6,1481.3,1443.35,1378.5666666666666,1454.392016081655,23.214285714285715,78.28571428571429,31.413377231564027,28.339663511400484,3.0737137201635427,1539.5280694993637,1347.171930500636,1443.35,192.3561389987276,-18.48739495798319,77.74968169588995,81.22332410809508,70.80239687147969,58.45032958446542,45.53846153846153,0.923076923076923,66.0108867185065,76.62794187621245,1517.0,1508.0,1369.0,0,0,157471.85,11917524,1447.327239439938,0.14285714285714285,0.8571428571428571,0.9285714285714286,7589500.0,-0.8620689655172487,-3.659394792399673,5.458799171139732,-0.8702300421901111,70.49242424242425,55.29079945535888,1.0,0.8,154107.9,-17700.0,-9.587052604211799,0.10365718406297694,0.6833198860836492,0.1,0.0
2019-06-28,,,,1494.0,1484.2,1448.8,1381.8166666666666,1457.973728835783,23.285714285714285,75.88235294117646,30.546460115671607,28.781022832254713,1.7654372834168939,1542.9099021580791,1354.6900978419208,1448.8,188.2198043161584,-23.364485981308412,71.9389412364134,78.12852981753453,59.55976407417114,51.057730183769024,39.877300613496935,2.760736196319019,70.00869233501714,63.306110237623855,1517.0,1508.0,1369.0,0,0,154616.5,11804981,1452.31070142363,0.21739130434782608,0.782608695652174,0.13043478260869565,4893173.913043478,-1.0610079575596787,-3.659394792399673,5.354935110815664,-0.8702300421901111,71.56140350877193,55.78518340925438,1.0,0.8,155920.1,-734.0,-0.4397210706668875,0.09698688530155672,0.7016257502763041,0.1,0.0
2019-07-01,,,,1497.4,1489.0,1455.25,1385.35,1462.5476594228512,20.642857142857142,67.2,30.635952858312294,29.152008837466234,1.4839440208460601,1546.2719753685478,1364.2280246314522,1455.25,182.04395073709566,-15.068493150684931,74.74500844332321,77.00068935946409,70.23364661104145,50.86876600101163,29.41176470588235,3.114186851211073,72.6005385091945,33.052699924250625,1444.0,1508.0,1369.0,0,0,154161.5,11905450,1456.4916596123762,0.8636363636363636,0.13636363636363635,0.6363636363636364,4566772.727272727,-0.13262599469495706,-3.659394792399673,6.36565620882949,-0.8702300421901111,71.56140350877193,56.671772733602566,1.0,0.85,157699.55,5572.0,3.3527889764727092,0.09363339973556745,0.7122771385883544,0.4,0.0
2019-07-02,,,,1501.8,1493.2,1461.8,1388.95,1466.8764537635323,18.928571428571427,76.78571428571429,30.516484746611468,29.424904019295283,1.0915807273161846,1547.8296154637137,1375.7703845362862,1461.8,172.0592309274275,-16.666666666666668,74.83000562888213,76.27712811593676,71.93576065477288,56.59292192153828,27.547169811320757,3.39622641509434,74.622337848067,50.73488190703684,1444.0,1508.0,1369.0,0,0,155234.6,12050206,1462.1962158135705,0.3333333333333333,0.6666666666666666,0.1111111111111111,8042000.0,0.0,-3.659394792399673,6.472395739902837,-0.8702300421901111,72.81515045892877,56.97724550898203,1.0,0.9,159708.75,6624.0,3.8564991092325362,0.0920868850645099,0.7961895081616596,0.8,0.0
2019-07-03,,,,1497.2,1494.1,1467.6,1392.35,1468.602505786053,19.857142857142858,59.166666666666664,28.240360331499915,29.187995281736214,-0.9476349502362993,1542.163713483257,1393.0362865167428,1467.6,149.12742696651412,-52.23880597014925,54.05333708592143,68.86919777259831,24.421615712567643,34.05448428990921,26.258992805755394,11.151079136690647,73.95383967956884,0.0,1520.0,1508.0,1374.0,0,0,157872.8,11876111,1467.501519261076,0.14705882352941177,0.8529411764705882,0.6764705882352942,5120441.176470588,-1.525198938992045,-3.3075299085150722,5.500598203937848,-1.0502859209755737,72.81515045892877,57.57142857142857,1.0,0.95,161072.15,-6601.0,-3.7004024979538808,0.08994044835034536,0.7447169439923413,0.7,0.0
2019-07-04,,,,1495.8,1494.2,1473.3,1395.6166666666666,1470.4498861873813,19.714285714285715,60.16260162601626,26.374560743233133,28.6253083740356,-2.2507476308024685,1533.8487189659127,1412.7512810340872,1473.3,121.09743793182543,-47.76119402985075,43.35263122801267,60.363675591069764,9.330542501898464,22.265092760301435,25.724637681159418,11.594202898550723,72.614576897865,3.6552932018682016,1453.0,1508.0,1396.0,0,0,159594.5,11986265,1470.3572983404817,0.6428571428571429,0.35714285714285715,0.21428571428571427,7868142.857142857,-1.3262599469495928,-1.7593244194228808,5.388127518038229,-1.0502859209755737,72.81515045892877,57.76507936507936,1.0,1.0,162379.45,-4198.0,-2.443752364874696,0.08489278568887497,0.748868790101229,0.5,0.0
2019-07-05,,,,1494.0,1494.0,1477.65,1398.75,1471.6451351219164,19.857142857142858,60.16260162601626,24.213326755352,27.742912050298884,-3.5295852949468838,1526.109532764786,1429.190467235214,1477.65,96.91906552957198,-56.06060606060606,35.42349328244323,52.05028148819426,2.1699168709411794,14.080245511001452,25.89928057553957,12.589928057553957,71.53399382023323,3.6552932018682016,1520.0,1508.0,1404.0,0,0,159009.9,11851327,1474.8244202614635,0.4090909090909091,0.5909090909090909,0.22727272727272727,6133545.454545455,-1.6578249336870021,-1.6578249336870021,4.1855920073477915,-1.0502859209755737,72.81515045892877,57.900383141762454,1.0,1.0,163401.65,-8107.0,-4.837487394606976,0.07757660831501739,0.7826523077261207,0.5,0.0
2019-07-08,,,,1490.6,1494.0,1481.9,1402.2,1473.2979793960196,19.285714285714285,59.50413223140496,22.72274939441536,26.73887951912218,-4.0161301247068195,1515.9210461176483,1447.8789538823519,1481.9,68.04209223529642,-52.54237288135593,34.48522740568679,46.19526346069177,11.065155295676831,13.764244175906404,26.66666666666667,12.962962962962964,69.49985913534553,1.2385704237735298,1461.0,1508.0,1448.0,0,0,158585.85,11937033,1477.1594196455737,0.9,0.1,0.6,8570600.0,-1.2599469496021087,-1.6578249336870021,4.0763822099905695,-1.0502859209755737,72.81515045892877,57.900383141762454,1.0,1.0,164100.45,-8675.0,-5.439553549034359,0.0698424362345636,0.7793306790274476,0.2,0.0
2019-07-09,,,,1489.6,1495.7,1483.9,1405.6333333333334,1476.1267432630655,19.357142857142858,60.8,22.412778534485824,25.87365932219491,-3.460880787709087,1517.9457895996761,1449.854210400324,1483.9,68.09157919935205,-35.416666666666664,44.00464435741438,45.46505709293264,41.083818886377856,52.90926522840024,30.627306273062732,12.915129151291513,67.67220955396917,5.994680851063826,1461.0,1508.0,1448.0,0,0,150044.3,12092883,1481.862208138974,0.6363636363636364,0.36363636363636365,0.6363636363636364,7084090.909090909,-0.3315649867373871,-1.6578249336870021,2.9093975464824102,-1.0502859209755737,72.81515045892877,57.900383141762454,0.0,1.0,162651.8,-3190.0,-2.115314478962904,0.07149952235491133,0.8281928343455405,-0.1,0.0
2019-07-10,,,,1489.4,1493.3,1485.7,1408.4166666666667,1476.8765772380116,20.285714285714285,48.872180451127825,20.398838076883067,24.778695073132543,-4.379856996249476,1515.265983298594,1456.1340167014062,1485.7,59.131966597187784,-65.45454545454545,40.8515810867611,43.92723175754213,34.70027974519904,-7.391891938677413,23.943661971830984,20.774647887323944,63.089110566342626,0.0,1520.0,1508.0,1458.0,0,0,141975.05,11870825,1485.0195285486193,0.5277777777777778,0.4722222222222222,0.5277777777777778,6168277.777777777,-1.591511936339507,-1.6578249336870021,2.5844579496137725,-1.2771914173421506,72.81515045892877,57.76507936507936,0.0,0.95,162694.35,-2668.0,-1.8074043965721653,0.07104983299361682,0.9319023167025611,-0.1,0.0
2019-07-11,,,,1488.6,1492.2,1486.75,1411.6,1477.5549984534389,20.142857142857142,49.61832061068702,18.588499107799635,23.540655880065962,-4.952156772266328,1514.347673433444,1459.152326566556,1486.75,55.19534686688803,-65.45454545454545,38.74953890632558,42.20133414046995,31.845948438036842,-1.8074252272400508,24.113475177304963,20.921985815602838,58.27227636488532,1.9875413067086816,1520.0,1508.0,1458.0,0,0,136996.8,11870825,1486.7209185421361,0.1111111111111111,0.8888888888888888,0.0,9158777.777777778,-1.591511936339507,-1.6578249336870021,1.581179648925552,-1.2771914173421506,72.81515045892877,57.76507936507936,0.0,0.9,161898.5,-6949.0,-4.794166143486933,0.07837292471577222,0.9199074828638689,0.0,0.0
2019-07-12,,,,1489.0,1491.5,1487.85,1414.9333333333334,1478.264046219778,19.785714285714285,48.4375,17.03807969774516,22.2401406436018,-5.2020609458566405,1513.117203623254,1462.5827963767458,1487.85,50.53440724650818,-63.63636363636363,37.95423805876251,40.785635446567476,32.29144328315259,-21.040252016560267,23.10469314079422,23.465703971119137,52.21862479409789,0.0,1465.0,1508.0,1458.0,0,0,134342.7,11954826,1487.8044063180705,0.8888888888888888,0.1111111111111111,0.1111111111111111,9333444.444444446,-1.5251989389920229,-1.6578249336870021,1.6537125573304627,-1.2771914173421506,72.81515045892877,57.76507936507936,0.0,0.85,161485.5,2392.0,1.7333584544703573,0.08213598079888412,0.8703530773526745,0.1,0.0
2019-07-15,,,,1490.0,1490.3,1489.65,1418.4,1479.762708484561,21.0,52.985074626865675,16.3471462032835,21.061541755538144,-4.7143955522546435,1510.7490146936818,1468.5509853063184,1489.65,42.198029387363476,-47.27272727272727,45.03071652897093,42.20066247403529,50.690824638842216,-2.383466411623141,25.850340136054424,23.12925170068027,45.96182983867279,11.975008677542526,1465.0,1508.0,1466.0,0,0,132394.3,12065965,1489.3412262964998,0.8333333333333334,0.16666666666666666,0.375,4630791.666666667,-0.9283819628646994,-1.6578249336870021,2.6604237326984586,-1.2771914173421506,72.81515045892877,57.76507936507936,0.0,0.85,160837.7,-6941.0,-4.944084336491206,0.08899579179883757,0.9232524167868027,0.1,0.0
2019-07-16,,,,1488.8,1489.2,1491.2,1421.1,1481.404355295555,19.928571428571427,45.21739130434783,15.858840517272029,20.021001507884925,-4.162160990612897,1509.329359729512,1473.0706402704882,1491.2,36.25871945902372,-41.81818181818182,53.20888348308206,45.87006947705088,67.88651149514443,33.46429050547441,20.788530465949826,24.014336917562726,39.84044353267111,0.0,1465.0,1508.0,1476.0,0,0,129194.0,12138348,1490.8840618243366,0.5263157894736842,0.47368421052631576,0.15789473684210525,3809631.5789473685,-0.7294429708222472,-1.6578249336870021,2.309066281799949,-1.2771914173421506,72.81515045892877,57.548674080410606,0.0,0.85,160098.35,2792.0,2.092185029486915,0.09495169578999121,0.8183523081436164,0.4,0.0
2019-07-17,,,,1492.6,1491.0,1492.55,1424.15,1483.461083362645,19.857142857142858,53.70370370370371,15.77416978871861,19.171635164051665,-3.3974653753330557,1509.9187559773866,1475.1812440226133,1492.55,34.737511954773254,-30.90909090909091,63.00882087277934,51.58298660896037,85.8604894004173,43.843587417133925,20.863309352517987,24.10071942446043,33.49569424222645,26.882366872529204,1465.0,1508.0,1483.0,0,0,123313.2,12207972,1492.47094620311,0.9285714285714286,0.07142857142857142,0.42857142857142855,4973142.857142857,-0.3315649867373649,-1.6578249336870021,2.0308194746699075,-1.2771914173421506,72.81515045892877,56.671772733602566,0.0,0.85,158449.15,-2123.0,-1.5582680690834572,0.10199321917773317,0.6157784074488648,0.2,0.0
2019-07-18,,,,1493.4,1491.0,1492.6,1426.5833333333333,1483.8933611376312,19.642857142857142,48.333333333333336,14.331488508071743,18.203605832855683,-3.8721173247839396,1509.9071326942603,1475.2928673057395,1492.6,34.614265388520835,-58.18181818181818,58.672547248519564,53.94617348881343,68.12529476793185,5.405284878412201,20.727272727272727,23.63636363636364,27.74619548058003,9.870470568945729,1520.0,1508.0,1483.0,0,0,116239.7,12137099,1493.1491749376503,0.1,0.9,0.75,3543650.0,-1.3262599469495706,-1.6578249336870021,0.12776916244941336,-1.2771914173421506,72.81515045892877,55.39190353143842,0.0,0.8,156021.15,-8448.0,-6.298930792287393,0.11071891711978976,0.609106590872994,0.3,0.0
2019-07-19,,,,1496.2,1492.6,1493.3,1429.05,1485.3320886483332,19.357142857142858,47.008547008547005,13.91535373254419,17.345955412793383,-3.430601680249193,1510.4445863787005,1476.1554136212994,1493.3,34.28917275740105,-38.18181818181818,63.75271265843334,57.21501987868673,76.82809821792657,9.187045695376122,21.03321033210332,25.092250922509223,22.599690921309513,5.673901984772601,1465.0,1508.0,1483.0,0,0,115551.25,12222024,1493.5264712988105,0.8888888888888888,0.1111111111111111,0.6111111111111112,4718055.555555556,-0.5968169761273123,-1.6578249336870021,1.02916409395082,-1.2771914173421506,72.81515045892877,53.5599778883361,0.0,0.8,153929.05,1004.0,0.7989178005888498,0.11817794559184541,0.6235228658322519,0.3,0.0
2019-07-22,,,,1493.0,1491.5,1492.75,1431.0333333333333,1484.6337944913491,19.785714285714285,38.970588235294116,11.755529008326903,16.227870131900087,-4.472341123573184,1511.136207645146,1474.363792354854,1492.75,36.772415290291974,-73.46938775510205,53.07091413001247,55.833651295795306,47.54543979844681,-58.39886081864061,16.60649819494585,27.436823104693143,18.781218310353896,0.0,1514.0,1508.0,1478.0,0,1,117613.0,12092027,1493.1775338043697,0.13043478260869565,0.8695652173913043,0.9130434782608695,5652043.47826087,-1.9893899204243892,-1.9893899204243892,-0.6460818512591668,-1.4071472051217209,72.81515045892877,52.74777193170837,0.0,0.75,151637.3,-5561.0,-4.390008999478978,0.12738882397949855,0.6716294569878175,0.5,0.0
2019-07-23,,,,1490.2,1489.5,1492.6,1433.15,1484.4781950159825,18.285714285714285,49.152542372881356,10.328252896666072,15.047946684853285,-4.719693788187213,1511.2649121980226,1473.9350878019773,1492.6,37.3298243960453,-60.869565217391305,46.80918084857974,52.82549448005679,34.77655358562566,-79.06241333149883,17.96875,22.656250000000004,16.720778749914334,46.64328222554112,1465.0,1508.0,1478.0,0,0,118109.85,12167409,1492.9068896455292,0.9230769230769231,0.07692307692307693,0.38461538461538464,5798615.384615385,-1.65782493368698,-1.9893899204243892,-0.12953910219183382,-1.4071472051217209,72.81515045892877,51.766717773322334,0.0,0.7,149261.5,-1641.0,-1.3549329964578583,0.13553374360741519,0.6915640740034249,0.2,0.0
2019-07-24,,,,1487.2,1489.9,1491.6,1435.35,1484.8136050144603,18.642857142857142,50.0,9.491176137995126,13.936592575481654,-4.445416437486529,1508.882787299322,1474.3172127006778,1491.6,34.56557459864416,-50.0,47.39659675619602,51.01586190543654,40.158066457714995,-47.86631793224871,20.306513409961685,21.839080459770113,14.27594203323296,50.525464834276484,1465.0,1508.0,1478.0,0,0,111915.35,12278141,1491.4267321983386,0.8421052631578947,0.15789473684210525,0.2631578947368421,5828000.0,-1.3262599469495706,-1.9893899204243892,-1.332622528623212,-1.4071472051217209,72.81515045892877,51.31147540983606,0.0,0.65,146274.0,5402.0,4.521561537431373,0.1306722688059542,0.7650890528377066,0.5,0.0
2019-07-25,,,,1488.4,1490.9,1491.55,1437.5833333333333,1485.6884997749878,18.357142857142858,54.54545454545455,9.20581769586829,12.990437599558982,-3.7846199036906913,1508.7971202780707,1474.3028797219292,1491.55,34.49424055614145,-36.95652173913044,53.502493075559244,51.844738962144106,56.81800130238952,9.913712321393172,23.346303501945524,20.233463035019454,12.31618616827015,71.34808064476618,1465.0,1508.0,1478.0,0,0,111505.5,12376197,1491.1521878591936,0.6111111111111112,0.3888888888888889,0.3333333333333333,5447555.555555556,-0.9283819628646772,-1.9893899204243892,-0.014944404771820238,-1.4071472051217209,72.81515045892877,51.31147540983606,0.0,0.65,144528.9,7148.0,5.724169963323034,0.12951437096284812,0.8008417586897348,0.6,0.0
2019-07-26,,,,1488.2,1492.2,1491.85,1440.0166666666667,1486.8610236059415,18.714285714285715,53.78151260504202,9.19642498256826,12.231635076160838,-3.0352100935925783,1509.3371381303944,1474.3628618696055,1491.85,34.97427626078888,-28.26086956521739,61.38261443132521,55.024030785204474,74.09978172356668,40.862788642824945,24.427480916030532,19.84732824427481,10.585142477832326,67.84848134888557,1465.0,1508.0,1478.0,0,0,109915.4,12456938,1491.1262060032839,0.5333333333333333,0.4666666666666667,0.26666666666666666,5382733.333333334,-0.6631299734747631,-1.9893899204243892,0.48391478761315926,-1.4071472051217209,72.81515045892877,51.31147540983606,0.0,0.65,142700.0,-2410.0,-1.8254533335353207,0.1280475898702798,0.7913461888488081,0.3,0.0
2019-07-29,,,,1488.0,1490.5,1490.4,1442.0666666666666,1485.9218785006137,19.0,39.682539682539684,7.409049780038913,11.267118016936454,-3.858068236897541,1507.755721034377,1473.044278965623,1490.4,34.71144206875397,-70.73170731707317,46.636028668502526,52.22803007963716,35.45202584623327,-46.55195961513385,16.165413533834588,25.93984962406015,9.337736735874525,4.571156073302014,1506.0,1508.0,1477.0,0,1,110535.85,12344060,1490.2777073380869,0.15384615384615385,0.8461538461538461,0.8076923076923077,4341461.538461538,-2.05570291777184,-2.05570291777184,-1.9263917385517302,-1.4080356478841765,72.81515045892877,49.9236641221374,0.0,0.6,140486.9,-2112.0,-1.6294787519674059,0.12255379308913719,0.7537391213799737,0.3,0.0
2019-07-30,,,,1486.2,1488.2,1488.7,1444.3,1484.786461500555,17.214285714285715,45.45454545454546,5.684934737828826,10.150681361114929,-4.465746623286103,1505.4470343012222,1471.952965698778,1488.7,33.49406860244426,-91.42857142857143,33.94782863614454,46.134629598472955,9.57422671148771,-88.53135577648479,17.842323651452283,19.50207468879668,9.149010326675674,41.63090128755369,1506.0,1503.0,1474.0,0,1,107960.95,12250802,1488.3532408400138,0.23076923076923078,0.7692307692307693,0.23076923076923078,7173692.307692308,-1.9294743845641782,-2.05570291777184,-2.274037033218141,-1.4080356478841765,72.81515045892877,49.52516496312589,0.0,0.55,137898.05,-891.0,-0.6988235294117628,0.10851387844703003,0.7748637517826692,0.5,0.0
2019-07-31,,,,1483.4,1485.3,1488.15,1446.6333333333334,1483.759179452883,17.785714285714285,45.45454545454546,4.269346773273128,8.974414443546568,-4.70506767027344,1506.0887847969586,1470.2112152030415,1488.15,35.87756959391709,-86.48648648648648,27.261515387059326,39.84359152800175,2.0973631051744803,-77.67546245632539,18.072289156626507,19.67871485943775,8.946774967797662,41.63090128755369,1506.0,1503.0,1474.0,0,0,103970.85,12250802,1487.4191469692387,0.29411764705882354,0.7058823529411765,0.0,5546647.05882353,-1.9294743845641782,-2.05570291777184,-0.7892879763737884,-1.4009807161160437,72.81515045892877,49.09646998853065,0.0,0.5,135568.35,-1418.0,-1.119983571468064,0.09511317627649256,0.7481524071964001,0.3,0.0
2019-08-01,,,,1479.8,1484.1,1487.55,1448.9333333333334,1483.02020998118,17.928571428571427,45.94594594594595,3.271158518726452,7.833763258582545,-4.562604739856093,1506.2945430653417,1468.8054569346582,1487.55,37.48908613068352,-81.08108108108108,24.655825072854363,34.78100270961929,4.405469799324521,-73.64693859140256,17.928286852589643,17.13147410358566,9.05374164453178,44.785987704442675,1469.0,1503.0,1474.0,0,0,101802.55,12317590,1487.0743442412133,0.5454545454545454,0.45454545454545453,0.18181818181818182,6071636.363636364,-1.7964071856287012,-2.05570291777184,-0.8657220854480396,-1.4009807161160437,72.81515045892877,48.78524436090226,0.0,0.45,133120.95,-6552.0,-5.233603054532676,0.08266087212466683,0.7121977626449283,0.0,0.0
2019-08-02,,,,1473.8,1481.0,1486.8,1450.8333333333333,1481.5897137924962,17.214285714285715,38.18181818181818,1.8136473960048534,6.629740086067007,-4.8160926900621535,1507.4178257057754,1466.1821742942245,1486.8,41.23565141155086,-88.37209302325581,20.40547068349021,29.989158700909595,1.2380946486514475,-97.44212910840676,13.692946058091286,19.50207468879668,9.906916247706382,0.0,1506.0,1503.0,1468.0,0,1,100323.95,12212224,1486.3270486924273,0.35714285714285715,0.6428571428571429,0.5714285714285714,7526142.857142857,-2.3286759813705427,-2.3286759813705427,-1.0899597978861577,-1.4009807161160437,72.81515045892877,48.416666666666664,0.0,0.4,131137.85,1179.0,0.9937710196478378,0.07221845245046238,0.7634857363991249,-0.1,-1.0
2019-08-05,,,,1475.2,1481.6,1486.55,1452.9,1481.8192648598774,17.857142857142858,44.71544715447155,1.9274076571659862,5.689273600286803,-3.7618659431208172,1507.1767582980547,1465.9232417019452,1486.55,41.25351659610942,-51.16279069767442,30.270313788993473,30.082877063604222,30.64518723977197,-24.016139230277382,17.2,18.8,9.710090850880986,39.92773261065946,1463.0,1503.0,1468.0,0,0,101299.1,12317433,1486.102079715746,0.6071428571428571,0.39285714285714285,0.5714285714285714,3757464.285714286,-1.2641383898868597,-2.3286759813705427,-0.3023598983483872,-1.4009807161160437,72.81515045892877,48.06837606837607,0.0,0.35,128958.4,-12602.0,-10.517618387888295,0.07536288989967242,0.7826783627850024,-0.3,0.0
2019-08-06,,,,1478.8,1482.5,1486.0,1454.9,1482.7888586827462,17.571428571428573,45.6,2.6327479454585045,5.077968469321144,-2.4452205238626394,1505.3254672440842,1466.6745327559158,1486.0,38.65093448816833,-32.55813953488372,43.19608220853533,34.453945445247925,60.68035573511014,22.400664449592934,17.479674796747968,19.10569105691057,9.51326545405559,45.33333333333335,1463.0,1503.0,1468.0,0,0,96509.7,12377495,1484.9997214442349,0.9,0.1,0.8,6006200.0,-0.7318695941449849,-2.3286759813705427,-0.7523901529419408,-1.4009807161160437,70.81196066626532,46.796026796026794,0.0,0.35,126901.1,-747.0,-0.6967243694970926,0.07812791797176118,0.7481871507455242,-0.5,0.0
2019-08-07,,,,1479.4,1481.4,1485.65,1456.8166666666666,1482.2375388081991,18.0,45.6,1.9587809582749287,4.454130967111902,-2.495350008836973,1505.3773521042306,1465.9226478957696,1485.65,39.45470420846095,-66.66666666666667,39.90849925013467,36.27213004687684,47.181237656650325,-44.31388151984114,16.26984126984127,23.80952380952381,10.388587178265482,45.33333333333335,1505.0,1503.0,1468.0,0,0,91207.15,12261488,1484.7574258158488,0.44,0.56,0.6,4640280.0,-1.729873586160957,-2.3286759813705427,-0.48215905683407356,-1.4009807161160437,70.81196066626532,45.92342342342343,0.0,0.35,124980.75,71.0,0.06668607763762324,0.07964978075430897,0.8153202554913769,-0.7,0.0
2019-08-08,,,,1480.8,1480.3,1485.6,1458.3166666666666,1482.3101541597991,17.714285714285715,43.33333333333333,1.8870543334642207,3.9407156403823658,-2.053661306918145,1505.3500166553445,1465.8499833446554,1485.6,39.500033310689105,-52.38095238095238,45.12418468527496,39.22281492634288,56.92692420313912,-20.865141843880572,16.532258064516128,22.983870967741932,10.926196507711547,31.48148148148146,1463.0,1503.0,1468.0,0,0,90246.05,12324695,1484.57721953851,0.6428571428571429,0.35714285714285715,0.42857142857142855,4514785.714285715,-1.3306719893545704,-2.3286759813705427,-0.022055128852475497,-1.4009807161160437,70.81196066626532,45.78666666666666,0.0,0.35,123036.95,-7418.0,-6.962643138727243,0.0895493594721992,0.8302637068555125,-0.7,0.0
2019-08-09,,,,1464.0,1468.9,1480.55,1458.1333333333334,1472.9472823350563,24.214285714285715,26.26262626262627,-6.088082530230395,1.934956006259814,-8.023038536490208,1530.10581648364,1430.99418351636,1480.55,99.11163296728,-88.32116788321167,34.28226485580011,37.57596490282862,27.694864761743077,-200.09386744454525,12.094395280235986,45.72271386430678,13.324275177118418,0.0,1505.0,1503.0,1384.0,0,1,90929.0,12227035,1479.067442913335,0.7619047619047619,0.23809523809523808,4.714285714285714,4650476.190476191,-7.917498336659968,-7.917498336659968,-3.251317860069171,-1.6655585734902043,70.81196066626532,45.6,1.0,0.35,122173.55,24000.0,24.21258650955389,0.08377638243468197,0.8130263587771731,-0.7,0.0
2019-08-12,,,,1449.6,1462.4,1476.45,1458.2333333333333,1467.1427792555273,26.071428571428573,33.936651583710415,-10.033411041327554,-0.45871740325765953,-9.574693638069894,1534.209847645158,1418.690152354842,1476.45,115.51969529031612,-67.88321167883211,34.40339966764627,36.518443157767834,30.17331268740314,-120.60174806463658,19.17808219178082,41.369863013698634,15.118069617971683,27.133160956690375,1368.0,1503.0,1384.0,0,0,92132.35,12362241,1472.9069450994502,0.8461538461538461,0.15384615384615385,0.717948717948718,3466820.5128205125,-6.054557551563489,-7.917498336659968,-2.4633311814356333,-1.6655585734902043,70.81196066626532,45.57090909090909,1.0,0.3,122449.55,15847.0,12.870973505953454,0.08674930177714246,0.8113546066954676,-0.4,0.0
2019-08-13,,,,1431.2,1455.0,1471.6,1458.2333333333333,1460.748228850239,26.0,30.701754385964904,-13.967404478325761,-3.16045481827128,-10.806949660054482,1537.771706467599,1405.4282935324009,1471.6,132.3434129351981,-76.64233576642336,31.334549909664442,34.79047874173337,24.42269224552659,-101.78673687799474,17.307692307692307,41.48351648351649,17.795579024453055,15.695488721804459,1505.0,1503.0,1384.0,0,0,92851.3,12275479,1468.6680015968182,0.3333333333333333,0.6666666666666666,0.6666666666666666,4820111.111111111,-6.852960745176273,-7.917498336659968,-2.9457870897267884,-1.6655585734902043,70.81196066626532,45.45454545454546,1.0,0.25,122907.85,6438.0,4.632687865639107,0.09288899105435766,0.8178660354596893,-0.5,0.0
2019-08-14,,,,1419.0,1449.2,1467.25,1458.3833333333334,1456.4864927692638,26.142857142857142,33.61344537815127,-15.614067091605648,-5.651177272938154,-9.962889818667493,1536.114091933945,1398.385908066055,1467.25,137.72818386789004,-64.96350364963503,33.488125136626685,34.35636087336447,31.751653663151117,-78.19133215634623,16.120218579234972,41.2568306010929,20.41462664350067,26.711906230721784,1368.0,1499.0,1384.0,0,0,95234.35,12392764,1463.9876936910543,0.9,0.1,0.8,5864250.0,-5.537024683122027,-7.917498336659968,-2.568054161680295,-1.6655585734902043,70.81196066626532,45.40711462450594,1.0,0.2,124090.3,12360.0,8.500278528544026,0.10996820025518492,0.748775589689662,-0.1,0.0
2019-08-15,,,,1407.6,1444.2,1464.15,1458.4666666666667,1453.583017267429,26.5,35.24590163934427,-15.928528488430402,-7.706647516036604,-8.221880972393798,1534.6438220510179,1393.6561779489823,1464.15,140.98764410203557,-55.725190839694655,37.54851387061201,35.420411872446984,41.80471786694207,-56.199115296093645,18.059299191374663,40.70080862533693,22.428003965324685,45.63902594302085,1368.0,1499.0,1384.0,0,0,98261.4,12524178,1460.1216871528393,0.8,0.2,0.5,6570700.0,-4.869913275516968,-7.917498336659968,-1.7890866218063362,-1.6655585734902043,70.01152630600482,45.11700247437257,1.0,0.2,126074.4,7585.0,4.807722781063206,0.1307054210607909,0.7801924457485617,0.2,0.0
2019-08-16,,,,1416.0,1440.0,1460.5,1458.9666666666667,1450.9560632419598,25.785714285714285,38.56502242152466,-15.993379685504578,-9.3639939499302,-6.629385735574379,1530.9556598151792,1390.0443401848208,1460.5,140.91131963035832,-54.330708661417326,40.499009247074675,37.11327766398955,47.27047241324493,-41.753853965323216,21.05263157894737,37.119113573407205,22.742629815664824,62.50163263529099,1495.0,1498.0,1384.0,0,0,99214.7,12524178,1457.0439498044814,0.1875,0.8125,0.0,6499437.5,-4.806408544726281,-7.917498336659968,-2.139849219431371,-1.6655585734902043,70.01152630600482,44.43902439024391,1.0,0.15,128135.85,2551.0,1.5427693647491303,0.14789727232418312,0.7454233773210512,0.4,0.0
2019-08-19,,,,1419.6,1434.6,1458.1,1459.5,1448.9602476951065,25.785714285714285,40.17857142857142,-15.542839971696822,-10.599763154283524,-4.9430768174132975,1529.3117672120695,1386.8882327879303,1458.1,142.42353442413923,-51.181102362204726,43.801507519729995,39.34268761590303,52.71914732738392,-36.615695364474306,21.05263157894737,36.56509695290859,24.34824642128143,70.69917772934411,1368.0,1498.0,1384.0,0,0,97204.0,12613961,1454.0301681686626,0.46153846153846156,0.5384615384615384,0.3076923076923077,6906384.615384615,-4.539385847797051,-7.917498336659968,-1.3875704235370634,-1.6655585734902043,70.01152630600482,42.740061162079506,1.0,0.15,130628.45,3062.0,1.8236720010958773,0.16176907619661707,0.6558698278735322,0.4,0.0
2019-08-20,,,,1426.0,1428.6,1455.55,1459.9833333333333,1447.3449860098583,25.357142857142858,40.70796460176991,-14.853182475446147,-11.450447018516048,-3.402735456930099,1526.659922321881,1384.440077678119,1455.55,142.21984464376192,-49.60629921259842,46.978782790931106,41.88805267424572,57.16024302430186,-30.66539705965167,21.12676056338028,36.61971830985916,25.960671360120482,73.3887300087145,1368.0,1498.0,1384.0,0,0,96972.25,12684708,1452.2552329833193,0.45454545454545453,0.5454545454545454,0.18181818181818182,6431545.454545455,-4.4058744993324295,-7.917498336659968,-1.4811745212004517,-1.6655585734902043,67.7477300613497,40.63976617682877,1.0,0.15,133538.5,6708.0,3.9236100956336006,0.17523117625947246,0.6161703809110068,0.8,0.0
2019-08-21,,,,1427.6,1423.3,1452.35,1460.5833333333333,1445.1216540089194,25.928571428571427,38.793103448275865,-14.78176212966082,-12.116710040745001,-2.665052088915818,1523.0704280767648,1381.629571923235,1452.35,141.4408561535297,-55.90551181102362,57.61026833949397,47.12879122932847,78.57322255982496,-37.60203336920512,20.661157024793386,39.11845730027548,28.00373198613042,64.79927086185282,1495.0,1498.0,1384.0,0,0,98231.35,12548794,1448.5531419789438,0.47368421052631576,0.5263157894736842,0.42105263157894735,7153368.421052632,-4.939919893190902,-7.917498336659968,-1.8971872103626648,-1.6655585734902043,67.7477300613497,40.32929226736566,1.0,0.15,136413.9,4709.0,2.6503745645089616,0.18839483528105716,0.6165323147370643,0.4,0.0
2019-08-22,,,,1426.4,1417.0,1448.65,1461.1833333333334,1442.7291155318794,25.714285714285715,39.473684210526315,-14.876441207696189,-12.66865627413524,-2.2077849335609496,1517.92375138948,1379.3762486105202,1448.65,138.54750277895982,-59.05511811023622,61.18462333744042,51.81406859869912,79.92573281492301,-37.9977979199593,20.833333333333332,37.49999999999999,28.79454831266103,68.31878065410075,1495.0,1498.0,1384.0,0,0,97871.55,12457934,1445.0643476066334,0.36363636363636365,0.6363636363636364,0.36363636363636365,8260000.0,-5.2069425901201445,-7.917498336659968,-2.2212985609559968,-1.6655585734902043,67.7477300613497,40.079365079365076,1.0,0.1,139268.55,6733.0,3.691702031998778,0.20271798847053704,0.5536713932677197,0.0,0.0
2019-08-23,,,,1422.2,1419.1,1444.0,1461.55,1439.1358664336053,25.571428571428573,32.59911894273128,-15.9776690755848,-13.330458834425151,-2.647210241159648,1511.7953577047015,1376.2046422952985,1444.0,135.59071540940295,-70.4,48.937897039775095,50.85534474572445,45.10300162787638,-51.61107824736753,15.921787709497204,43.29608938547486,31.778974787653546,32.768114047764115,1495.0,1492.0,1384.0,0,0,102016.25,12294299,1439.9834250262415,0.34615384615384615,0.6538461538461539,0.5769230769230769,6293653.846153846,-5.831099195710476,-7.917498336659968,-2.827607089259017,-1.6655585734902043,67.7477300613497,39.64076858813701,1.0,0.05,141864.15,-7591.0,-4.013959759934426,0.20899233372706716,0.6100912729339315,0.1,0.0
2019-08-26,,,,1413.8,1416.7,1439.55,1461.7333333333333,1434.265783916119,26.857142857142858,27.966101694915253,-18.014498099422326,-14.267266687424588,-3.7472314119977383,1509.8620114017594,1369.2379885982405,1439.55,140.62402280351898,-83.73983739837398,36.134036623007965,45.948242038152294,16.5056257927193,-64.87776063093672,15.159574468085104,44.9468085106383,35.00133747904279,8.80923881093864,1495.0,1492.0,1384.0,0,0,103432.5,12153096,1434.4519151781756,0.21428571428571427,0.7857142857142857,0.6071428571428571,5042964.285714285,-6.970509383378043,-7.917498336659968,-2.748302052057487,-1.4832490647264531,67.7477300613497,39.373065015479874,1.0,0.05,144387.4,-3559.0,-1.9606222868601364,0.21121645151802823,0.6637466771994955,0.0,0.0
2019-08-27,,,,1404.6,1415.3,1435.15,1461.8833333333334,1429.6690425907743,26.142857142857142,29.596412556053806,-19.564555048589682,-15.326724359657607,-4.237830688932075,1507.3726819598007,1362.9273180401995,1435.15,144.44536391960128,-85.0,26.428539035221686,39.441674370508764,0.4022683646475258,-63.40729005210302,15.573770491803277,41.53005464480874,36.90438492664469,19.529280653806293,1495.0,1492.0,1384.0,0,0,103846.25,12051563,1430.3656808342462,0.1875,0.8125,0.125,6345812.5,-7.104557640750686,-7.917498336659968,-2.7205445613277477,-1.4832490647264531,67.7477300613497,38.935091277890464,1.0,0.05,146983.95,575.0,0.3230972382209929,0.2116439284775644,0.6978463436672598,-0.4,0.0
2019-08-28,,,,1398.0,1412.8,1431.0,1462.25,1425.9862766297483,26.785714285714285,29.27927927927928,-20.157168840118402,-16.292813255749767,-3.864355584368635,1503.3616647563385,1358.6383352436615,1431.0,144.72332951267708,-67.6056338028169,27.071762341889084,35.31837036096887,10.57854630372951,-61.42789619679386,15.2,43.46666666666667,39.17976261018564,20.88322852555522,1368.0,1492.0,1384.0,0,0,105132.55,12171582,1425.771883525448,0.8260869565217391,0.17391304347826086,0.21739130434782608,5218217.391304348,-6.769436997319045,-7.917498336659968,-2.545378200999331,-1.4832490647264531,67.7477300613497,38.935091277890464,1.0,0.05,149602.25,-983.0,-0.5505769015346718,0.20975642155736166,0.6839923898493221,-0.3,-1.0
2019-08-29,,,,1389.8,1408.1,1426.15,1462.3333333333333,1421.5113931412009,19.785714285714285,48.14814814814815,-21.349021026186392,-17.30405480983709,-4.044966216349302,1498.8144052440173,1353.485594755983,1426.15,145.32881048803438,-89.55223880597015,21.583195096612926,30.739978606183556,3.2696280774716655,-58.228594068999286,20.577617328519857,20.577617328519857,35.02524365974832,100.0,1439.0,1492.0,1379.0,0,1,105832.7,12090791,1422.6031251840564,0.058823529411764705,0.9411764705882353,0.7058823529411765,4752411.764705882,-7.57372654155497,-7.917498336659968,-3.004124822447335,-1.4832490647264531,67.7477300613497,38.935091277890464,1.0,0.05,152583.4,705.0,0.39705559341507435,0.20391912871987877,0.6785456951337483,-0.3,-1.0
2019-08-30,,,,1384.0,1403.1,1421.55,1462.0,1417.1769747468009,18.428571428571427,33.63636363636364,-22.278830903861717,-18.299010028642016,-3.9798208752197013,1494.7058538147262,1348.3941461852737,1421.55,146.31170762945248,-94.02985074626865,16.408998751277306,25.962985321214806,-2.698974388597698,-56.16510024408183,10.852713178294575,23.643410852713178,35.05574851510446,28.095574720769143,1439.0,1492.0,1376.0,0,1,107335.5,11955369,1417.7060441326496,0.1,0.9,0.15,6771100.0,-7.774798927613935,-7.917498336659968,-2.8551434669210387,-1.4832490647264531,67.7477300613497,38.74748724292562,1.0,0.05,155738.8,4664.0,2.6163736522646364,0.19786656151806054,0.6463175434560109,-0.6,0.0
2019-09-02,,,,1385.2,1399.5,1417.05,1461.8333333333333,1414.9696438185342,18.642857142857142,47.41379310344827,-21.31752717948939,-18.90271345881149,-2.4148137206778983,1484.9120116970623,1349.1879883029376,1417.05,135.72402339412474,-67.16417910447761,22.767289490098847,24.89775337750949,18.506361715277563,-44.34763094988867,10.727969348659004,23.754789272030653,34.81691154729553,96.36134498846995,1372.0,1492.0,1376.0,0,0,107455.9,12062986,1413.0209616223958,1.0,0.0,0.8571428571428571,5124619.047619048,-6.568364611260058,-7.917498336659968,-2.7382060176646923,-1.4832490647264531,67.7477300613497,38.74748724292562,1.0,0.05,159296.4,-4558.0,-2.4917179624547647,0.18186701710115086,0.6082997904835652,-0.8,0.0
2019-09-03,,,,1385.4,1395.0,1411.8,1460.5666666666666,1412.305868216769,18.071428571428573,36.44859813084113,-20.879838766610646,-19.29813852037132,-1.5817002462393255,1470.9326786489833,1352.6673213510167,1411.8,118.2653572979666,-77.61194029850746,24.269102084308322,24.68820294644243,23.430900360040113,-36.641035436231085,10.276679841897232,24.50592885375494,34.609737768693186,42.02991235592508,1439.0,1483.0,1376.0,0,0,107711.3,11997816,1410.2069456346114,0.08333333333333333,0.9166666666666666,0.5833333333333334,5430833.333333333,-6.473364801078906,-7.917498336659968,-3.237484458920105,-1.4832490647264531,67.7477300613497,38.48838157358336,1.0,0.0,162880.0,-227.0,-0.1272649802655179,0.16215652395779745,0.5677295739365913,-0.5,0.0
2019-09-04,,,,1390.0,1394.0,1408.65,1460.0,1412.4672141008864,19.071428571428573,45.16129032258065,-18.145127460034928,-19.067536308304042,0.9224088482691144,1459.2559077058236,1358.0440922941766,1408.65,101.21181541164697,-37.3134328358209,44.17940138953888,31.185269094141248,70.16766598033414,-9.397050468079257,11.610486891385767,25.093632958801496,34.481350896250895,85.2004214117293,1372.0,1483.0,1376.0,0,0,108043.25,12120462,1406.177314023165,0.9705882352941176,0.029411764705882353,0.7941176470588235,3607235.2941176468,-4.652730950775464,-7.917498336659968,-1.80161618061458,-1.4832490647264531,67.7477300613497,38.48838157358336,1.0,0.05,166476.65,332.0,0.1863692243784465,0.13825070619283106,0.5699795872996196,-0.2,0.0
2019-09-05,,,,1395.8,1392.8,1404.9,1459.0833333333333,1412.0417651388973,18.785714285714285,43.07692307692308,-16.274397775851412,-18.508908601813516,2.2345108259621043,1441.4795456216764,1368.3204543783238,1404.9,73.15909124335258,-45.45454545454545,54.45293425969258,38.941157482658355,85.47648781376103,21.346513045845597,10.26615969581749,25.475285171102662,35.54807545841618,74.87259241536069,1438.0,1432.0,1376.0,0,0,110524.5,12007630,1404.3159754926132,0.0,1.0,0.5,9402666.666666666,-1.6759776536312665,-7.917498336659968,-2.178101608338535,-1.4832490647264531,66.93693251533743,38.48838157358336,1.0,0.1,170389.6,-1092.0,-0.6118572557193502,0.09839544713999157,0.6065565401345491,0.1,0.0
2019-09-06,,,,1402.4,1393.2,1406.15,1458.1833333333334,1411.752073220907,18.714285714285715,41.732283464566926,-14.543491068575577,-17.71582509516593,3.1723340265903524,1441.4071008151307,1370.8928991848695,1406.15,70.51420163026114,-43.93939393939394,61.99640061757283,46.626238527629845,92.73672479745882,14.915975428899142,10.305343511450381,26.33587786259542,36.74999853533926,68.21003906393501,1372.0,1432.0,1376.0,0,0,109270.15,12080203,1405.609661162419,0.25,0.75,0.08333333333333333,6047750.0,-1.606145251396629,-7.774798927613935,1.6000851306082549,-1.0640193474011317,62.01423312883437,38.48838157358336,0.0,0.15,173109.25,134.0,0.07554360388091208,0.07269914726829861,0.5402599668601547,0.5,1.0
2019-09-09,,,,1407.6,1396.4,1406.55,1457.55,1412.5375900570111,19.571428571428573,45.58823529411765,-12.144136912520707,-16.601487458636885,4.457350546116178,1442.2651007424893,1370.8348992575106,1406.55,71.43020148497862,-22.580645161290324,69.40110918364505,54.21786207963491,99.76760339166532,34.15228901388682,13.503649635036496,25.182481751824817,36.98995646052498,87.31589058640564,1372.0,1432.0,1376.0,0,0,108249.9,12195004,1406.4473211214668,0.6086956521739131,0.391304347826087,0.4782608695652174,4991347.826086957,-0.8379888268156388,-7.774798927613935,0.6031493681565755,-1.0640193474011317,60.29008130081301,38.48838157358336,0.0,0.2,175280.55,4880.0,2.74906345942596,0.05607603095221038,0.5454732014779001,0.8,0.0
2019-09-10,,,,1415.2,1400.3,1407.8,1456.8666666666666,1413.7244862420578,19.0,50.37593984962406,-9.727045913759639,-15.226599149661435,5.4995532359017965,1444.2913832654378,1371.308616734562,1407.8,72.98276653087578,-7.017543859649122,77.21978707481098,61.885170411360264,107.8890204017124,46.59819327519473,13.909774436090226,21.428571428571427,36.304315011083155,100.0,1372.0,1432.0,1376.0,0,0,106984.85,12256465,1407.1318403182008,0.6363636363636364,0.36363636363636365,0.45454545454545453,5587363.636363636,-0.48882681564244024,-7.774798927613935,1.8059230877266435,-1.0640193474011317,60.16260162601626,38.48838157358336,0.0,0.25,177081.5,-969.0,-0.5312645631733282,0.03921133885424655,0.5400596840635592,0.6,0.0
2019-09-11,,,,1417.2,1403.6,1408.2,1456.0,1414.7031065999572,19.142857142857142,51.53846153846153,-7.802236203462371,-13.741726560421624,5.9394903569592525,1445.2410867180845,1371.1589132819156,1408.2,74.08217343616889,-14.754098360655737,79.81319138320731,67.86117740197594,103.71721934567006,48.00880265819074,15.298507462686567,21.268656716417908,35.42967944257004,100.00000000000001,1433.0,1432.0,1376.0,0,0,106176.6,12155345,1407.8192137752887,0.3076923076923077,0.6923076923076923,0.07692307692307693,7778461.538461538,-0.5586592178770666,-7.774798927613935,0.6409615150717763,-1.0640193474011317,59.63582611032722,38.48838157358336,0.0,0.3,178433.6,3383.0,1.8646720977147702,0.030592572862288905,0.5120523074959182,0.2,0.0
2019-09-12,,,,1426.0,1410.9,1409.5,1455.4166666666667,1418.2551916856755,21.357142857142858,66.43356643356644,-3.9716618013380867,-11.787713608604918,7.816051807266831,1450.7565784227359,1368.2434215772641,1409.5,82.51315684547171,-26.605504587155963,77.59151030485425,71.10462170293538,90.56528750869202,105.60887447581723,29.765886287625413,12.37458193979933,35.07563845510587,100.0,1372.0,1452.0,1376.0,1,0,121619.75,12595622,1415.170712267813,0.48214285714285715,0.5178571428571429,0.5,7862089.285714285,0.0,-7.774798927613935,1.7146350279683018,-1.0640193474011317,59.63582611032722,38.48838157358336,0.0,0.35,180499.35,21858.0,11.827346070808243,0.04228477735342694,0.8109061974077386,0.3,0.0
2019-09-16,,,,1437.2,1419.8,1411.45,1455.0833333333333,1422.7070781918019,20.714285714285715,77.6978417266187,0.11179861971459104,-9.407811162941016,9.519609782655607,1459.1705682234858,1363.7294317765143,1411.45,95.44113644697154,-14.678899082568808,79.7276735365695,73.97897231414674,91.22507598141499,111.14654592839308,30.68965517241379,7.93103448275862,35.7449991197257,100.0,1372.0,1465.0,1376.0,1,0,122449.35,12716205,1416.924340962202,0.6666666666666666,0.3333333333333333,0.7222222222222222,6699055.555555556,0.0,-7.774798927613935,2.4808889941973487,-1.0640193474011317,59.63582611032722,38.48838157358336,0.0,0.4,182806.15,7372.0,3.567091020820934,0.05565356517694409,0.8418145713032266,0.3,0.0
2019-09-17,,,,1443.8,1425.7,1412.6,1454.4833333333333,1425.5921183640112,21.142857142857142,72.48322147651007,2.3525519567822357,-7.0557385389963665,9.408290495778601,1463.223065265109,1361.9769347348908,1412.6,101.24613053021812,-25.68807339449541,77.15178235771299,75.03657566200215,81.38219574913467,83.92292495995379,30.067567567567565,10.81081081081081,35.863062874153094,89.23012170016382,1481.0,1465.0,1376.0,0,0,124375.6,12587897,1418.3699514481405,0.4090909090909091,0.5909090909090909,0.5454545454545454,5832181.818181818,-0.8191126279863403,-7.774798927613935,1.4574540635566469,-1.0640193474011317,59.63582611032722,38.48838157358336,0.0,0.45,184482.4,-9549.0,-4.461336485406864,0.05886150838668947,0.8414235641671258,0.2,0.0
2019-09-18,,,,1449.6,1432.4,1413.7,1453.95,1428.2976309007722,20.714285714285715,71.72413793103448,4.16109030397979,-4.812372770401135,8.973463074380925,1466.9841439829277,1360.4158560170724,1413.7,106.56828796585523,-25.0,72.767854905142,74.28033540971543,69.74289389599514,79.503228525643,30.68965517241379,7.241379310344827,36.837088848179064,86.44234361964037,1373.0,1465.0,1376.0,0,0,126120.25,12693537,1419.5403256019554,0.35294117647058826,0.6470588235294118,0.058823529411764705,6214117.647058823,-0.7508532423208036,-7.774798927613935,1.3957790693089769,-1.0640193474011317,59.63582611032722,38.48838157358336,0.0,0.5,186138.55,6306.0,3.083769377475676,0.06558456436095965,0.8738999262952383,0.5,0.0
2019-09-19,,,,1452.8,1435.0,1414.5,1452.8166666666666,1429.4121422435558,21.0,70.74829931972789,4.413807353163293,-2.9671367456882494,7.380944098851542,1468.903947225156,1360.096052774844,1414.5,108.80789445031178,-37.96296296296296,63.62301438120578,70.72789506687889,49.413253009859545,56.41962580613926,30.272108843537413,10.54421768707483,40.28946980056001,84.22762306644492,1481.0,1465.0,1376.0,0,0,127110.2,12537824,1420.8843460241585,0.09523809523809523,0.9047619047619048,0.6666666666666666,7414904.761904761,-1.7064846416382173,-7.774798927613935,1.0225121968023243,-1.0640193474011317,59.63582611032722,38.48838157358336,0.0,0.55,187351.6,-4153.0,-1.9701512362663376,0.0693609700339015,0.9151752847455068,0.8,0.0
2019-09-20,,,,1449.2,1437.6,1415.2,1451.8,1429.849081077503,20.928571428571427,69.33333333333334,4.082872763741079,-1.557134843802384,5.640007607543463,1470.2582466694055,1360.1417533305946,1415.2,110.11649333881087,-43.51851851851852,54.8597873652483,65.43852583300203,33.702310429740834,40.48826436488765,30.37542662116041,11.604095563139932,40.83495519120846,79.72203205650641,1481.0,1465.0,1376.0,0,0,128053.8,12428092,1421.6278631845885,0.15789473684210525,0.8421052631578947,0.3157894736842105,5775368.421052632,-2.116040955631393,-7.774798927613935,0.9037767144634758,-1.0640193474011317,59.63582611032722,38.48838157358336,0.0,0.6,188362.95,2699.0,1.3061173134342852,0.07376854399710209,0.5939366059694239,0.4,0.0
2019-09-23,,,,1443.4,1440.3,1416.75,1450.8666666666666,1430.4348828796456,20.642857142857142,65.67164179104478,3.93660922201434,-0.45838603063903927,4.394995252653379,1472.342028962827,1361.157971037173,1416.75,111.18405792565409,-45.0,46.097001100641734,58.99135092221527,20.308301457494665,27.134877975853385,30.79584775086505,14.53287197231834,40.69924696389718,70.84504129718158,1381.0,1465.0,1376.0,0,0,126834.9,12567349,1423.1161570408985,0.8235294117647058,0.17647058823529413,0.11764705882352941,8191588.235294118,-1.9795221843003308,-7.774798927613935,1.9992764943796357,-0.975216239897796,59.63582611032722,38.48838157358336,0.0,0.65,189764.8,219.0,0.10461350326260721,0.07676360970960167,0.6141662934512256,0.4,0.0
2019-09-24,,,,1432.6,1438.2,1417.3,1449.0833333333333,1427.4410845101554,23.214285714285715,53.65853658536585,0.8255866839435839,-0.20159148772251465,1.0271781716660986,1471.903258048096,1362.696741951904,1417.3,109.20651609619199,-82.0,33.694297030057456,50.55899962482933,-0.03510815948629897,-15.782364519010125,26.15384615384615,22.46153846153846,38.31966452102359,33.160205755467544,1481.0,1465.0,1376.0,0,0,129988.5,12363074,1423.6769871950212,0.16666666666666666,0.8333333333333334,0.7708333333333334,4255729.166666667,-4.505119453924921,-7.774798927613935,0.6794040008121801,-1.043548102822686,59.23415977961432,38.48838157358336,1.0,0.65,191443.35,1975.0,0.9424463521361393,0.07867378612600914,0.6818105350695683,0.1,0.0
2019-09-25,,,,1423.8,1436.7,1418.5,1447.45,1425.7800288425215,21.785714285714285,48.64864864864865,-0.743739654248202,-0.3100211210276521,-0.4337185332205499,1471.2296980137837,1365.7703019862163,1418.5,105.45939602756744,-78.88888888888889,29.499901723742006,43.53930032446689,1.4211045222922394,-22.359201847037166,22.295081967213115,22.295081967213115,35.69575781548424,19.230523640666988,1391.0,1465.0,1376.0,0,0,130569.95,12476236,1424.3040586035813,0.7857142857142857,0.21428571428571427,0.7857142857142857,8083000.0,-3.754266211604096,-7.774798927613935,1.3716695939701005,-1.043548102822686,55.46969696969698,38.48838157358336,1.0,0.65,191854.7,-24769.0,-11.709118069737535,0.07714538540761158,0.7027607950168147,-0.2,-1.0
2019-09-26,,,,1421.8,1437.3,1420.45,1446.5333333333333,1426.1819308575193,23.214285714285715,56.79012345679012,-0.36935157557513776,-0.32188721193714925,-0.047464363637988505,1471.7631767215435,1369.1368232784566,1420.45,102.62635344308683,-56.666666666666664,35.91660114916134,40.99840059936504,25.75300224875393,3.447874339015575,26.15384615384615,20.92307692307692,33.44989493132348,41.86738846790298,1391.0,1465.0,1376.0,0,0,130882.4,12602504,1425.98131414155,0.84375,0.15625,0.625,3945875.0,-2.3890784982935065,-7.774798927613935,2.0882123752994763,-1.043548102822686,54.994388327721666,38.48838157358336,1.0,0.7,191809.6,-10112.0,-5.414232707062816,0.07740939029897119,0.6950078826466839,-0.4,0.0
2019-09-27,,,,1424.0,1436.6,1423.75,1445.8166666666666,1427.974127918708,24.071428571428573,60.22727272727273,1.1247627490331524,-0.03255721974308895,1.1573199687762414,1472.2512208201583,1375.2487791798417,1423.75,97.00244164031665,-40.0,47.94440076610755,43.31373398827921,57.205734321764226,41.07920913440495,30.86053412462908,19.584569732937684,31.921533586785667,45.59083420697917,1391.0,1465.0,1376.0,0,0,137353.95,12812726,1428.569358580514,0.5909090909090909,0.4090909090909091,0.6818181818181818,9555545.454545453,-1.3651877133105672,-7.774798927613935,3.5028944008100336,-1.043548102822686,54.994388327721666,38.48838157358336,1.0,0.75,191952.4,4463.0,2.5263932523845956,0.07670614450163055,0.8223108965794207,0.0,0.0
2019-09-30,,,,1428.6,1436.0,1427.9,1445.4166666666667,1430.928972878831,24.214285714285715,60.893854748603346,3.399356447811215,0.6538255137677718,2.745530934043443,1473.3029908589776,1382.4970091410225,1427.9,90.80598171795509,-24.444444444444443,62.593564474702326,49.74034415042025,88.30000512326647,54.31211034422484,29.498525073746315,19.469026548672566,31.228194191468553,42.15334335479719,1391.0,1465.0,1387.0,0,0,136450.45,12930078,1431.9209157365672,0.92,0.08,0.56,4694080.0,-0.4095563139931757,-6.568364611260058,4.345607746184786,-1.043548102822686,54.994388327721666,38.48838157358336,1.0,0.8,191307.5,-11090.0,-6.123079981006862,0.08053379541141785,0.8274457913226062,-0.3,0.0
2019-10-08,,,,1439.4,1436.0,1430.85,1444.8166666666666,1433.0309754617995,24.785714285714285,57.77777777777777,4.664073944599522,1.455875199934122,3.2081987446654003,1474.6162451041812,1387.0837548958186,1430.85,87.53249020836256,-31.11111111111111,71.25285250694441,56.911180269261635,99.93619698230995,46.90789887172703,28.818443804034587,19.020172910662826,31.171432189051586,31.426446526848103,1481.0,1465.0,1387.0,0,0,134332.5,12864820,1434.1675097240056,0.7222222222222222,0.2777777777777778,0.3333333333333333,3625444.4444444445,-0.8191126279863403,-6.473364801078906,3.1422022188480536,-1.043548102822686,54.994388327721666,38.48838157358336,1.0,0.85,191040.2,2994.0,1.760886442233045,0.08211286380715223,0.7097439985685858,-0.3,1.0
2019-10-09,,,,1446.4,1435.1,1433.75,1443.85,1434.1708825606759,25.0,55.61497326203209,4.963620998270471,2.157424359601392,2.8061966386690793,1472.7040890359983,1394.7959109640017,1433.75,77.90817807199664,-40.0,73.21618738558197,62.346182641368415,94.9561968740091,32.36297299382678,27.428571428571427,19.428571428571427,31.22476362615605,23.98112950912384,1481.0,1465.0,1399.0,0,0,137279.1,12740718,1435.7277405421996,0.4375,0.5625,0.5,7756375.0,-1.3651877133105672,-4.652730950775464,3.1014397255672783,-1.043548102822686,54.75935828877006,38.48838157358336,1.0,0.9,191927.75,22870.0,13.217972280981606,0.08033487962699373,0.71526864339519,-0.4,0.0
2019-10-10,,,,1449.6,1435.7,1435.35,1443.2166666666667,1435.2974651739448,23.428571428571427,48.125,5.2215154591433475,2.770242579509783,2.4512728796335645,1473.5090852807891,1397.1909147192107,1435.35,76.31817056157843,-31.25,72.31506509466149,65.66914345913277,85.60690836571894,38.981853184300164,19.20731707317073,21.951219512195124,28.753108297357862,0.0,1391.0,1465.0,1399.0,0,0,141345.3,12944688,1438.1389163040205,0.34285714285714286,0.6571428571428571,0.02857142857142857,5827714.285714285,-1.2969283276450305,-4.505119453924921,1.8573627792161036,-1.043548102822686,54.75935828877006,38.48838157358336,1.0,0.9,194199.5,28016.0,14.301758111612518,0.08563991480995393,0.7545051971873307,-0.1,0.0
2019-10-11,,,,1452.4,1438.2,1437.9,1442.8,1437.554849443093,23.142857142857142,48.125,6.401102111289902,3.496414485865807,2.9046876254240948,1475.169431526502,1400.6305684734982,1437.9,74.53886305300375,-12.820512820512821,77.26987245627006,69.5360531248452,92.7375111191198,48.15400817080553,19.444444444444446,22.222222222222225,25.02011510007895,0.0,1391.0,1465.0,1399.0,0,0,141813.4,13066882,1439.8908304856946,0.9333333333333333,0.06666666666666667,0.8666666666666667,8146266.666666666,-0.4095563139931535,-4.505119453924921,2.892838153244788,-1.043548102822686,54.75935828877006,38.48838157358336,1.0,0.9,196895.35,7390.0,3.300462690033412,0.09177071360400481,0.628026398957237,-0.1,0.0
2019-10-14,,,,1451.4,1440.0,1440.15,1442.2833333333333,1439.1210542580366,22.714285714285715,50.326797385620914,6.853472256290161,4.167826039950677,2.6856462163394834,1475.4548378970949,1404.8451621029053,1440.15,70.60967579418957,-19.23076923076923,77.70372449465623,72.25861024811553,88.59395298773762,47.5900904343223,21.383647798742135,19.81132075471698,21.927926234121873,9.329990748201865,1469.0,1465.0,1399.0,0,0,144551.6,12939545,1441.3256079489954,0.3125,0.6875,0.3125,7958562.5,-0.7508532423207814,-4.505119453924921,2.5486497525003493,-1.043548102822686,54.75935828877006,38.48838157358336,1.0,0.9,200049.9,9308.0,4.0242457781736185,0.09957594719916606,0.5958348614658232,-0.2,0.0
2019-10-15,,,,1452.6,1446.0,1442.1,1441.7,1441.0142871858427,22.571428571428573,51.59235668789809,7.528651460990886,4.839991124158719,2.688660336832167,1477.024881795273,1407.175118204727,1442.1,69.84976359054599,-12.820512820512821,80.08531127926577,74.86751059183227,90.52091265413276,41.283596434482135,21.51898734177215,20.886075949367086,17.6189516266398,15.326485491329272,1391.0,1465.0,1399.0,0,0,145375.25,13070819,1442.8658929219382,0.8666666666666667,0.13333333333333333,0.3333333333333333,8751600.0,-0.4095563139931535,-4.505119453924921,2.2261275292745695,-1.043548102822686,54.75935828877006,38.48838157358336,1.0,0.9,203232.85,5448.0,2.2642826862173004,0.1079289662122601,0.6271050861276096,0.2,0.0
2019-10-16,,,,1454.2,1450.3,1443.5,1440.9666666666667,1442.1557836443337,22.642857142857142,54.36241610738256,7.493208940901923,5.37063468750736,2.1225742533945624,1477.7775052828201,1409.2224947171799,1443.5,68.55501056564026,-20.512820512820515,72.30912643842943,74.01471587403132,68.89794756722566,36.20821142033426,23.34384858044164,17.981072555205046,15.093506334018935,29.410213472923637,1469.0,1465.0,1399.0,0,0,152233.5,12872193,1444.0383240219794,0.36363636363636365,0.6363636363636364,0.2727272727272727,9028454.545454547,-0.8191126279863181,-4.505119453924921,1.6109604366633345,-1.043548102822686,54.75935828877006,38.48838157358336,1.0,0.9,207101.55,12746.0,5.180163703902396,0.1185563283405361,0.6538982570863038,0.2,0.0
2019-10-17,,,,1452.6,1451.1,1444.2,1439.8833333333334,1441.7599947258257,22.857142857142858,51.265822784810126,6.183466693642458,5.53320108873438,0.6502656049080784,1477.3541852560531,1411.045814743947,1444.2,66.3083705121062,-39.743589743589745,52.0156081018101,66.68167994995758,22.68346440551514,0.7605083508954571,23.125,18.125,12.765346688786119,17.899851277599442,1469.0,1465.0,1399.0,0,0,159947.25,12616798,1444.6692250101205,0.045454545454545456,0.9545454545454546,0.6818181818181818,11608863.636363637,-1.8430034129692574,-4.505119453924921,0.8267932584312695,-1.109559608685897,54.75935828877006,38.48838157358336,1.0,0.85,212529.05,34559.0,13.353554868624418,0.1440520316180986,0.645825076497464,-0.2,0.0
2019-10-18,,,,1459.2,1455.8,1446.2,1439.95,1446.5447571328898,26.285714285714285,63.333333333333336,9.394540811104207,6.305469033208345,3.089071777895862,1485.5772576628349,1406.8227423371652,1446.2,78.75451532566967,-4.716981132075472,65.44630283710417,66.26988757900645,63.799133353299624,84.88578427531539,30.434782608695652,14.673913043478262,12.698339291695026,100.0,1391.0,1492.0,1399.0,1,0,171300.2,13284134,1449.2897529210902,0.9230769230769231,0.07692307692307693,0.8307692307692308,10266707.692307692,0.0,-4.505119453924921,1.8024288010155274,-1.109559608685897,55.850003300983694,38.48838157358336,2.0,0.85,220198.55,66698.0,22.735965148504043,0.2040614280157005,0.9108492413209254,-0.2,0.0
2019-10-21,,,,1471.2,1461.3,1448.65,1440.2,1452.9690659773764,25.071428571428573,79.48717948717949,13.558265081923537,7.756028242951384,5.802236838972153,1497.829692000416,1399.4703079995843,1448.65,98.3593840008316,-3.361344537815126,75.41381429450355,69.31786315083882,87.60571658183304,138.41425505202974,37.89173789173789,6.552706552706552,17.192473849120724,100.0,1391.0,1514.0,1399.0,1,0,194584.95,13870412,1457.4584662551413,0.8709677419354839,0.12903225806451613,0.7096774193548387,18912193.5483871,0.0,-4.505119453924921,2.1249313694134253,-1.109559608685897,56.98765432098765,38.48838157358336,2.0,0.85,228307.35,16158.0,4.487622793057766,0.2488926421951754,1.1166741215066434,0.2,0.0
2019-10-22,,,,1479.8,1466.2,1451.1,1440.6,1457.6386787414358,25.928571428571427,73.46938775510205,15.708667116531842,9.346556017667476,6.362111098864366,1505.7679931374544,1396.4320068625454,1451.1,109.33598627490892,-14.655172413793103,77.09579956798322,71.9105086232203,87.46638145750907,110.20057265012854,36.91460055096419,6.336088154269972,22.242519345026093,80.81194664886907,1519.0,1514.0,1399.0,0,0,203589.35,13562016,1461.1324795886098,0.34615384615384615,0.6538461538461539,0.46153846153846156,11861384.615384616,-0.79260237780715,-4.505119453924921,2.1430269265704633,-1.109559608685897,58.26767676767677,38.48838157358336,2.0,0.85,236753.55,-2801.0,-0.7445210850178796,0.27478182461191186,1.1751471678823422,0.1,0.0
2019-10-23,,,,1491.4,1472.8,1453.95,1441.0666666666666,1462.7207093374896,25.5,71.89189189189189,17.932387603857478,11.063722334905478,6.868665268952,1514.8432629580375,1393.0567370419626,1453.95,121.78652591607488,-13.186813186813186,80.33492864971775,74.71864863205278,91.56748868504769,102.00626844981525,32.49299719887956,6.442577030812324,26.227902467099863,75.78201604772886,1432.0,1514.0,1399.0,0,0,213990.5,13875679,1464.873275527029,0.5384615384615384,0.46153846153846156,0.34615384615384615,12063961.53846154,-0.19815059445179584,-4.505119453924921,2.4639401740234352,-1.109559608685897,60.36058913153885,38.48838157358336,2.0,0.85,245000.0,2311.0,0.6188841339639151,0.29267493726877364,1.1886136222786496,0.5,0.0
2019-10-24,,,,1506.4,1479.5,1457.6,1441.4833333333333,1467.5092132101097,24.785714285714285,69.76744186046511,19.629805220948583,12.776938912114101,6.852866308834482,1523.5166938362977,1391.6833061637021,1457.6,131.83338767259556,-10.989010989010989,83.2269487701415,77.55474867808235,94.5713489542598,90.3434601030105,27.953890489913547,6.628242074927954,29.036025716399585,69.0080925954534,1432.0,1514.0,1399.0,0,0,216715.4,14085890,1467.8650668111266,0.5714285714285714,0.42857142857142855,0.14285714285714285,15015071.42857143,-0.06605019815060231,-4.505119453924921,3.2097727320692786,-1.109559608685897,61.38175046554935,38.48838157358336,2.0,0.85,253729.75,5513.0,1.4672965599840326,0.3042874893157758,1.1247739970326531,0.9,0.0
2019-10-25,,,,1509.0,1484.1,1461.15,1441.6666666666667,1471.0797643329563,25.142857142857142,63.855421686746986,20.09781269620862,14.241113668933007,5.856699027275614,1529.3240033798402,1392.97599662016,1461.15,136.34800675968017,-19.78021978021978,82.22455925335441,79.11135220317303,88.45097335371719,68.88455867721682,25.56818181818182,11.079545454545453,30.396951145691503,50.15729756019478,1523.0,1514.0,1399.0,0,0,233041.45,13649637,1471.9737708320417,0.5333333333333333,0.4666666666666667,0.26666666666666666,14541766.666666666,-0.5944517833553542,-4.505119453924921,3.13084779811854,-1.109559608685897,63.437751004016064,38.48838157358336,2.0,0.85,261667.7,-13137.0,-3.4458789522555433,0.30762012775166125,0.991119433962586,0.8,0.0
2019-10-28,,,,1504.8,1488.0,1464.0,1441.5833333333333,1473.1674058250558,24.785714285714285,61.627906976744185,19.278185359774625,15.248528007101331,4.0296573526732935,1532.5120043265001,1395.4879956734999,1464.0,137.02400865300024,-32.967032967032964,77.16069517989196,78.46113319541267,74.55981914885055,51.14470498088349,25.936599423631126,11.239193083573486,31.75787657498342,43.05474682416132,1523.0,1514.0,1399.0,0,0,238604.0,13399129,1474.409286097467,0.14285714285714285,0.8571428571428571,0.8571428571428571,17893428.57142857,-1.387054161162482,-4.505119453924921,2.500584492431284,-1.109559608685897,63.437751004016064,38.48838157358336,2.0,0.85,268331.6,-25262.0,-6.862790375467598,0.3035961969935227,0.8255850503116102,0.7,0.0
2019-10-29,,,,1502.2,1491.0,1468.5,1441.7833333333333,1474.6752719369554,25.357142857142858,63.095238095238095,18.097244451061215,15.81827129589331,2.2789731551679058,1530.5543055887135,1406.4456944112865,1468.5,124.10861117742706,-37.362637362637365,72.31958433238218,76.41395024106917,64.13085251500817,37.16148876642783,25.35211267605634,14.084507042253522,32.57918070639208,47.73341119789765,1523.0,1514.0,1410.0,0,0,240893.9,13149056,1477.9462701214104,0.4583333333333333,0.5416666666666666,0.16666666666666666,10419708.333333334,-1.651254953764858,-3.754266211604096,4.523687438004496,-0.8090924264838706,63.437751004016064,38.48838157358336,1.0,0.9,274097.55,-15984.0,-4.662246710555095,0.29666038659306937,0.8134262963462915,0.7,0.0
2019-10-30,,,,1496.4,1493.9,1472.1,1441.9166666666667,1475.3728650858168,23.857142857142858,60.34482758620689,16.407364884963044,15.936090013707256,0.4712748712557886,1527.9037916085174,1416.2962083914824,1472.1,111.60758321703497,-45.05494505494506,66.52807453660644,73.1186583395816,53.34690693065613,27.634836032450846,22.45508982035928,13.772455089820358,33.814914669398775,38.96357901784925,1523.0,1514.0,1430.0,0,0,242660.65,13000559,1479.8391719739757,0.07142857142857142,0.9285714285714286,0.5,10606928.57142857,-2.1136063408190076,-2.3890784982935065,3.605700812273108,-0.8090924264838706,63.437751004016064,38.48838157358336,1.0,0.95,280785.7,-6325.0,-1.9351088403114503,0.28216215756456875,0.7391193219187049,0.6,0.0
2019-10-31,,,,1490.8,1498.6,1474.85,1442.1,1476.2897350776436,24.071428571428573,57.92682926829268,15.135722890043326,15.77601658897447,-0.6402936989311439,1527.234308618762,1422.4656913812378,1474.85,104.76861723752427,-41.75824175824176,51.29649413551541,65.84460360489287,22.200275196760487,20.784089856042584,22.255192878338274,15.43026706231454,34.632312494670614,26.062867956265755,1432.0,1514.0,1438.0,0,0,245260.45,13178823,1481.474210375134,0.5555555555555556,0.4444444444444444,0.16666666666666666,9903555.555555554,-1.9154557463672117,-2.1136063408190076,2.8321372220645165,-0.8090924264838706,63.437751004016064,38.48838157358336,1.0,0.95,287492.5,-9739.0,-3.0384051414844127,0.2627542958248752,0.7435575485338555,0.3,0.0
2019-11-01,,,,1489.0,1499.0,1477.4,1442.4333333333334,1478.166903165487,24.714285714285715,62.35294117647059,14.844428188723896,15.589698908924357,-0.7452707202004607,1528.618417739925,1426.1815822600752,1477.4,102.43683547984983,-29.67032967032967,48.780996090343606,60.15673443337645,26.029519404277934,30.12168634995549,22.543352601156066,15.028901734104046,35.78825578801848,39.286269999661734,1432.0,1514.0,1438.0,0,0,247791.65,13439669,1483.5793542679908,0.8,0.2,0.44,10433840.0,-1.1889035667106862,-2.1136063408190076,2.6332641482154866,-0.8090924264838706,63.437751004016064,38.48838157358336,1.0,0.95,294926.05,18998.0,6.112789623895165,0.2432494135089807,0.6647182112801208,0.4,0.0
2019-11-04,,,,1487.8,1496.3,1478.8,1442.75,1479.0081504830598,24.785714285714285,58.04597701149425,13.72908985363074,15.217577097865632,-1.4884872442348929,1529.42805546327,1428.1719445367298,1478.8,101.25611092654026,-39.56043956043956,40.85399739356241,53.72248875343844,15.117014673810345,25.39429309087275,22.478386167146972,14.121037463976945,37.31269209915124,24.024905316174568,1523.0,1514.0,1438.0,0,0,248719.25,13303765,1484.5088748324333,0.1875,0.8125,0.5625,8494000.0,-1.7833553500660404,-2.1136063408190076,1.4829326882977514,-0.8090924264838706,63.437751004016064,38.74748724292562,1.0,0.95,302430.55,-9671.0,-2.9324810712303973,0.2168196846412028,0.6034895014299748,0.4,0.0
2019-11-05,,,,1488.8,1495.5,1480.85,1442.9166666666667,1480.4359456751492,23.857142857142858,61.714285714285715,13.257196971678468,14.8255010726282,-1.5683041009497316,1530.3879705509592,1431.3120294490407,1480.85,99.07594110191849,-31.86813186813187,41.62993765631433,49.69163838773041,25.50653619348219,24.628524574279034,21.55688622754491,14.371257485029938,37.814327867962575,37.02324817218434,1432.0,1514.0,1438.0,0,0,250865.55,13411949,1485.107718722904,0.8888888888888888,0.1111111111111111,0.7777777777777778,12020444.444444446,-1.3210039630118797,-2.1136063408190076,2.1415789119067474,-0.8090924264838706,63.437751004016064,38.74748724292562,1.0,0.95,309573.55,-4236.0,-1.3232620471201217,0.18763893177921417,0.5189682663197245,0.2,0.0
2019-11-06,,,,1489.6,1493.0,1482.9,1442.8166666666666,1480.9658556108493,23.642857142857142,64.28571428571428,12.098224520329268,14.280045762168413,-2.1818212418391454,1529.49749259114,1436.3025074088603,1482.9,93.19498518227965,-40.65934065934066,36.08662510420956,45.15663395989012,17.946607392848435,19.503528919238974,24.169184290030213,12.688821752265861,39.173351358133615,29.493421734175875,1523.0,1514.0,1438.0,0,0,255856.2,13188034,1486.322089061486,0.10526315789473684,0.8947368421052632,0.42105263157894735,11785000.0,-1.8494055482166316,-2.1136063408190076,2.153793320114014,-0.8090924264838706,63.94148020654045,38.74748724292562,1.0,0.95,315199.5,-7471.0,-2.36512368542684,0.1636514700115902,0.5715166907959631,0.2,0.0
2019-11-07,,,,1490.8,1490.8,1485.15,1443.05,1481.921488409816,19.857142857142858,49.57983193277311,11.451186565337139,13.714273922802159,-2.26308735746502,1528.4763017236003,1441.8236982764,1485.15,86.65260344720036,-66.66666666666667,41.835527847250816,44.04959858901036,37.40738636373173,11.228535464065928,15.107913669064748,14.028776978417264,36.94220454867355,0.0,1475.0,1514.0,1438.0,0,0,252300.2,13320884,1487.8742810482645,0.75,0.25,0.4166666666666667,11070833.333333334,-1.5191545574636534,-2.1136063408190076,2.3503336793385614,-0.8090924264838706,63.94148020654045,38.74748724292562,1.0,0.95,318911.4,-10265.0,-3.328350804608138,0.1478411629883469,0.5459177824563115,0.2,0.0
2019-11-08,,,,1491.4,1490.2,1487.15,1443.3166666666666,1483.548013323167,18.357142857142858,42.857142857142854,11.45192678219155,13.261804494680039,-1.8098777124884897,1529.0635702179236,1445.2364297820766,1487.15,83.82714043584701,-50.0,56.46178046959578,48.1869925492055,73.01135631037633,25.155494199146627,10.505836575875486,15.17509727626459,33.20427581074481,0.0,1475.0,1514.0,1438.0,0,0,254126.35,13479601,1488.9368167973662,0.9,0.1,0.8,15871700.0,-0.9907529722588793,-2.1136063408190076,2.1018794323073795,-0.8090924264838706,63.94148020654045,38.74748724292562,1.0,0.95,321482.55,-15425.0,-5.173639760385851,0.13490510147219428,0.5000063344945924,-0.1,0.0
2019-11-11,,,,1490.0,1488.9,1488.45,1444.9166666666667,1483.2101072923892,18.714285714285715,40.17857142857142,9.806330920385335,12.5707097798211,-2.764378859435764,1527.5529679852423,1449.3470320147578,1488.45,78.20593597048446,-89.58333333333333,43.01753106575203,46.463838721387674,36.12491575448075,-2.6316790899900853,12.213740458015266,20.610687022900763,29.981472839756385,0.0,1523.0,1514.0,1438.0,0,0,264306.45,13148662,1489.6089735355808,0.16129032258064516,0.8387096774193549,0.6129032258064516,10675451.612903226,-2.245706737120179,-2.245706737120179,1.3575936533001967,-1.0441051088429187,63.94148020654045,39.33756805807622,1.0,0.9,322085.05,-30065.0,-10.634158764294133,0.13119627783502408,0.6770656959956967,-0.1,0.0
2019-11-12,,,,1486.2,1487.5,1489.25,1445.9666666666667,1482.4281923121616,17.785714285714285,33.33333333333333,8.006432955490027,11.657854414954887,-3.65142145946486,1526.4231368767134,1452.0768631232866,1489.25,74.34627375342689,-91.66666666666667,32.4878778533585,41.805185098711284,13.853263362652925,-36.51290349330823,11.244979919678716,23.293172690763058,27.694133276191288,0.0,1523.0,1514.0,1438.0,0,0,266534.05,12972836,1490.0261634489102,0.3076923076923077,0.6923076923076923,0.38461538461538464,13525076.923076924,-2.575957727873157,-2.575957727873157,0.8653018469001349,-1.0441051088429187,63.94148020654045,39.33756805807622,1.0,0.85,321512.3,-18057.0,-7.1468716357418804,0.13499702890900214,0.7584641592146277,0.1,0.0
2019-11-13,,,,1485.0,1487.3,1490.6,1447.3,1482.1969359014795,19.5,35.13513513513513,6.90387548492572,10.707058628949053,-3.8031831440233326,1523.9996533230053,1457.2003466769945,1490.6,66.79930664601079,-62.903225806451616,37.304843738973695,40.305071312132085,31.30438859265692,-42.09880281371321,14.285714285714285,26.373626373626376,25.412923494981506,5.82120582120582,1457.0,1514.0,1438.0,0,0,272608.5,13292951,1490.5569505352914,0.6052631578947368,0.39473684210526316,0.13157894736842105,8424078.947368423,-2.24570673712019,-2.575957727873157,1.4090537934231677,-1.0441051088429187,63.94148020654045,39.33756805807622,1.0,0.8,320342.4,803.0,0.3422861990034054,0.14187827622339802,0.8852316235186611,0.2,0.0
2019-11-14,,,,1485.6,1488.2,1493.4,1448.6,1483.3210372441956,18.642857142857142,45.2991452991453,7.078180879954289,9.981283079150101,-2.9031021991958124,1515.8161595845036,1470.9838404154966,1493.4,44.83231916900695,-24.489795918367346,50.03996385319334,43.55003549248583,63.01982057460836,-19.857779151708712,14.942528735632184,21.455938697318008,23.86719871792258,38.658777120315605,1457.0,1514.0,1475.0,0,0,265902.65,13414229,1492.7024814658048,1.0,0.0,0.7777777777777778,6737666.666666667,-1.3210039630118797,-2.575957727873157,2.8818355810198346,-0.8208506667789606,63.94148020654045,40.0375939849624,1.0,0.85,317200.8,-4875.0,-2.0709254806671185,0.15577454573507948,0.9013322551175238,0.2,0.0
2019-11-15,,,,1484.0,1487.7,1493.35,1449.6833333333334,1484.0523670304626,18.285714285714285,49.074074074074076,6.894765666601415,9.363979596640364,-2.469213930038949,1515.7837621499857,1470.916237850014,1493.35,44.86752429997159,-30.612244897959183,56.489227602809166,47.863099529260275,73.74148374990695,0.16762119843523854,17.1875,21.875,21.900421309284702,50.85470085470089,1506.0,1514.0,1475.0,0,0,238489.85,13295149,1495.3815066623033,0.1111111111111111,0.8888888888888888,0.3333333333333333,13231111.111111112,-1.5191545574636645,-2.575957727873157,-0.025336273898821284,-0.8208506667789606,63.94148020654045,40.17857142857142,0.0,0.8,310675.5,-976.0,-0.4233777388331972,0.16738903454383175,0.892804437582515,0.4,0.0
2019-11-18,,,,1484.8,1487.4,1491.85,1450.65,1484.047379694228,17.857142857142858,47.747747747747745,6.114086902104191,8.71400105773313,-2.599914155628939,1512.4031403668396,1471.2968596331602,1491.85,41.10628073367934,-44.89795918367347,56.02683200731495,50.58434368861184,66.91180864472116,-42.391371142956565,17.599999999999998,23.200000000000003,20.839997139616838,46.56964656964658,1506.0,1513.0,1475.0,0,0,217110.8,13136452,1493.4868459637507,0.5,0.5,0.3888888888888889,8816500.0,-1.916721744877703,-2.575957727873157,-2.594746236528841,-0.8208506667789606,63.94148020654045,40.602085967130215,0.0,0.75,303192.4,-2998.0,-1.3060278543765902,0.17427096065423642,0.77093340540135,0.4,0.0
2019-11-19,,,,1486.2,1486.2,1490.85,1451.5166666666667,1483.8523911519205,17.785714285714285,50.0,5.273223631890005,8.025845572564506,-2.7526219406745014,1511.2695468786285,1470.4304531213713,1490.85,40.83909375725716,-48.97959183673469,54.35802405929841,51.84223714550736,59.38959788688051,-36.60591416199632,17.670682730923694,23.293172690763058,20.10846485728242,53.84615384615387,1506.0,1513.0,1475.0,0,0,211081.0,12948652,1492.2629457412083,0.23076923076923078,0.7692307692307693,0.15384615384615385,14446153.846153846,-2.0489094514209882,-2.575957727873157,-1.793330693824589,-0.8208506667789606,63.94148020654045,41.52741969200753,0.0,0.7,295935.85,1730.0,0.7636182261987257,0.1779156790547901,0.7855710979123562,0.1,0.0
2019-11-20,,,,1486.6,1485.8,1489.4,1452.35,1483.6759729469757,17.214285714285715,48.54368932038835,4.554333905860176,7.331543239223641,-2.777209333363465,1507.81509678132,1470.98490321868,1489.4,36.830193562640034,-48.97959183673469,53.24548542728738,52.309986572767365,55.1164831363274,-42.661308022965756,18.25726141078838,21.991701244813274,19.47761587835324,49.14115011202393,1506.0,1513.0,1475.0,0,0,200089.1,12948652,1490.621581252219,0.4,0.6,0.0,9382500.0,-2.0489094514209882,-2.575957727873157,-2.7135538083137174,-0.8208506667789606,63.94148020654045,42.63217097862767,0.0,0.65,288135.65,-8562.0,-3.7506077982153774,0.17962766342503683,0.5990018095996273,-0.1,0.0
2019-11-21,,,,1476.8,1481.2,1486.0,1452.7,1479.9925469520258,18.142857142857142,30.232558139534888,0.9876330218671683,6.062761195752347,-5.075128173885179,1510.2530518967728,1461.7469481032272,1486.0,48.50610379354566,-100.0,35.496990284858256,46.70565447679767,13.079661900979431,-155.5293972413681,14.173228346456694,33.85826771653544,20.97644491816589,0.0,1506.0,1505.0,1445.0,0,1,201692.5,12706373,1487.5108228284807,0.0,1.0,0.9736842105263158,6375763.157894737,-3.98671096345512,-3.98671096345512,-4.672488830600785,-1.3289673997689821,63.94148020654045,42.63217097862767,1.0,0.6,279782.0,-5556.0,-2.528661347800165,0.17644855592962508,0.7200382891077465,0.1,-1.0
2019-11-22,,,,1468.6,1476.3,1483.25,1453.2,1477.1361139089756,18.0,35.2,-1.4191854259549928,4.56637187141088,-5.985557297365872,1510.694681202514,1455.805318797486,1483.25,54.889362405027896,-86.15384615384616,28.837073983008956,40.7494609788681,5.012299991290661,-148.90528374018666,14.285714285714286,35.714285714285715,22.40662328872671,14.587317073170734,1441.0,1499.0,1445.0,0,0,188608.45,12880945,1483.767625557957,0.6428571428571429,0.35714285714285715,0.35714285714285715,12469428.57142857,-3.2688458972648493,-3.98671096345512,-3.7386871732052502,-1.3289673997689821,63.94148020654045,42.63217097862767,1.0,0.55,271740.75,-6889.0,-3.2166787290173415,0.17398163554868504,0.7847319312895259,-0.1,-1.0
2019-11-25,,,,1462.8,1473.8,1481.35,1454.0333333333333,1475.0279125843113,18.571428571428573,34.14634146341464,-2.8898359428987987,3.075130308548944,-5.964966251447743,1511.11592895086,1451.5840710491398,1481.35,59.53185790172029,-78.46153846153847,27.27069300016689,36.25653831930103,9.299002361898616,-107.05277626599289,16.153846153846153,34.61538461538461,23.57545445755788,11.493158834027383,1441.0,1499.0,1445.0,0,0,183099.6,13021276,1481.7417650466375,0.6470588235294118,0.35294117647058826,0.29411764705882354,8254764.705882353,-2.9352901934623254,-3.98671096345512,-2.591025075920771,-1.3289673997689821,63.94148020654045,42.63217097862767,1.0,0.5,264616.15,-6929.0,-3.3428858140836404,0.17660720853536185,0.7847228594602365,-0.3,0.0
2019-11-26,,,,1457.0,1471.6,1479.55,1455.1166666666666,1472.9300161477101,17.714285714285715,35.8974358974359,-4.1686665650868235,1.6263709338217904,-5.795037498908614,1511.631967389343,1447.468032610657,1479.55,64.16393477868587,-81.53846153846153,25.07701372424919,32.530030120950414,10.170980930846753,-93.08759710917025,13.709677419354836,35.483870967741936,24.512222607440783,28.657616892911,1506.0,1499.0,1445.0,0,0,174351.05,12946174,1480.5472204880134,0.5714285714285714,0.42857142857142855,0.2857142857142857,10728857.142857144,-3.068712474983337,-3.98671096345512,-2.4591256958907817,-1.3289673997689821,63.94148020654045,42.63217097862767,1.0,0.45,258049.0,-4835.0,-2.413312902114828,0.1811871607451376,0.6970162147371018,0.0,0.0
2019-11-27,,,,1454.0,1470.3,1478.8,1456.4666666666667,1472.3652527050713,18.928571428571427,40.47619047619048,-4.006284100247285,0.4998399270079753,-4.50612402725526,1511.3388836219121,1446.2611163780878,1478.8,65.07776724382438,-60.0,31.660537885131646,32.24019937567749,30.501214904039955,-59.59759838417356,18.867924528301888,34.716981132075475,26.360348399228545,51.82072829131654,1441.0,1499.0,1445.0,0,0,176717.6,13142002,1479.2165973658914,0.8275862068965517,0.1724137931034483,0.4827586206896552,6752689.655172414,-2.1347565043362438,-3.98671096345512,-0.9445838723518334,-1.3289673997689821,63.94148020654045,42.63217097862767,1.0,0.4,251920.05,2439.0,1.2474937599738167,0.18324928249646605,0.8094674774217612,0.2,0.0
2019-11-28,,,,1458.8,1467.8,1478.0,1457.7666666666667,1472.0447524474455,18.785714285714285,37.5,-3.6738615525782734,-0.33490036890927444,-3.338961183668999,1510.6834901182192,1445.3165098817808,1478.0,65.3669802364384,-56.92307692307692,39.05574320547238,34.51204731894246,48.14313497853223,-33.810839800659174,16.730038022813687,34.98098859315589,27.582655503888592,36.76470588235293,1441.0,1499.0,1445.0,0,0,171739.4,13220702,1478.686401800247,0.75,0.25,0.25,9837500.0,-2.001334222815232,-3.98671096345512,-1.011132161021773,-1.3289673997689821,63.94148020654045,42.63217097862767,1.0,0.35,245834.1,-8879.0,-4.485453470808432,0.18718970155676024,0.6664616635265894,0.0,0.0
2019-11-29,,,,1463.4,1466.0,1476.85,1459.3333333333333,1472.1357284048315,17.428571428571427,46.666666666666664,-3.052460849389263,-0.8784124650052721,-2.174048384383991,1508.4679495988287,1445.2320504011711,1476.85,63.235899197657545,-44.827586206896555,46.952194816720144,38.65876315153502,63.53905814709039,-20.152603618764655,17.622950819672134,31.55737704918033,27.77922250278117,83.13725490196077,1441.0,1499.0,1445.0,0,0,163038.25,13307525,1477.4967087989066,0.75,0.25,0.3333333333333333,7235250.0,-1.7344896597732085,-3.98671096345512,-1.508154359615542,-1.3289673997689821,63.94148020654045,42.63217097862767,1.0,0.3,238409.15,-7782.0,-4.115892358466611,0.1832114214671143,0.5938012077184223,0.0,0.0
2019-12-02,,,,1466.4,1464.6,1476.0,1460.9,1471.9323256996095,17.142857142857142,47.57281553398058,-2.770138807296462,-1.2567577334635103,-1.5133810738329516,1507.3821940796872,1444.6178059203128,1476.0,62.76438815937445,-50.0,51.86883909767158,43.06212180024721,69.48227369252032,-25.619061683456305,17.916666666666668,30.416666666666668,27.134818791015793,87.72130211307824,1499.0,1499.0,1445.0,0,0,159931.75,13233751,1476.739958659449,0.8571428571428571,0.14285714285714285,0.42857142857142855,10539142.857142856,-1.9346230820547317,-3.98671096345512,-1.1182868232170446,-1.3289673997689821,63.94148020654045,43.032967032967036,1.0,0.25,231132.85,-6698.0,-3.6946329085994822,0.17917790509309284,0.5382234325945708,0.2,0.0
2019-12-03,,,,1469.6,1463.3,1474.75,1462.15,1471.653056585361,15.0,44.44444444444444,-2.597149870530984,-1.5248361608770051,-1.072313709653979,1505.0875744093796,1444.4124255906204,1474.75,60.675148818759226,-51.724137931034484,56.80144828733661,47.64189729594368,75.1205502701225,-22.303991459906225,15.714285714285715,28.095238095238095,27.029900207836338,71.8954248366013,1499.0,1499.0,1445.0,0,0,157677.3,13170656,1476.059693648568,0.625,0.375,0.125,7886875.0,-2.001334222815254,-3.98671096345512,-1.6917211705382664,-1.3289673997689821,63.94148020654045,43.032967032967036,1.0,0.2,223925.15,-2864.0,-1.6403958944281483,0.17111200180455333,0.5348799416464207,0.2,0.0
2019-12-04,,,,1471.4,1462.7,1474.25,1463.6333333333334,1472.067051196279,14.642857142857142,40.21739130434783,-1.8736155198396318,-1.5945920326695306,-0.27902348717010117,1504.1331055948344,1444.3668944051656,1474.25,59.766211189668866,-39.6551724137931,69.39916372308927,54.89431943832554,98.40885229261676,-3.5145300411472267,19.024390243902438,28.78048780487805,27.2094306666364,50.51150895140665,1441.0,1499.0,1445.0,0,0,150728.9,13255603,1474.863748314579,0.8461538461538461,0.15384615384615385,0.5384615384615384,6534384.615384615,-1.5343562374916964,-3.98671096345512,-0.6403084876773463,-1.3289673997689821,63.94148020654045,43.032967032967036,1.0,0.2,216003.0,-21760.0,-12.671200968974194,0.16783523444760898,0.45031175144277735,-0.1,0.0
2019-12-05,,,,1469.4,1464.1,1472.65,1464.3833333333334,1470.8225701299666,15.5,34.90566037735849,-2.641517489869557,-1.803977124109536,-0.8375403657600209,1502.1816066184308,1443.1183933815694,1472.65,59.06321323686143,-65.38461538461539,61.50420438682142,57.0976144211575,70.31738431814927,-29.16856375792339,15.668202764976957,30.87557603686636,28.686092618545874,23.640399556048802,1493.0,1499.0,1445.0,0,0,148886.35,13159604,1473.904321652052,0.09523809523809523,0.9047619047619048,0.8095238095238095,4571380.952380952,-2.668445630420313,-3.98671096345512,-2.0881265549605352,-1.3289673997689821,63.94148020654045,42.63217097862767,1.0,0.15,207348.85,-24905.0,-16.606876133575167,0.1749267352028582,0.5205840673596409,0.1,0.0
2019-12-06,,,,1467.8,1465.6,1470.95,1465.3333333333333,1470.2680396413984,15.071428571428571,40.952380952380956,-2.7344148454214974,-1.9900646683719283,-0.7443501770495691,1497.8961451201133,1444.0038548798868,1470.95,53.89229024022643,-52.94117647058823,61.95518387692856,58.71680423974785,68.43194315128996,-26.626833032890737,16.113744075829384,24.644549763033176,29.20071707297881,54.229691876750714,1441.0,1494.0,1445.0,0,0,144398.0,13228554,1472.4431569920173,0.5833333333333334,0.4166666666666667,0.5,5745833.333333333,-1.9410977242302674,-3.98671096345512,-2.2256874630915857,-1.3289673997689821,63.94148020654045,41.57630296212973,1.0,0.1,199177.05,-5778.0,-4.620071483972077,0.1847748942406871,0.5404059988109186,0.1,0.0
2019-12-09,,,,1468.2,1467.3,1470.55,1466.3833333333334,1470.4329882469794,16.142857142857142,45.45454545454546,-2.2176316927011612,-2.035578073237775,-0.18205361946338616,1497.165982535084,1443.934017464916,1470.55,53.23196507016792,-36.734693877551024,61.87083180447719,59.7681467613243,66.07620189078298,16.598919007982747,23.893805309734514,23.008849557522126,28.355095805603934,83.12969398049547,1441.0,1494.0,1445.0,0,0,132521.95,13321972,1470.7039314367669,0.35714285714285715,0.6428571428571429,0.25,3336357.1428571427,-1.4725568942436484,-3.98671096345512,-0.5102790927621722,-1.2190047507762556,63.94148020654045,42.476190476190474,1.0,0.15,191615.85,-17853.0,-14.966676447164351,0.21176878851146164,0.6400941071450286,-0.1,0.0
2019-12-10,,,,1466.6,1468.1,1469.85,1467.0666666666666,1469.5346084139337,17.357142857142858,41.32231404958677,-2.664965328687231,-2.1614555243276663,-0.5035098043595645,1496.7084986058517,1442.9915013941481,1469.85,53.71699721170353,-59.183673469387756,53.099073054836644,57.545122192495086,44.206974779519754,-45.07793477776043,22.22222222222222,27.9835390946502,28.51202861421834,63.95381370523414,1490.0,1494.0,1445.0,0,0,129433.25,13207920,1469.7539068722037,0.6666666666666666,0.3333333333333333,0.4583333333333333,4752166.666666667,-2.208835341365478,-3.98671096345512,-0.9219259501905372,-1.2190047507762556,63.94148020654045,41.24832743014561,1.0,0.15,186849.8,37846.0,37.31169650603361,0.21868329975211798,0.730387668249194,-0.4,0.0
2019-12-11,,,,1463.8,1467.6,1468.95,1467.6833333333334,1468.8170266602258,15.428571428571429,60.0,-2.9052983445888003,-2.3102240883798935,-0.5950742562089069,1495.5817973777791,1442.318202622221,1468.95,53.26359475555819,-57.142857142857146,47.991974629150356,54.36073967138017,35.25444454469073,-33.6507042306939,25.0,16.203703703703702,27.10950776060152,100.0,1441.0,1494.0,1445.0,0,0,116653.25,13272435,1468.4534474321688,0.7272727272727273,0.2727272727272727,0.09090909090909091,5865000.0,-2.1419009370816866,-3.98671096345512,-1.2075660563172326,-1.2190047507762556,63.94148020654045,41.24832743014561,1.0,0.15,182282.95,4787.0,3.437010870345647,0.22080198880897908,0.706664572314715,-0.1,0.0
2019-12-12,,,,1463.0,1466.2,1467.0,1468.2,1467.5011193592518,15.571428571428571,52.87356321839081,-3.618889187878267,-2.5719571082795682,-1.0469320795986987,1491.537833301864,1442.462166698136,1467.0,49.07566660372822,-74.46808510638297,39.402057160174316,49.37451216764489,19.45714714523318,-53.959986419076905,24.770642201834864,17.889908256880734,25.200357003524495,72.43548037302104,1490.0,1491.0,1445.0,0,0,114836.1,13187500,1466.8867927129766,0.6,0.4,0.4666666666666667,5662333.333333333,-2.414486921529191,-3.98671096345512,-2.801446476777536,-1.2190047507762556,63.94148020654045,41.24832743014561,1.0,0.1,177642.7,-6343.0,-4.402873702842469,0.22370846505214528,0.6764862227367313,-0.1,0.0
2019-12-13,,,,1462.4,1465.1,1465.55,1468.3666666666666,1466.9772032297992,15.285714285714286,53.932584269662925,-3.5783248720752,-2.7732306610386948,-0.8050942110365051,1487.3961125047717,1443.7038874952282,1465.55,43.69222500954356,-59.57446808510638,38.86063069937547,45.869885011555084,24.84212207501625,-27.282004773778404,24.299065420560748,18.22429906542056,23.623362569387204,75.82157641294249,1443.0,1484.0,1445.0,0,0,112915.75,13268173,1465.2343557032566,0.7692307692307693,0.23076923076923078,0.5384615384615384,6205615.384615385,-1.4824797843666082,-3.98671096345512,-2.03047609346899,-1.2190047507762556,63.437751004016064,41.24832743014561,1.0,0.1,173609.45,11164.0,8.106184923251192,0.22038271748283209,0.6692495591656604,0.2,0.0
2019-12-16,,,,1460.0,1464.1,1464.35,1468.2833333333333,1466.312707684104,15.571428571428571,53.932584269662925,-3.6653092414933326,-2.9516463771296224,-0.7136628643637102,1484.4997028838643,1444.2002971161355,1464.35,40.299405767728786,-63.829787234042556,37.01819824402809,42.919322755712756,25.215949220658757,-26.730830259219378,23.853211009174313,17.889908256880734,21.482178226797714,75.82157641294249,1490.0,1482.0,1445.0,0,0,108526.5,13197261,1463.6586382127866,0.6363636363636364,0.36363636363636365,0.18181818181818182,6446545.454545455,-1.484480431848878,-3.98671096345512,-1.6882561456856031,-1.2190047507762556,63.142857142857146,41.24832743014561,1.0,0.1,169997.5,5428.0,3.6457423800760225,0.21389789872470144,0.5769573920529799,0.1,0.0
2019-12-17,,,,1458.8,1462.7,1463.0,1468.3166666666666,1465.2353069522846,14.285714285714286,42.5,-4.0905498814479415,-3.1794270779932865,-0.911122803454655,1481.7392074199815,1444.2607925800185,1463.0,37.47841483996308,-77.77777777777777,32.08620623675947,39.30828391606166,17.642050878155104,-35.810076319870916,18.0,16.999999999999996,19.573583803112744,30.263157894736853,1490.0,1482.0,1445.0,0,0,101971.6,13140559,1461.5604233597069,0.2727272727272727,0.7272727272727273,0.45454545454545453,5154727.272727273,-1.8218623481781715,-3.98671096345512,-1.9047483962776532,-1.2190047507762556,62.50140056022409,41.24832743014561,1.0,0.1,166090.45,-4172.0,-2.703578418030772,0.2040056368286557,0.48871251085231504,0.4,0.0
2019-12-18,,,,1461.6,1462.7,1462.7,1468.6833333333334,1466.2605158139718,16.0,53.53535353535354,-2.7018859967233766,-3.0839188617393045,0.3820328650159279,1480.3169774572457,1445.0830225427544,1462.7,35.23395491449128,-31.11111111111111,44.35376712080261,40.99011165097531,51.0810780604572,57.18261488212253,25.44642857142857,15.178571428571427,18.85791291937463,74.23862687020585,1445.0,1476.0,1445.0,0,0,106885.05,13332653,1461.4523452999274,0.75,0.25,0.65625,6002937.5,-2.220446049250313e-14,-3.98671096345512,-0.3309085262158362,-1.2190047507762556,61.84201680672269,41.24832743014561,1.0,0.15,164499.2,37754.0,25.145528899308655,0.19406032902138334,0.6036172016059878,0.4,0.0
2019-12-19,,,,1465.0,1464.0,1464.05,1469.2166666666667,1466.8071333554983,15.714285714285714,49.494949494949495,-1.9021990671330968,-2.8475749028180632,0.9453758356849664,1480.016741749571,1448.0832582504288,1464.05,31.933483499142312,-40.0,49.56917808053507,43.84980046082856,61.00793331994808,63.282752153090414,23.63636363636364,15.454545454545453,18.32912000686079,58.13776866408446,1490.0,1476.0,1450.0,0,0,98495.3,13258169,1462.3419704628884,0.375,0.625,0.5,9310500.0,-0.27100271002711285,-3.2688458972648493,2.57381427282599,-0.7675065541416304,61.64518272425249,41.24832743014561,0.0,0.2,162569.85,-12318.0,-6.5557542470302765,0.18369130946857715,0.565118868466077,0.4,0.0
2019-12-20,,,,1466.4,1464.4,1465.0,1469.8,1467.0159777978317,15.785714285714286,49.494949494949495,-1.4933024805068271,-2.576720418355816,1.083417937848989,1479.6539019410352,1450.3460980589648,1465.0,29.307803882070402,-46.666666666666664,53.55893923317723,47.08618005161145,66.50445759630878,35.96951124296188,23.52941176470588,17.64705882352941,17.502237529732007,58.13776866408446,1490.0,1476.0,1453.0,0,0,93117.3,13191157,1463.8634347931766,0.5,0.5,0.3,6701200.0,-0.47425474254745303,-3.068712474983337,1.8212771201493383,-0.7675065541416304,61.040665194231515,41.24832743014561,0.0,0.25,160589.6,-7907.0,-4.503411589151263,0.17433849824264178,0.5366827747663461,0.3,0.0
2019-12-23,,,,1467.4,1463.7,1465.5,1470.2833333333333,1466.823979912324,16.071428571428573,48.03921568627451,-1.4750125339419355,-2.35637884147304,0.8813663075311045,1479.379177891344,1451.620822108656,1465.5,27.758355782687886,-55.55555555555556,52.372626155451485,48.84832875289146,59.42122096057153,13.185913421735703,22.666666666666664,18.666666666666664,16.174848228990676,52.33672416334956,1490.0,1476.0,1453.0,0,0,88889.45,13135383,1464.7721229384738,0.3333333333333333,0.6666666666666666,0.3333333333333333,4647833.333333333,-0.7452574525745548,-3.068712474983337,0.9775361779478178,-0.7675065541416304,60.45463301868618,41.24832743014561,0.0,0.25,158803.3,-3050.0,-1.8190384741547438,0.1663833066115426,0.512537153539799,0.6,0.0
2019-12-24,,,,1471.4,1465.1,1466.6,1471.55,1467.6026484921026,16.214285714285715,49.52380952380953,-0.6461527463604853,-2.014333622450529,1.3681808760900438,1479.7773330099583,1453.4226669900415,1466.6,26.35466601991675,-33.333333333333336,60.35368059486239,52.683446033548435,75.69414971749029,57.2601060479166,22.466960352422905,18.502202643171806,15.408366521100145,58.25277479412822,1445.0,1476.0,1455.0,0,0,88671.95,13206135,1465.599723287165,0.7333333333333333,0.26666666666666666,0.6666666666666666,4716800.0,-0.06775067750678376,-2.668445630420313,2.0398639171906052,-0.7675065541416304,60.45463301868618,41.24832743014561,0.0,0.3,157700.95,8844.0,5.3723401024170725,0.16007341566162486,0.5185809471924451,0.7,0.0
2019-12-25,,,,1469.6,1465.6,1466.6,1472.5,1467.5452533976168,15.571428571428571,54.166666666666664,-0.6275742490092853,-1.7369817477622804,1.1094074987529952,1479.7773330099583,1453.4226669900415,1466.6,26.35466601991675,-51.111111111111114,55.86078706324159,53.74255971011282,60.09724176949912,34.59538948248784,23.394495412844037,15.596330275229356,14.50313314061924,69.37499999999999,1490.0,1476.0,1455.0,0,0,80950.5,13164736,1466.3174441994388,0.08333333333333333,0.9166666666666666,0.6666666666666666,3449916.6666666665,-0.6097560975609762,-2.668445630420313,0.043294526253158216,-0.7675065541416304,60.45463301868618,41.24832743014561,0.0,0.35,156302.5,-3483.0,-2.0078978468278885,0.1511110425372011,0.36282238124585353,0.6,0.0
2019-12-26,,,,1469.8,1467.4,1466.8,1473.2166666666667,1468.0647530740341,15.357142857142858,54.166666666666664,-0.1272341243147821,-1.415032223072781,1.2877980987579989,1480.2493200764386,1453.3506799235613,1466.8,26.898640152877306,-37.77777777777778,59.11552470882772,55.53354804301779,66.2794780404476,45.40966765911526,23.72093023255814,15.813953488372091,14.436687957894987,68.76843657817109,1445.0,1476.0,1455.0,0,0,78769.25,13199811,1466.3765610734306,0.6666666666666666,0.3333333333333333,0.6666666666666666,3897222.222222222,-0.20325203252032908,-2.668445630420313,0.4149433141774687,-0.7675065541416304,60.45463301868618,41.24832743014561,0.0,0.4,155338.65,-187.0,-0.11001164829217425,0.14537237554625493,0.3192925649011384,0.4,0.0
2019-12-27,,,,1472.6,1469.5,1467.3,1473.85,1469.4871575431737,14.785714285714286,55.55555555555556,1.0639410061360195,-0.919237577231021,1.9831785833670406,1482.366169840951,1452.233830159049,1467.3,30.132339681902067,-15.555555555555555,66.6033322620255,59.22347611602036,81.3630445540358,101.08053384528466,21.73913043478261,16.42512077294686,15.296492113615074,76.20452310717799,1445.0,1483.0,1455.0,1,0,79113.55,13293520,1466.9889258329745,0.65,0.35,0.5,4685450.0,0.0,-2.668445630420313,0.9433649423606875,-0.7675065541416304,60.45463301868618,41.24832743014561,0.0,0.45,155231.15,9345.0,5.503695632969174,0.14466604570019745,0.34398080634595574,0.5,0.0
2019-12-30,,,,1476.4,1471.9,1468.0,1474.2666666666667,1470.8693330152523,13.428571428571429,62.921348314606746,2.064845270664364,-0.32242100765194404,2.387266278316308,1484.7959894960093,1451.2040105039907,1468.0,33.59197899201854,-13.636363636363637,72.47239694661349,63.639783059551405,90.13762472073765,105.48581106587896,23.93617021276596,9.042553191489361,17.702626434080436,100.0,1445.0,1484.0,1455.0,1,0,77924.5,13343513,1467.4923496461317,0.375,0.625,0.125,6249125.0,0.0,-2.668445630420313,1.3090336599405412,-0.7675065541416304,60.60144346431435,41.24832743014561,0.0,0.5,155372.75,-1716.0,-0.9579100145137853,0.14541605126282134,0.33257458406097773,0.3,0.0
2019-12-31,,,,1477.2,1474.3,1468.5,1474.7,1471.643682251895,14.214285714285714,59.13978494623656,2.4266381244037802,0.22739081875920086,2.1992473056445796,1486.001879598084,1450.998120401916,1468.5,35.003759196168176,-32.6530612244898,65.96199012127173,64.41385208012484,69.0582662035655,80.30170611769414,25.628140703517587,12.56281407035176,18.621355841869576,81.48230317551877,1495.0,1484.0,1455.0,0,0,79106.1,13256786,1468.2723477287677,0.2727272727272727,0.7272727272727273,0.22727272727272727,3942136.3636363633,-0.3369272237196852,-2.668445630420313,0.941318890259092,-0.7675065541416304,60.60144346431435,41.24832743014561,0.0,0.55,155374.55,-5660.0,-3.190098295608257,0.14542320311808365,0.35198353472980626,0.2,0.0
2020-01-02,,,,1481.4,1475.5,1469.1,1475.4166666666667,1473.2014267993336,14.357142857142858,67.36842105263158,3.4003887861724706,0.8619904122418549,2.5383983739306157,1488.4134804296875,1449.7865195703123,1469.1,38.62696085937523,-16.27906976744186,70.44524831614193,66.42431749213054,78.48710996416469,91.97117949349644,25.37313432835821,8.457711442786069,21.040710680579252,100.0,1452.0,1488.0,1455.0,1,0,78530.4,13330219,1468.8766679315695,0.6111111111111112,0.3888888888888889,0.5,4079611.1111111115,0.0,-2.668445630420313,1.104988803746741,-0.7675065541416304,61.64518272425249,41.24832743014561,0.0,0.55,157203.3,14779.0,8.604247688689126,0.1500766637886545,0.38200404449043673,0.3,0.0
2020-01-03,,,,1488.0,1478.9,1471.45,1476.4166666666667,1476.3251004374922,14.928571428571429,70.75471698113208,5.560445415350614,1.8016814128636067,3.7587640024870073,1496.2479201163599,1446.6520798836402,1471.45,49.59584023271964,-3.5714285714285716,78.87839249444923,70.57567582623676,95.48382583087417,125.05830163532895,28.708133971291865,8.133971291866027,24.00917079189651,100.0,1452.0,1506.0,1455.0,1,0,80945.45,13474519,1471.930176639535,0.9047619047619048,0.09523809523809523,0.8571428571428571,6871428.571428572,0.0,-2.414486921529191,4.299899947688233,-0.5526183677229207,61.84201680672269,41.24832743014561,0.0,0.6,161407.1,22596.0,12.113024878982316,0.15496242362281082,0.47868386640627236,0.6,0.0
2020-01-06,,,,1492.8,1482.7,1473.55,1477.2166666666667,1479.2465194434453,15.071428571428571,72.38095238095238,7.2692026557001554,2.895185661430917,4.374016994269239,1502.7676947106131,1444.3323052893868,1473.55,58.43538942122632,-11.290322580645162,81.25226166296615,74.13453777181323,95.487709445272,120.76870254885527,31.27962085308057,8.056872037914692,27.205630098510714,100.0,1452.0,1507.0,1455.0,1,0,83458.95,13593739,1474.7726319346218,0.46153846153846156,0.5384615384615384,0.07692307692307693,9170769.23076923,0.0,-2.414486921529191,3.8548797169586733,-0.5526183677229207,62.46662260409782,41.24832743014561,0.0,0.65,166507.2,12148.0,5.808577070751997,0.1581639383007112,0.4818143716349034,0.6,0.0
2020-01-07,,,,1497.4,1486.9,1475.3,1478.1,1481.889708067879,14.714285714285714,76.0,8.525132657048744,4.021175060554482,4.503957596494262,1508.0998716299227,1442.5001283700772,1475.3,65.59974325984558,-11.290322580645162,82.64039666419966,76.96982406927538,93.9815418540482,101.94051948876786,32.038834951456316,7.766990291262136,31.35694916272177,100.0,1514.0,1507.0,1455.0,0,0,81912.25,13593739,1476.0332797190488,0.3333333333333333,0.6666666666666666,0.0,10414000.0,0.0,-2.414486921529191,3.2365434671610633,-0.5526183677229207,62.956126270733016,41.24832743014561,0.0,0.65,172726.2,4525.0,2.044855775531329,0.14358319043439408,0.48080171324372356,0.7,0.0
2020-01-08,,,,1503.2,1490.2,1477.65,1478.9166666666667,1484.376402537605,13.071428571428571,70.0,9.49174296970591,5.115288642384768,4.3764543273211425,1512.7874743721738,1442.5125256278263,1477.65,70.27494874434751,-12.962962962962964,83.56581999835532,79.1684893789687,92.36048123712857,92.75239189821787,26.775956284153008,8.743169398907103,33.17798526947216,78.5413744740533,1461.0,1508.0,1455.0,1,0,79547.25,13660491,1478.713328451539,0.2222222222222222,0.7777777777777778,0.1111111111111111,7416888.888888889,0.0,-2.414486921529191,4.628680124673955,-0.4819750052169109,63.142857142857146,41.24832743014561,0.0,0.7,176960.55,-1847.0,-0.8179370449754697,0.1468701614793333,0.4394271190459819,0.5,0.0
2020-01-09,,,,1506.2,1493.8,1479.7,1479.75,1486.1500784864045,13.071428571428571,69.1358024691358,9.742030331819478,6.040636980271711,3.7013933515477673,1515.7648538635956,1443.6351461364045,1479.7,72.12970772719109,-22.22222222222222,80.15499111001466,79.49732328931735,81.47032675140929,70.72814839943084,26.775956284153008,10.92896174863388,34.68503905155122,75.45062594150951,1515.0,1508.0,1455.0,0,0,80869.65,13569528,1480.9248502579976,0.125,0.875,0.625,11370375.0,-0.3315649867374093,-2.414486921529191,3.972046393269298,-0.4819750052169109,63.437751004016064,41.24832743014561,0.0,0.75,181599.65,12882.0,5.751791574576393,0.15424838596580406,0.4375083584480576,0.1,0.0
2020-01-10,,,,1506.4,1497.2,1482.3,1480.9,1488.1357852972233,13.0,73.17073170731707,10.146192449352156,6.861748074087801,3.2844443752643553,1518.3648538635948,1446.235146136405,1482.3,72.12970772718973,-14.814814814814815,80.42078772413676,79.80514476759049,81.65207363722931,69.83770306563501,28.021978021978022,8.241758241758241,37.56073478438981,89.88129853248043,1461.0,1508.0,1455.0,0,0,79800.55,13633081,1483.4092945892396,0.4444444444444444,0.5555555555555556,0.4444444444444444,7061444.444444444,-0.06631299734748408,-1.8218623481781715,5.205805529689582,-0.3524611098212227,63.94148020654045,41.24832743014561,0.0,0.8,186413.4,-2850.0,-1.2033084649583858,0.15205271300997728,0.3538335100142821,-0.2,0.0
2020-01-13,,,,1503.0,1497.9,1483.7,1480.8666666666666,1488.3133295546306,13.357142857142858,63.15789473684211,8.991092200132925,7.287616899296826,1.7034753008360992,1518.601967973353,1448.798032026647,1483.7,69.80393594670613,-49.01960784313726,67.10592197482134,75.57207050333412,50.17362491779579,31.921856627431996,27.27272727272727,13.368983957219251,39.313099567314865,51.49564558879212,1515.0,1508.0,1455.0,0,0,82609.8,13496223,1485.528697967231,0.0,1.0,1.1333333333333333,9123866.666666666,-1.1936339522546469,-1.8218623481781715,2.5234947434559993,-0.5716576878521723,63.94148020654045,41.24832743014561,0.0,0.85,191383.85,14298.0,6.110334747881385,0.1571736810464124,0.35632026263647687,-0.6,0.0
2020-01-14,,,,1500.2,1498.8,1485.35,1480.5166666666667,1488.7596791208562,12.785714285714286,60.22727272727273,8.222952777523687,7.474684074942199,0.7482687025814885,1518.6162307040493,1452.0837692959506,1485.35,66.5324614080987,-44.89795918367347,58.77236903584581,69.97217001417135,36.372767079194716,24.412124389104715,25.139664804469273,13.966480446927374,40.66267165421414,27.758501040943795,1466.0,1508.0,1455.0,0,0,81854.95,13552038,1486.9552602907136,0.3333333333333333,0.6666666666666666,0.5,9302500.0,-0.9946949602122057,-1.8218623481781715,2.975383561413648,-0.5716576878521723,63.297400126823085,41.24832743014561,0.0,0.9,195940.8,-2842.0,-1.1446062143820823,0.1585005438717615,0.3464578262696135,-0.7,0.0
2020-01-15,,,,1499.4,1501.3,1487.8,1480.55,1490.2111382522032,14.357142857142858,70.32967032967034,8.404918155507858,7.660730891055331,0.7441872644525267,1518.79473639511,1456.80526360489,1487.8,61.989472790220134,-38.333333333333336,53.34824602389721,64.43086201741332,31.18301403686499,68.01502691761786,37.31343283582089,12.437810945273633,42.80552879707128,74.02902441070383,1466.0,1508.0,1465.0,0,0,84553.7,13662715,1489.4790685288365,0.17857142857142858,0.8214285714285714,0.39285714285714285,3952750.0,-0.2652519893899363,-1.1936339522546469,4.351319317799572,-0.5716576878521723,63.297400126823085,41.24832743014561,0.0,0.95,201271.35,11300.0,4.6037326901687825,0.15858915939588003,0.3730613316387171,-0.4,0.0
2020-01-16,,,,1500.2,1503.2,1489.35,1480.4833333333333,1491.810077466279,14.714285714285714,69.31818181818181,8.691017318822787,7.866788176608823,0.824229142213964,1520.9546299071949,1457.745370092805,1489.35,63.20925981438995,-35.08771929824562,50.88081266458012,59.91417889980225,32.81408019413587,49.34978957035641,36.40776699029126,12.621359223300972,44.842303903153315,67.3171936758893,1466.0,1508.0,1465.0,0,0,79411.6,13751967,1492.6640723773353,0.6428571428571429,0.35714285714285715,0.21428571428571427,6375142.857142857,-0.06631299734750629,-1.1936339522546469,3.1385131853080437,-0.5716576878521723,63.297400126823085,41.24832743014561,0.0,0.95,204335.25,-7579.0,-2.9518642430662934,0.16380566305057578,0.367888011998517,-0.3,0.0
2020-01-17,,,,1500.0,1503.2,1491.05,1480.3666666666666,1493.1614986599666,13.642857142857142,64.55696202531645,8.736354072772428,8.040701355841545,0.6956527169308835,1522.3816722216084,1459.7183277783915,1491.05,62.66334444321683,-38.888888888888886,48.33495619080116,56.05443799680189,32.89599257879969,44.664359457452306,31.937172774869108,13.61256544502618,46.72129207633616,32.12994058382844,1527.0,1508.0,1465.0,0,0,77778.25,13710150,1493.9711320324127,0.6,0.4,0.2,8363400.0,-0.13262599469500147,-1.1936339522546469,3.480477431726442,-0.5716576878521723,63.297400126823085,41.24832743014561,0.0,0.95,207871.4,-2873.0,-1.1530095435318244,0.16358593924949658,0.347524525346746,-0.1,0.0
2020-01-20,,,,1503.0,1503.0,1492.85,1480.3666666666666,1494.288974978065,14.142857142857142,63.291139240506325,8.59254265124855,8.151069614922946,0.4414730363256041,1522.9604982565036,1462.7395017434962,1492.85,60.22099651300732,-40.74074074074074,45.736817640714285,52.61523121143935,31.979990499264147,31.298456338563366,31.313131313131315,17.67676767676768,45.48370359232267,24.622190648411237,1527.0,1508.0,1465.0,0,0,78419.7,13630309,1495.4807180678665,0.7333333333333333,0.26666666666666666,0.06666666666666667,5322733.333333334,-0.19893899204248555,-1.1936339522546469,3.712031978390894,-0.5716576878521723,63.184543637574954,41.24832743014561,0.0,0.95,211650.65,-3045.0,-1.2362921790816883,0.1582716932854623,0.30292990245656043,0.2,0.0
2020-01-21,,,,1503.4,1501.8,1494.35,1480.4,1494.3566916468205,13.428571428571429,59.523809523809526,7.584228373402084,8.037701366618775,-0.45347299321669077,1521.458165404001,1467.2418345959989,1494.35,54.21633080800211,-64.0,34.9957162649807,46.74205956261981,11.503029669702485,10.319493929414417,29.78723404255319,14.893617021276595,45.42104695071866,0.0,1527.0,1508.0,1467.0,0,0,79262.1,13557687,1496.606359575804,0.16666666666666666,0.8333333333333334,0.8333333333333334,6051833.333333333,-0.862068965517282,-1.1936339522546469,2.9894921751645183,-0.6876326864444371,63.184543637574954,41.24832743014561,0.0,1.0,215095.05,-9747.0,-4.006889860887297,0.1483629959344591,0.3196513276224325,0.4,0.0
2020-01-22,,,,1502.8,1501.1,1495.65,1480.6,1494.9893876804567,13.5,58.0246913580247,7.1864410802356815,7.867449309342156,-0.6810082291064745,1521.3058190791737,1469.9941809208265,1495.65,51.31163815834725,-61.904761904761905,36.02889020839983,43.17100311121315,21.744664402773182,2.3960373445886693,29.62962962962963,19.04761904761905,43.40241341034599,0.0,1485.0,1508.0,1467.0,0,0,81512.3,13673443,1497.6496144344678,0.8421052631578947,0.15789473684210525,0.3157894736842105,6092421.052631579,-0.4641909814323997,-1.1936339522546469,2.6397708804668376,-0.6876326864444371,63.184543637574954,41.24832743014561,0.0,1.0,217623.3,-9479.0,-4.059372443888676,0.13972754507156498,0.3367782395840119,0.1,0.0
2020-01-23,,,,1496.6,1498.4,1496.1,1480.5,1493.1808745680323,13.857142857142858,32.95454545454545,4.798585610316422,7.253676569537009,-2.4550909592205867,1519.887657126557,1472.3123428734427,1496.1,47.57531425311436,-98.07692307692308,24.660285779958866,37.00076400079506,-0.02067066171352394,-58.68907310712175,22.164948453608247,23.711340206185564,39.654315601252996,0.0,1527.0,1508.0,1473.0,0,0,84148.4,13579322,1497.5209156284216,0.041666666666666664,0.9583333333333334,1.0416666666666667,3921708.3333333335,-2.122015915119402,-2.122015915119402,0.7960734195792463,-1.1549433755067913,63.184543637574954,40.85714285714286,1.0,0.95,219282.25,-20869.0,-9.315270276302279,0.13005333222049828,0.3577965096856509,0.3,-1.0
2020-02-03,,,,1471.6,1485.8,1491.5,1478.7666666666667,1482.4969817520291,19.714285714285715,15.384615384615387,-4.705273639452798,4.861886527739048,-9.567160167191847,1547.6557983132848,1435.3442016867152,1491.5,112.31159662656955,-100.0,16.440190519972578,30.147239507187567,-10.973907454457397,-195.25825646278486,13.405797101449274,50.724637681159415,39.59402601676492,0.0,1527.0,1508.0,1381.0,0,1,90493.9,13417337,1488.8994978298722,0.0,1.0,2.159090909090909,3681477.2727272725,-8.421750663130013,-8.421750663130013,-3.1125737355433647,-1.9040941991698368,63.184543637574954,40.42443064182195,2.0,0.9,220059.95,-17812.0,-8.767430756887396,0.12398060305676208,0.4986296780048285,0.3,-1.0
2020-02-04,,,,1447.4,1475.2,1486.55,1476.9,1473.1163168232645,21.142857142857142,16.756756756756758,-11.858379619876587,1.5178332982159213,-13.376212918092508,1560.49585501349,1412.60414498651,1486.55,147.89171002698004,-94.70198675496688,12.726131428326092,24.34020348090041,-10.502012676822545,-147.09434323921232,12.5,48.98648648648649,39.47724384423362,2.3745173745173727,1376.0,1508.0,1381.0,0,0,93397.05,13569109,1481.0434435563009,0.3076923076923077,0.6923076923076923,0.11538461538461539,5837384.615384615,-8.222811671087582,-8.421750663130013,-3.369934828617628,-1.9040941991698368,63.184543637574954,40.20962732919255,2.0,0.85,220791.65,8425.0,4.5454790692153635,0.11914737455555936,0.5896345429731797,0.4,-1.0
2020-02-05,,,,1426.2,1464.8,1481.8,1475.2666666666667,1465.1052390305726,22.428571428571427,18.51851851851852,-16.928666304027956,-2.1714666222328542,-14.757199681795102,1567.6777588999396,1395.9222411000603,1481.8,171.75551779987927,-88.46153846153847,12.739406767820231,20.473271243207016,-2.7283221829533346,-117.98827703157559,10.50955414012739,47.77070063694267,40.417614948539146,5.423280423280421,1371.0,1508.0,1381.0,0,0,99203.85,13735238,1472.9940543302166,0.6666666666666666,0.3333333333333333,0.18518518518518517,6152925.925925926,-7.891246684350173,-8.421750663130013,-3.210251584601692,-1.9040941991698368,63.184543637574954,39.64285714285714,2.0,0.8,221935.15,6520.0,3.364744496165639,0.11163117789464609,0.6933190913992743,0.5,-1.0
2020-02-06,,,,1410.4,1456.6,1478.95,1474.0666666666666,1460.999978170518,25.785714285714285,31.33640552995392,-18.07571522974149,-5.352316343734582,-12.723398886006908,1568.9054860677002,1388.9945139323,1478.95,179.91097213540024,-67.3076923076923,20.81177842492363,20.58610697044589,21.263121333879113,-73.1919213084032,20.77562326869806,40.443213296398895,39.71030861463435,27.604883595667008,1371.0,1508.0,1381.0,0,0,104347.65,13924841,1467.3976598099396,0.6727272727272727,0.32727272727272727,0.6,3447327.272727273,-5.70291777188332,-8.421750663130013,-1.7195143720750043,-1.9040941991698368,63.184543637574954,37.17948717948718,3.0,0.75,221921.5,-28803.0,-14.380360869521802,0.11176942063862443,0.8111023344967812,0.5,-1.0
2020-02-07,,,,1398.4,1447.5,1475.35,1472.9,1456.714265963802,26.071428571428573,29.22374429223744,-19.247041707383232,-8.131261416464312,-11.11578029091892,1569.4479892396187,1381.2520107603812,1475.35,188.1959784792375,-71.15384615384616,24.74408416734039,21.972099369410724,30.28805376319972,-66.10228653007447,20.0,40.0,38.195157099482834,25.18721461187214,1527.0,1508.0,1381.0,0,0,104065.05,13857060,1465.0222450605015,0.5833333333333334,0.4166666666666667,0.5,5648416.666666667,-6.100795755968191,-8.421750663130013,-2.218001791807845,-1.9040941991698368,62.96865759905382,35.75794871794872,3.0,0.7,220979.05,-3797.0,-2.2141103614766955,0.12000188739855526,0.799284680440474,0.5,-1.0
2020-02-10,,,,1405.8,1438.7,1470.95,1471.6833333333334,1453.0271930148685,25.785714285714285,32.35294117647058,-19.785863970978426,-10.462181927367135,-9.32368204361129,1567.2182108540758,1374.6817891459243,1470.95,192.53642170815147,-69.87179487179488,28.187598400117473,24.043932379646307,36.4749304410598,-58.56628618992236,20.498614958448755,36.8421052631579,37.78743489542195,30.88235294117645,1371.0,1508.0,1381.0,0,0,99533.8,13910735,1461.149808071898,0.6923076923076923,0.3076923076923077,0.15384615384615385,4128846.1538461545,-5.968169761273234,-8.421750663130013,-2.7771369926910787,-1.9040941991698368,62.96865759905382,35.18702702702703,3.0,0.65,219106.55,3995.0,2.3823154078261632,0.13069269368519681,0.687021345102474,0.6,1.0
2020-02-11,,,,1413.8,1430.6,1466.8,1470.4333333333334,1450.262698442024,26.714285714285715,33.33333333333333,-19.503905756177346,-12.270526693129177,-7.233379063048169,1563.6788717392285,1369.9211282607714,1466.8,193.7577434784571,-66.02564102564102,32.074940286795105,26.72093501536257,42.782950829660166,-44.50923998420427,23.52941176470588,35.56149732620321,37.201046493907505,32.66666666666665,1371.0,1508.0,1381.0,0,0,99078.25,14020844,1456.3809934740134,0.4,0.6,0.3,5505450.0,-5.570291777188363,-8.421750663130013,-2.595330118038839,-1.9040941991698368,62.96865759905382,35.089240183579804,3.0,0.6,216726.65,2000.0,1.1648969939832998,0.14013164168473466,0.6571615638560326,0.6,1.0
2020-02-12,,,,1421.2,1423.7,1462.75,1469.5333333333333,1447.9519652570693,25.142857142857142,30.303030303030297,-18.901187431120206,-13.596658840727384,-5.304528590392822,1559.3247596969238,1366.1752403030762,1462.75,193.14951939384764,-60.99290780141844,35.70621019119673,29.716026740640622,47.68657709230895,-41.52940426449506,16.47727272727273,37.78409090909091,36.434404758679385,27.660723933009173,1371.0,1508.0,1381.0,0,0,99066.5,14083093,1453.7462892770682,0.75,0.25,0.16666666666666666,5187416.666666667,-5.437665782493406,-8.421750663130013,-2.52540101229549,-1.9040941991698368,62.96865759905382,34.75379659456972,3.0,0.55,214072.1,-968.0,-0.5573179648682425,0.14864146253028607,0.5633568221553893,0.3,1.0
2020-02-13,,,,1417.4,1413.9,1457.5,1468.3333333333333,1443.670825708777,26.357142857142858,26.146788990825698,-20.048331906575413,-14.886993453896991,-5.161338452678422,1555.1276492328336,1359.8723507671664,1457.5,195.25529846566724,-76.81159420289855,39.263077325532116,32.89837693560445,51.992478105387434,-51.35167405784028,15.718157181571817,41.19241192411924,36.166337135590545,21.88663820510493,1509.0,1507.0,1381.0,0,0,102826.05,13941150,1448.865762777688,0.1935483870967742,0.8064516129032258,0.7419354838709677,4578806.451612904,-6.901128069011298,-8.421750663130013,-3.2835663771751986,-1.9040941991698368,62.96865759905382,34.75379659456972,3.0,0.5,212271.55,15233.0,8.819425547559367,0.15191259152247363,0.49327399589324283,0.2,0.0
2020-02-14,,,,1415.2,1406.8,1452.6,1467.0833333333333,1439.9878899269888,26.571428571428573,26.94063926940639,-20.559076644820152,-16.021410092081624,-4.5376665527385285,1550.4492933572785,1354.7507066427213,1452.6,195.69858671455722,-75.3623188405797,42.60050565663494,36.13241984261461,55.53667728467559,-51.73498459320007,15.591397849462366,40.86021505376344,36.49005282876436,24.122025466830003,1371.0,1507.0,1381.0,0,0,100691.95,13989431,1445.2466074331992,0.75,0.25,0.25,6035125.0,-6.768414067684159,-8.421750663130013,-3.052388784266475,-1.9040941991698368,62.96865759905382,33.98373983739838,3.0,0.45,209515.35,-6231.0,-3.315172861444826,0.15460018335899597,0.4655720041042457,0.0,0.0
2020-02-17,,,,1413.2,1409.5,1447.65,1465.65,1436.9414242196565,27.0,28.054298642533936,-20.485625067720775,-16.914253087209456,-3.5713719805113193,1543.9155865711484,1351.3844134288518,1447.65,192.53117314229667,-72.38805970149254,46.27473323968899,39.51319097497274,59.797817769121494,-46.85539585803087,16.402116402116402,39.94708994708995,37.48640897249963,28.703929704661945,1371.0,1507.0,1381.0,0,0,101556.4,14070273,1441.6489989798772,0.8095238095238095,0.19047619047619047,0.14285714285714285,3849619.0476190476,-6.569343065693422,-8.421750663130013,-3.0789729770883754,-1.9040941991698368,62.96865759905382,33.25757575757575,3.0,0.4,206703.6,-3961.0,-2.1796910682742365,0.15768587732946465,0.49400148023704443,-0.3,0.0
2020-02-18,,,,1408.4,1411.1,1443.15,1464.1333333333334,1433.4231933415938,26.928571428571427,28.310502283105023,-20.832799757255543,-17.697962421218673,-3.1348373360368704,1539.4942839644584,1346.8057160355418,1443.15,192.68856792891665,-78.19548872180451,39.94073125070176,39.65570440021574,40.5107849516738,-43.63453274778327,16.445623342175068,39.787798408488065,38.0704161602804,30.313939652805313,1504.0,1507.0,1381.0,0,0,98173.25,14001078,1436.544778236434,0.18181818181818182,0.8181818181818182,0.7272727272727273,6290454.545454545,-7.100199071001978,-8.421750663130013,-2.830029640956492,-1.9040941991698368,62.96865759905382,32.834224598930476,3.0,0.35,203184.3,147.0,0.08269483916698572,0.15578689414045516,0.4449997532141742,-0.7,0.0
2020-02-19,,,,1404.4,1412.8,1438.8,1462.8333333333333,1430.8114606423944,26.5,28.310502283105023,-20.388759417064648,-18.23612182038787,-2.1526375966767795,1533.5097505122778,1344.090249487722,1438.8,189.41950102455576,-72.65625,37.73826527824562,39.016558026225695,35.18167978228547,-36.1179311687842,17.52021563342318,38.274932614555254,39.17462596014237,72.01565557729943,1371.0,1507.0,1381.0,0,0,97867.8,14050784,1434.131785599213,0.5384615384615384,0.46153846153846156,0.46153846153846156,3823538.4615384615,-6.7020570670205615,-8.421750663130013,-2.714845749905873,-1.9040941991698368,62.96865759905382,32.14963404716725,3.0,0.3,199519.85,-5745.0,-3.2291789622784672,0.15402665296341123,0.43066196358783965,-0.7,0.0
2020-02-20,,,,1409.4,1413.4,1435.0,1461.9333333333334,1430.543702485976,26.428571428571427,38.888888888888886,-18.053528273985876,-18.19960311110747,0.14607483712159564,1524.6590031290668,1345.3409968709332,1435.0,179.31800625813366,-17.391304347826086,52.56625092623782,43.53312232622974,70.632508126254,-16.76356761923114,22.16216216216216,35.67567567567568,40.60274735046056,99.99999999999999,1371.0,1507.0,1381.0,0,0,99726.85,14198642,1428.8989531572154,0.96,0.04,0.88,5914320.0,-5.242203052422035,-8.421750663130013,-2.2723472696676086,-1.9040941991698368,62.96865759905382,32.14963404716725,3.0,0.25,194946.0,-6888.0,-4.000836411793407,0.1461459448665029,0.45854434505336367,-0.6,0.0
2020-02-21,,,,1414.2,1414.7,1431.1,1461.05,1430.3966832015972,20.785714285714285,69.67213114754098,-15.938420930844359,-17.74736667505485,1.8089457442104901,1514.1114766953986,1348.0885233046013,1431.1,166.02295339079728,-15.942028985507246,62.580399168216516,49.88221460689199,87.97676829086558,-2.794723763236406,30.927835051546396,13.058419243986256,39.34795517935483,99.99999999999999,1371.0,1506.0,1381.0,0,0,100143.9,14296235,1425.4829635155013,0.5,0.5,0.0625,6099562.5,-5.1128818061088825,-8.421750663130013,-2.334547182558253,-1.9040941991698368,63.184543637574954,32.14963404716725,3.0,0.2,190820.45,1387.0,0.8392023040247887,0.13676931208871151,0.5225216043891052,-0.3,0.0
2020-02-24,,,,1419.8,1416.5,1427.6,1460.9,1430.9303324204927,20.428571428571427,70.63492063492063,-13.54124656307431,-16.906142652658744,3.364896089584434,1502.8550750167876,1352.3449249832122,1427.6,150.51015003357543,-5.797101449275362,74.32896176431825,58.031130326034074,106.9246246408866,2.957457952021774,31.468531468531474,13.286713286713288,38.01112236930773,100.0,1371.0,1505.0,1381.0,0,0,104104.15,14417257,1424.1157164884078,0.9523809523809523,0.047619047619047616,0.3333333333333333,5762952.380952381,-4.584717607973399,-8.421750663130013,-2.0667018784582543,-1.9040941991698368,63.54430379746835,32.834224598930476,3.0,0.2,187212.1,7471.0,4.482698619369629,0.12181392276374059,0.5705649842531721,0.0,0.0
2020-02-25,,,,1425.6,1417.0,1423.8,1460.55,1430.7464912375885,20.214285714285715,65.625,-12.067206855413133,-15.938355493209622,3.871148637796489,1489.6917773002247,1357.9082226997753,1423.8,131.7835546004494,-27.868852459016395,72.5829442065152,62.881734952861116,91.98536271382333,12.890183155743339,34.98233215547703,11.66077738515901,37.01580621005714,88.73874795417349,1446.0,1501.0,1381.0,0,0,107104.65,14277406,1421.7244363339967,0.2916666666666667,0.7083333333333334,0.2916666666666667,5827125.0,-4.796802131912036,-8.421750663130013,-2.260820000386258,-1.9040941991698368,64.77056962025317,32.834224598930476,3.0,0.2,184101.25,6905.0,3.965337039291583,0.10112145247409704,0.6472762277967793,0.0,0.0
2020-02-26,,,,1429.4,1416.9,1420.3,1460.05,1430.1992063578182,17.142857142857142,51.515151515151516,-11.093902732824972,-14.969464941132694,3.8755622083077217,1477.0732331296447,1363.5267668703552,1420.3,113.54646625928945,-38.18181818181818,68.99469007707074,64.919386660931,77.14529690935024,8.50020223601394,23.75,15.000000000000002,36.33394537639366,57.02276446957297,1446.0,1501.0,1381.0,0,0,106889.5,14209087,1419.2493132315772,0.5,0.5,0.3333333333333333,5693250.0,-5.063291139240489,-8.421750663130013,-2.0863380999433474,-1.9040941991698368,64.77056962025317,32.834224598930476,3.0,0.2,181148.9,-6577.0,-3.6329188738338125,0.08071986853561666,0.6678532443675812,0.2,0.0
2020-02-27,,,,1426.2,1417.8,1415.85,1459.3666666666666,1428.4659486094547,17.214285714285715,48.11320754716981,-11.241953317887464,-14.22396261648365,2.9820092985961857,1458.0788252761497,1373.6211747238501,1415.85,84.45765055229958,-61.81818181818182,58.72373277865323,62.85416870017174,50.46286093561619,0.8030720897944579,23.651452282157674,17.842323651452283,34.95299299544127,49.375907111756156,1446.0,1476.0,1381.0,0,0,105422.1,14122679,1414.893165664505,0.0,1.0,0.9285714285714286,6172000.0,-4.336043360433594,-8.421750663130013,-2.695185428053952,-1.9040941991698368,64.77056962025317,32.834224598930476,3.0,0.15,178588.65,-1637.0,-0.9383132143389372,0.05972830863877719,0.5889255072007865,0.4,0.0
2020-02-28,,,,1418.2,1416.2,1411.5,1458.0666666666666,1424.7072868371256,18.357142857142858,38.58267716535433,-13.064591772647418,-13.992088447716405,0.927496675068987,1444.5708967298963,1378.4291032701037,1411.5,66.14179345979255,-90.47619047619048,42.323758360372,56.01069858690516,14.949877907305677,-64.23433211394432,21.78988326848249,28.015564202334634,33.809963319802904,27.95327138935783,1446.0,1436.0,1381.0,0,0,108753.7,13961926,1410.3628000702504,0.23076923076923078,0.7692307692307693,0.8846153846153846,6182807.692307692,-3.2729805013927638,-8.421750663130013,-2.6805908518605945,-1.8692661430863635,64.77056962025317,32.834224598930476,2.0,0.15,177214.05,2844.0,1.645595255316068,0.050616876369286086,0.6548293930675813,0.0,0.0
2020-03-02,,,,1413.4,1416.6,1413.05,1457.1166666666666,1423.4970690431137,20.214285714285715,45.833333333333336,-12.508942792500193,-13.695459316673164,1.186516524172971,1442.8456196002287,1383.2543803997712,1413.05,59.591239200457494,-53.125,43.84083890691467,51.95407869357499,27.614359333594038,-18.634281538798007,21.5547703180212,25.795053003533567,32.99519424340081,44.251227495908346,1382.0,1436.0,1384.0,0,0,108694.8,14122733,1411.2337680060746,0.6521739130434783,0.34782608695652173,0.5,3495804.347826087,-1.6713091922005652,-8.222811671087582,1.8672440347321966,-1.613702823722927,64.77056962025317,32.834224598930476,1.0,0.15,175926.45,-16072.0,-9.14902458601119,0.05439267046292992,0.7173470101477197,-0.3,0.0
2020-03-03,,,,1406.4,1416.0,1413.55,1455.8,1420.687824372341,21.714285714285715,39.99999999999999,-13.366950653723734,-13.62975758408328,0.2628069303595453,1441.576115640378,1385.523884359622,1413.55,56.05223128075613,-81.25,35.47722593794312,46.461794441697705,13.508088930433942,-38.187117648912505,20.06578947368421,24.013157894736842,30.830066255814437,31.13911620294596,1446.0,1436.0,1389.0,0,0,106733.75,14010182,1412.534074585905,0.06060606060606061,0.9393939393939394,0.5454545454545454,3410636.3636363633,-2.924791086350975,-7.891246684350173,0.6321405725967219,-1.613702823722927,64.77056962025317,32.834224598930476,1.0,0.15,174767.85,11005.0,6.895493023051813,0.04951388519756974,0.6947945062775555,-0.3,-1.0
2020-03-04,,,,1399.8,1414.6,1413.7,1454.5,1417.9556506225945,20.5,46.043165467625904,-14.046393272588602,-13.713084721784345,-0.3333085508042579,1441.200047846723,1386.199952153277,1413.7,55.00009569344593,-84.375,28.85981729196208,40.594468725119164,5.390514425647908,-83.72656681341505,21.254355400696863,19.860627177700348,27.874918094855136,43.7185956634046,1446.0,1436.0,1389.0,0,0,103021.35,13918301,1413.846982041425,0.2857142857142857,0.7142857142857143,0.14285714285714285,6562928.571428572,-3.064066852367686,-7.100199071001978,0.24383272609358006,-1.613702823722927,64.77056962025317,32.834224598930476,1.0,0.15,173154.75,-2570.0,-1.506430170806905,0.036633483461167925,0.7258361843335359,-0.3,-1.0
2020-03-05,,,,1396.2,1411.2,1412.3,1453.25,1415.6741600871094,20.785714285714285,46.043165467625904,-14.25910309337928,-13.822288396103332,-0.436814697275949,1440.8517074794684,1383.7482925205315,1412.3,57.10341495893681,-81.25,25.489878194641385,35.5596052149599,5.350424154004344,-69.69072015618175,20.962199312714777,19.58762886597938,24.919769933895843,42.24660416728607,1382.0,1436.0,1389.0,0,0,97309.65,13993670,1412.9527373013195,0.3333333333333333,0.6666666666666666,0.16666666666666666,6280750.0,-2.924791086350975,-7.100199071001978,-1.7537890787502357,-1.613702823722927,64.77056962025317,32.834224598930476,0.0,0.15,172732.0,-4996.0,-2.9732431917730007,0.03896172913572215,0.7182982726023854,-0.5,0.0
2020-03-06,,,,1395.8,1407.0,1410.85,1451.7666666666667,1412.9432876978608,20.5,42.65734265734266,-14.821663743931595,-14.022163465668985,-0.7995002782626095,1441.48039426166,1380.2196057383399,1410.85,61.260788523320116,-89.39393939393939,20.528605665114462,30.54927203167809,0.48727293198720645,-85.84505335177677,19.51219512195122,20.55749128919861,22.12153122628788,33.897312551306904,1446.0,1436.0,1387.0,0,1,99103.55,13890011,1411.5663414680907,0.4117647058823529,0.5882352941176471,0.4117647058823529,6097588.235294118,-3.4122562674094747,-7.100199071001978,-1.8234766698528517,-1.613702823722927,64.77056962025317,32.834224598930476,0.0,0.15,172489.35,-195.0,-0.11960548590495002,0.04060012599567893,0.6625933561758939,-0.2,0.0
2020-03-09,,,,1387.8,1400.6,1408.55,1450.3166666666666,1409.0439269647313,22.357142857142858,40.66666666666667,-16.290089738023426,-14.475748720139874,-1.8143410178835513,1443.5205138952583,1373.5794861047416,1408.55,69.94102779051673,-77.08333333333333,22.73923505246314,27.945926371939777,12.325852413509864,-124.4985639121305,17.89137380191693,28.434504792332266,20.782187421101522,29.1939378371436,1446.0,1436.0,1372.0,0,1,102921.65,13759974,1408.647715519524,0.7333333333333333,0.26666666666666666,0.5,4334566.666666667,-4.456824512534818,-7.100199071001978,-2.858668717979461,-1.613702823722927,64.77056962025317,32.834224598930476,0.0,0.15,171973.6,-1467.0,-0.9008787713168043,0.043215000170202494,0.6222393059616709,0.0,0.0
2020-03-10,,,,1385.8,1396.1,1406.55,1448.9666666666667,1406.6587910633284,23.0,42.94871794871795,-16.29765893865897,-14.840130763843694,-1.457528174815275,1442.3651687945583,1370.7348312054417,1406.55,71.6303375891166,-64.58333333333333,29.689404564889955,28.52708576958984,32.01404215549019,-74.85748395133619,19.565217391304348,27.63975155279503,19.346987101461842,13.621638646009863,1350.0,1436.0,1372.0,0,0,102061.75,13852885,1406.4740393274985,0.7272727272727273,0.2727272727272727,0.5454545454545454,4223227.272727273,-3.62116991643453,-7.100199071001978,-2.401346459159279,-1.613702823722927,64.77056962025317,32.834224598930476,0.0,0.15,170434.05,-18476.0,-11.44918016533023,0.057809736881827035,0.6203318168591772,0.1,0.0
2020-03-11,,,,1384.0,1391.9,1404.4,1447.4833333333333,1404.405572866821,22.142857142857142,33.33333333333333,-16.19763299683609,-15.111631210442175,-1.0860017863939166,1440.4607674261335,1368.3392325738666,1404.4,72.1215348522669,-65.625,33.895500479157405,30.316557339445694,41.05338675858083,-57.12569345172127,15.483870967741934,28.709677419354836,19.815738624173388,0.0,1446.0,1436.0,1372.0,0,0,102125.75,13789356,1405.2616251696236,0.3076923076923077,0.6923076923076923,0.07692307692307693,4886846.153846154,-3.6908077994428745,-7.100199071001978,-2.592071383824262,-1.613702823722927,64.77056962025317,32.834224598930476,0.0,0.15,168598.6,-6886.0,-4.81882181696035,0.07399029681703924,0.6043872620730946,0.1,0.0
2020-03-12,,,,1382.0,1389.1,1403.45,1446.2,1402.462184974743,22.357142857142858,33.33333333333333,-15.854904603706245,-15.26028588909499,-0.594618714611256,1440.6491793909718,1366.2508206090283,1403.45,74.39835878194344,-64.58333333333333,37.1269148493528,32.58667650941473,46.20739152922894,-57.797032894322044,12.779552715654953,30.670926517571882,19.85512938047591,0.0,1350.0,1436.0,1372.0,0,0,99212.15,13873027,1404.003521410096,0.631578947368421,0.3684210526315789,0.05263157894736842,4403736.842105263,-3.62116991643453,-7.100199071001978,-1.2155547590829208,-1.2924929178470208,64.77056962025317,32.834224598930476,0.0,0.15,166052.05,1011.0,0.7433167661677009,0.08114311123079129,0.6340573235763538,0.4,0.0
2020-03-13,,,,1376.8,1386.3,1401.25,1444.5166666666667,1398.513405453339,23.357142857142858,25.165562913907294,-17.240460368590675,-15.656320784994127,-1.5841395835965475,1442.9904259428201,1359.5095740571799,1401.25,83.48085188564028,-88.54166666666667,29.64016545512409,31.604506157984517,25.71148404940324,-87.44075279140353,12.232415902140673,33.944954128440365,20.311905634023685,0.0,1446.0,1436.0,1361.0,0,1,105495.75,13699074,1400.9329739191708,0.2571428571428571,0.7428571428571429,0.6571428571428571,4970085.714285714,-5.222841225626729,-7.100199071001978,-2.686501671259406,-1.6305429104783147,64.77056962025317,32.14963404716725,0.0,0.15,163692.45,-2492.0,-1.8186727775628908,0.08958737840247641,0.7653507441404349,0.4,0.0
2020-03-16,,,,1371.0,1379.4,1398.0,1442.65,1393.2264144577828,23.428571428571427,23.456790123456784,-19.565434710097406,-16.438143570014784,-3.1272911400826224,1447.0155721764302,1348.9844278235698,1398.0,98.03114435286034,-97.77777777777777,20.85300647827945,28.020672931416165,6.517673572006018,-106.23001628265506,9.451219512195124,37.19512195121951,20.988843075667006,0.0,1446.0,1436.0,1343.0,0,1,108737.75,13553392,1397.4194679400669,0.08,0.92,0.72,5827280.0,-6.476323119777161,-7.100199071001978,-3.884908029972542,-1.6305429104783147,64.77056962025317,31.129730484569198,0.0,0.15,162398.95,17361.0,12.904832343474748,0.08927672261938596,0.7960116126180286,0.1,-1.0
2020-03-17,,,,1363.8,1374.8,1395.4,1440.75,1388.9191368903748,23.857142857142858,26.380368098159508,-20.765167488085808,-17.30354835362899,-3.461619134456818,1449.2473475864751,1341.552652413525,1395.4,107.6946951729501,-87.91208791208791,19.54302995987861,25.19479194090365,8.23950599782853,-95.919023490175,9.281437125748504,36.82634730538923,23.643101259879106,11.857269953140097,1337.0,1436.0,1343.0,0,0,110395.65,13655745,1394.9127041388556,0.6111111111111112,0.3888888888888889,0.2777777777777778,5686277.777777777,-6.128133704735372,-6.7020570670205615,-3.078047925560109,-1.6305429104783147,64.77056962025317,30.087173100871727,0.0,0.15,160281.2,-16338.0,-10.756326863824295,0.09477418575081249,0.816987759448268,0.1,-1.0
2020-03-18,,,,1354.2,1369.1,1391.85,1438.6666666666667,1383.7839809960533,24.428571428571427,26.380368098159508,-22.50552601798472,-18.343943886500135,-4.161582131484586,1451.773723445497,1331.926276554503,1391.85,119.84744689099398,-100.0,13.028686639919075,21.139423507242128,-3.1927870947270307,-89.42125828468681,9.649122807017545,34.50292397660819,26.663914883341736,12.943989153432147,1428.0,1436.0,1335.0,0,1,113123.5,13551482,1392.2533895845397,0.0,1.0,0.5909090909090909,4739227.272727273,-7.033426183844005,-7.033426183844005,-4.221941649499399,-1.6305429104783147,64.77056962025317,29.041095890410958,0.0,0.15,158522.4,1434.0,1.0578809920769539,0.099466741732483,0.8757930945493815,-0.2,0.0
2020-03-19,,,,1342.2,1362.1,1386.65,1436.4833333333333,1378.0902685202386,26.0,28.47682119205298,-24.490074427244735,-19.573169994649056,-4.916904432595679,1451.2337685327227,1322.0662314672775,1386.65,129.16753706544523,-75.91240875912409,19.576880202190274,20.61857573889151,17.4934891287878,-107.82813198024351,9.065934065934066,36.53846153846154,30.073983730157572,22.22592599344261,1428.0,1436.0,1324.0,0,1,116291.6,13340262,1383.8157959531616,0.6470588235294118,0.35294117647058826,0.21568627450980393,4141568.6274509807,-7.799442896935926,-7.799442896935926,-6.885252271095035,-1.6305429104783147,64.77056962025317,28.443557410263388,0.0,0.15,156712.85,-7903.0,-5.769118462931056,0.108362541570243,1.0809233859629583,-0.3,-1.0
2020-03-20,,,,1335.6,1356.2,1381.6,1434.0166666666667,1373.3197667564064,24.214285714285715,18.181818181818187,-25.446742560684925,-20.74788450785623,-4.698858052828694,1448.0098914635776,1315.1901085364223,1381.6,132.8197829271553,-72.38805970149254,25.26247459023906,22.166542022674026,31.454339725369117,-81.69887661074594,4.129793510324483,38.93805309734513,35.207319010702015,0.0,1291.0,1436.0,1324.0,0,0,116100.3,13434029,1379.703155949353,0.42857142857142855,0.5714285714285714,0.19047619047619047,4465095.238095239,-7.520891364902482,-7.799442896935926,-6.611562225102922,-1.6305429104783147,64.77056962025317,28.310502283105023,0.0,0.15,154342.4,-9831.0,-7.615911995971647,0.1214043930018423,0.979572760547199,-0.5,-1.0
2020-03-23,,,,1324.4,1347.7,1374.15,1430.9333333333334,1365.0988365891296,25.0,15.483870967741922,-29.176932778500486,-22.433694161985084,-6.743238616515402,1447.8900127046231,1300.409987295377,1374.15,147.48002540924608,-97.45762711864407,17.76757565275197,20.700219899366672,11.902287159522558,-109.77487357207943,4.0,47.714285714285715,40.60554492925447,0.0,1402.0,1429.0,1287.0,0,1,116366.15,13307690,1372.5973820565516,0.08571428571428572,0.9142857142857143,1.1714285714285715,3609685.714285714,-9.937018894331684,-9.937018894331684,-8.283004567409444,-1.7331246953130401,64.77056962025317,28.259261554990807,1.0,0.1,151709.55,2223.0,1.8640884163214633,0.12850011499603015,0.9957544305491931,-0.5,-1.0
2020-03-24,,,,1314.8,1339.3,1367.7,1428.1166666666666,1358.898947390165,25.714285714285715,22.289156626506028,-30.729908786436,-24.092937086875267,-6.636971699560732,1443.7694973103312,1291.630502689669,1367.7,152.1389946206623,-83.60655737704919,17.851056441173984,19.750498746635778,14.052171830250401,-98.17975413991137,3.888888888888889,46.388888888888886,46.40129894581569,22.269119003352454,1280.0,1425.0,1287.0,0,0,115156.7,13423352,1365.0564595894116,0.8333333333333334,0.16666666666666666,0.5416666666666666,4819250.0,-8.771929824561386,-9.937018894331684,-6.767429169978269,-1.7331246953130401,64.77056962025317,27.831566767908427,1.0,0.05,148532.55,-3978.0,-3.2746939749911497,0.13222903237119832,1.0416132395247473,-0.5,-1.0
2020-03-25,,,,1307.8,1331.0,1361.45,1425.3666666666666,1353.289523829197,26.857142857142858,21.34146341463415,-31.596429490243736,-25.59363556754896,-6.002793922694774,1438.233975850189,1284.6660241498112,1361.45,153.56795170037776,-82.90598290598291,18.131233889131565,19.210743794134373,15.972214079125948,-79.4881353045136,7.180851063829787,44.41489361702128,51.31380737046809,21.32759906126396,1397.0,1412.0,1287.0,0,0,116283.85,13423352,1360.8320041863078,0.39285714285714285,0.6071428571428571,0.0,3245071.4285714286,-7.932011331444732,-9.937018894331684,-6.53860745589569,-1.7331246953130401,64.77056962025317,26.828585035157015,1.0,0.0,145273.8,-8212.0,-6.988995651026819,0.14111139719556592,1.05567258951924,-0.3,-1.0
2020-03-26,,,,1298.8,1320.5,1354.8,1422.1,1346.2143310835593,27.5,19.66292134831461,-33.59046788222713,-27.193002030484596,-6.397465851742535,1436.0574854851077,1273.5425145148922,1354.8,162.51497097021547,-96.58119658119658,13.55269072462251,17.324726104297085,6.008619965273361,-89.38594851440891,7.012987012987013,44.41558441558441,56.32227716154658,15.215997320019213,1397.0,1412.0,1279.0,0,1,116051.4,13341593,1356.0821647419448,0.15384615384615385,0.8461538461538461,0.8076923076923077,3144576.923076923,-9.419263456090633,-9.937018894331684,-6.881168449457277,-1.7331246953130401,64.77056962025317,26.380368098159508,1.0,0.0,142294.25,3947.0,3.611591497616362,0.14487517487494653,0.8728225127744897,-0.6,-1.0
2020-03-27,,,,1288.8,1312.2,1349.25,1418.95,1339.7177281232205,25.857142857142858,21.34146341463415,-34.8497233986559,-28.72434630411886,-6.125377094537036,1435.6709404447938,1262.8290595552062,1349.25,172.84188088958763,-95.7983193277311,11.019254133875325,15.222902114156497,2.611958173312985,-84.07400967371328,7.458563535911602,39.50276243093922,59.57061097783171,21.32759906126396,1397.0,1412.0,1278.0,0,1,111240.15,13277065,1351.140482250938,0.35714285714285715,0.6428571428571429,0.07142857142857142,4609142.857142857,-9.490084985835667,-9.937018894331684,-5.943939070796181,-1.7331246953130401,64.77056962025317,26.333652276692746,1.0,0.0,138920.9,-5032.0,-4.443894943214932,0.14673736984492955,0.8348397828900405,-0.4,-1.0
2020-03-30,,,,1288.4,1306.4,1342.9,1415.8166666666666,1334.506515921009,26.357142857142858,18.867924528301884,-34.8807671975826,-29.95563048281161,-4.925136714770989,1428.5674107414961,1257.232589258504,1342.9,171.33482148299208,-83.59375,14.873051143013658,15.10628512377555,14.406583181489879,-74.07594527653957,6.233062330623306,41.19241192411924,63.6141125890025,18.95885428506484,1264.0,1394.0,1278.0,0,0,108051.0,13374089,1343.7949438999485,0.7241379310344828,0.27586206896551724,0.2413793103448276,3345655.172413793,-7.819225251076034,-9.937018894331684,-7.318150314197341,-1.7331246953130401,64.77056962025317,25.950543775442018,1.0,0.0,135824.75,-10528.0,-9.729949538825533,0.1600368005277419,0.8255040173105593,-0.3,0.0
2020-03-31,,,,1286.6,1300.7,1337.75,1412.6166666666666,1330.3630382142462,26.571428571428573,21.951219512195124,-34.02895516315107,-30.770295418879503,-3.258659744271565,1422.8650923594798,1252.6349076405202,1337.75,170.23018471895966,-78.74015748031496,21.45382896713731,17.2221330715628,29.91722075828632,-57.26614665591975,6.989247311827957,40.86021505376344,66.5326489857641,36.23273582133419,1264.0,1394.0,1278.0,0,0,105764.1,13440902,1338.9206279194295,0.5625,0.4375,0.375,4175812.5,-7.3888091822094655,-9.937018894331684,-5.938836766185045,-1.7331246953130401,64.77056962025317,24.823808355817192,1.0,0.0,131344.35,-16680.0,-17.077216045211618,0.1778941271309706,0.7936134437356197,-0.3,0.0
2020-04-01,,,,1280.4,1294.1,1331.6,1409.0333333333333,1324.518939336699,27.142857142857142,18.91891891891892,-34.72877245625273,-31.56199082635415,-3.1667816298985763,1417.9759225710177,1245.2240774289821,1331.6,172.75184514203556,-95.9349593495935,16.495535100898557,16.979933748008055,15.526737806679563,-69.40300871188302,6.842105263157896,42.89473684210526,68.7690991213739,26.43778273505345,1387.0,1394.0,1269.0,0,1,104724.45,13369814,1334.289655217414,0.20833333333333334,0.7916666666666666,0.9166666666666666,2962000.0,-8.967001434720235,-9.937018894331684,-6.889207207973067,-1.7732675473388564,64.77056962025317,23.223263424066634,1.0,0.0,126184.35,-16162.0,-19.954564535644614,0.20664271823523783,0.8466311128449252,-0.2,-1.0
2020-04-02,,,,1280.6,1289.7,1325.9,1405.7166666666667,1320.2790403522515,28.0,26.58959537572254,-34.003799994081646,-32.05035265989965,-1.9534473341819947,1409.9523646305954,1241.8476353694048,1325.9,168.10472926119064,-66.66666666666667,28.476698197347005,20.81218856445437,43.805717463132275,-70.13225439568711,6.63265306122449,43.367346938775505,70.65835056461913,85.47500156816378,1237.0,1387.0,1269.0,0,0,112535.7,13601408,1325.3215315969362,0.9148936170212766,0.0851063829787234,0.23404255319148937,4927531.914893617,-7.71449170872387,-9.937018894331684,-6.146599046986964,-1.7732675473388564,64.77056962025317,23.223263424066634,1.0,0.0,124039.15,55300.0,85.29738400789732,0.19838305169498874,1.0877898335186234,0.2,0.0
2020-04-03,,,,1269.4,1279.1,1317.65,1401.2833333333333,1310.919131747275,30.642857142857142,21.596244131455393,-37.675074560824214,-33.175297040084565,-4.499777520739649,1408.5618138347902,1226.73818616521,1317.65,181.82362766958022,-97.82608695652173,20.00487362816331,20.543083585690685,18.92845371310856,-89.40631154232233,6.0606060606060606,41.25874125874126,71.72314429820452,47.04376649020507,1357.0,1384.0,1222.0,0,1,118747.6,13373511,1314.4624586096897,0.04838709677419355,0.9516129032258065,0.9354838709677419,3675758.0645161294,-11.705202312138741,-11.705202312138741,-6.93591507961324,-3.1595444277108484,63.54430379746835,22.221569203643845,2.0,0.0,122807.4,18074.0,15.04511703792495,0.18838689620822824,1.298309829543929,-0.1,0.0
2020-04-07,,,,1260.6,1274.5,1311.1,1396.8666666666666,1304.2601668189632,31.571428571428573,26.431718061674005,-38.6064141836473,-34.261520468797116,-4.344893714850187,1404.3701791345136,1217.8298208654862,1311.1,186.54035826902737,-83.45323741007195,21.080690162883286,20.72228577808822,21.797498932473417,-83.14202863444638,5.88235294117647,39.366515837104075,72.74169717390025,84.25990175385732,1218.0,1384.0,1222.0,0,0,120651.8,13541632,1306.146645277291,0.7419354838709677,0.25806451612903225,0.6129032258064516,5423258.064516129,-10.332369942196529,-11.705202312138741,-5.190131132769796,-3.1595444277108484,63.184543637574954,22.221569203643845,2.0,0.0,121986.3,6746.0,4.881119488300079,0.1799861290746352,1.3316086114603247,0.2,0.0
2020-04-08,,,,1251.2,1268.9,1304.1,1392.4833333333333,1298.521103312395,31.785714285714285,29.032258064516128,-38.65682084900823,-35.14058054483934,-3.516240304168889,1395.325342739228,1212.8746572607718,1304.1,182.4506854784563,-79.03225806451613,24.495560510195283,21.98004402212391,29.526593486338037,-72.42270758565931,5.393258426966292,38.65168539325843,74.11446955626853,100.0,1218.0,1384.0,1222.0,0,0,123913.9,13699785,1299.0678699753082,0.8,0.2,0.12,6326120.0,-10.115606936416189,-11.705202312138741,-5.61493878718631,-3.1595444277108484,60.81339712918661,22.221569203643845,2.0,0.0,122705.05,12321.0,8.50005519068382,0.18655942059109643,1.3677450933611843,0.5,0.0
2020-04-09,,,,1246.2,1263.3,1297.15,1388.1,1293.328617282643,29.357142857142858,30.58252427184466,-38.25577967971549,-35.76362037181457,-2.49215930790092,1384.1473381322685,1210.1526618677317,1297.15,173.9946762645368,-78.68852459016394,27.163707006796855,23.707931683681558,34.07525765302745,-61.10114732671182,7.055961070559611,31.14355231143552,74.31563819807873,100.0,1340.0,1384.0,1222.0,0,0,127751.35,13699785,1293.9710398363695,0.4117647058823529,0.5882352941176471,0.0,8251647.05882353,-10.115606936416189,-11.705202312138741,-5.571315107975554,-3.1595444277108484,59.66450216450217,22.221569203643845,2.0,0.0,124336.45,11367.0,7.227559720994714,0.20073992174589028,1.3148098338037424,0.4,0.0
2020-04-10,,,,1241.4,1261.0,1290.75,1383.9,1289.7735108747725,29.928571428571427,33.177570093457945,-36.548345376939324,-35.92056537283952,-0.6277800040998045,1369.264832658317,1212.235167341683,1290.75,157.02966531663378,-62.37623762376238,33.94247133786457,27.11944490174256,47.58852421010859,-53.0954634100867,8.353221957040573,31.98090692124105,72.72692133012053,100.0,1218.0,1361.0,1222.0,0,0,131943.85,13867306,1288.3144840273596,0.8620689655172413,0.13793103448275862,0.41379310344827586,5776586.206896552,-7.714915503306408,-11.705202312138741,-4.983299679861865,-3.1595444277108484,58.324514991181665,22.221569203643845,2.0,0.0,126063.2,2918.0,1.73031309297913,0.21413691136607965,1.1245376761771666,0.4,0.0
2020-04-13,,,,1236.8,1253.1,1282.65,1378.8333333333333,1281.1284146009846,30.857142857142858,30.869565217391298,-39.34111513542598,-36.60467532535681,-2.7364398100691716,1364.023149586823,1201.2768504131773,1282.65,162.74629917364564,-100.0,22.62831422524305,25.62240134290939,16.640139989910367,-85.2875118539196,8.101851851851851,30.324074074074076,70.81984551304006,83.8709850250475,1317.0,1348.0,1199.0,0,1,137395.05,13584329,1276.010563335433,0.0,1.0,1.0555555555555556,5240314.814814814,-11.05341246290802,-11.705202312138741,-5.612314518929736,-4.531598328025475,52.81705948372617,22.221569203643845,3.0,0.0,129658.1,34871.0,20.32607048345165,0.2500677028500597,1.0689084672112386,0.4,0.0
2020-04-14,,,,1232.4,1246.5,1276.45,1374.0333333333333,1275.211422734224,32.642857142857146,32.91139240506328,-39.485409218167206,-37.18082210391889,-2.3045871142483136,1357.356638853197,1195.5433611468031,1276.45,161.81327770639382,-70.0,27.69815542944131,26.314319371753367,30.465827544817195,-87.69447733960003,7.658643326039386,32.603938730853386,69.20742658438284,98.13987224782977,1177.0,1348.0,1199.0,0,0,143824.7,13858604,1265.7149130156363,0.8571428571428571,0.14285714285714285,0.40816326530612246,5597448.979591837,-9.56973293768547,-11.705202312138741,-4.10303655856007,-4.531598328025475,48.79359634076616,22.221569203643845,3.0,0.0,131268.45,-22330.0,-10.817278580044476,0.26152112931089916,1.1349053254259744,0.1,0.0
2020-04-15,,,,1233.4,1242.3,1271.5,1370.0166666666667,1272.715096759536,34.07142857142857,40.44943820224719,-36.755321571105014,-37.09572199735612,0.340400426251108,1345.8207840873858,1197.1792159126142,1271.5,148.6415681747717,-41.935483870967744,40.895343495016945,31.17466074617456,60.336708992701716,-46.55050444156212,10.69182389937107,31.236897274633122,67.55278740912512,100.0,1177.0,1335.0,1199.0,0,0,164099.65,14366456,1258.747018554478,0.875,0.125,0.625,10580250.0,-6.4419475655430825,-11.705202312138741,-3.0064284223774664,-4.531598328025475,46.45717388353469,22.221569203643845,3.0,0.0,135507.65,36239.0,19.68451756935128,0.29298038456592096,1.3947616627277326,0.1,0.0
2020-04-16,,,,1230.6,1238.4,1266.25,1365.6333333333334,1268.6469923062468,34.57142857142857,40.75471698113208,-35.713169465046576,-36.81921149089422,1.1060420258476427,1336.4013401604793,1196.0986598395207,1266.25,140.30268032095864,-56.19834710743802,44.250741817190786,35.5333544365133,61.68551657854577,-49.450896614498944,10.537190082644628,27.892561983471076,65.58378866593281,99.99999999999999,1298.0,1328.0,1199.0,0,0,174332.9,14057528,1253.9071728094161,0.3939393939393939,0.6060606060606061,0.5757575757575758,9361454.545454547,-7.379518072289182,-11.705202312138741,-3.214911786917962,-4.531598328025475,46.043165467625904,22.221569203643845,3.0,0.0,138977.5,-13953.0,-6.332543637502386,0.3076226484308258,1.5277684045284763,0.2,0.0
2020-04-17,,,,1233.6,1237.5,1263.6,1361.75,1268.8710882770804,37.214285714285715,48.852459016393446,-31.2190255703847,-35.699174306792315,4.480148736407614,1328.363212429635,1198.8367875703648,1263.6,129.52642485927026,-22.31404958677686,60.21944879315987,43.762052555395485,93.13424126868864,-5.857882245272099,15.355086372360844,25.527831094049905,62.48716973667097,100.0,1177.0,1328.0,1199.0,0,0,185992.6,14501942,1250.8593512143314,0.8431372549019608,0.1568627450980392,0.803921568627451,8714000.0,-4.292168674698815,-11.705202312138741,-1.3846307376006077,-4.531598328025475,46.043165467625904,22.221569203643845,4.0,0.05,144993.35,43017.0,20.84308452649175,0.3397229536460271,1.6888583543583535,0.2,0.0
2020-04-20,,,,1245.0,1240.9,1260.0,1357.5666666666666,1267.64527034593,37.285714285714285,45.367412140575084,-28.538781486870448,-34.26709574280794,5.728314255937491,1317.260255344356,1202.739744655644,1260.0,114.52051068871197,-34.710743801652896,65.9632926594922,51.16246592342772,95.56494613162116,0.7228965368833552,14.17624521072797,23.754789272030653,59.02561541797379,88.35738484499402,1298.0,1300.0,1199.0,0,0,196634.2,14195343,1249.7088645650992,0.3,0.7,0.5,10219966.666666668,-3.384615384615397,-11.705202312138741,-1.9381319678778814,-4.531598328025475,45.87529976019185,22.221569203643845,4.0,0.05,152099.7,11979.0,4.803088988861348,0.363169448209606,1.6492936574858503,0.2,0.0
2020-04-21,,,,1248.4,1240.4,1257.45,1353.0666666666666,1264.6314350748892,38.5,41.59021406727828,-27.709088470021698,-32.95549428825069,5.246405818228993,1314.187530510383,1200.712469489617,1257.45,113.47506102076613,-46.846846846846844,63.25657419129545,55.19383534605029,79.38205188178577,-35.63965536218758,12.80148423005566,27.458256029684602,56.56983063940125,75.73877020403653,1298.0,1300.0,1199.0,0,0,203985.9,13921970,1247.4477735961161,0.41935483870967744,0.5806451612903226,0.6451612903225806,8818483.870967742,-4.923076923076941,-11.705202312138741,-1.4293442670481102,-4.531598328025475,45.460596379126734,22.221569203643845,3.0,0.05,157409.6,-33706.0,-12.895351995745674,0.3634370542062636,1.5914721619995666,0.4,0.0
2020-04-22,,,,1246.6,1240.0,1254.45,1348.65,1262.285584115376,38.57142857142857,45.307443365695796,-26.42418267653602,-31.649231965907756,5.225049289371736,1307.968221196109,1200.9317788038911,1254.45,107.03644239221785,-41.12149532710281,62.75928475498128,57.71565181569396,72.84655063355592,-36.04655333694254,12.777777777777779,24.814814814814817,53.67932577845305,86.99373458250562,1177.0,1300.0,1199.0,0,0,210450.6,14166926,1245.445180959332,0.75,0.25,0.14285714285714285,8748428.57142857,-4.615384615384621,-11.705202312138741,-1.7116092093941526,-4.531598328025475,45.31943712067165,22.221569203643845,3.0,0.05,162905.1,-266.0,-0.11683320522675178,0.35872819504279735,1.3459288584025866,0.1,0.0
2020-04-23,,,,1246.2,1238.4,1250.85,1344.2,1259.020290390102,37.642857142857146,41.61290322580645,-26.07362477364518,-30.53411052745524,4.460485753810062,1301.0507548695173,1200.6492451304825,1250.85,100.40150973903474,-50.96153846153846,58.50618983665419,57.97916448934737,59.56024053126782,-27.184911641293542,15.559772296015177,20.30360531309298,49.37633474076814,73.43888055935595,1281.0,1291.0,1199.0,0,0,219795.25,13889171,1243.805786976743,0.058823529411764705,0.9411764705882353,0.35294117647058826,8169264.705882353,-4.879938032532916,-11.705202312138741,-2.087563907782064,-4.531598328025475,43.420463032113524,22.221569203643845,3.0,0.05,169403.4,11844.0,5.208237141010241,0.3505302306549255,1.2787434409708578,-0.2,0.0
2020-04-24,,,,1241.6,1237.6,1249.3,1339.9833333333333,1257.970738924378,35.0,54.77941176470588,-23.906394225526583,-29.20856726706951,5.302173041542925,1297.724004486639,1200.875995513361,1249.3,96.84800897327796,-30.392156862745097,62.20674093685442,59.388356638516385,67.8435095335305,-10.310113388768787,16.73469387755102,18.163265306122447,44.35557265492957,100.0,1177.0,1291.0,1199.0,0,0,228136.3,14137751,1243.0782131120739,0.7727272727272727,0.22727272727272727,0.9090909090909091,11299090.90909091,-3.3307513555383417,-11.705202312138741,-0.8033639947988724,-4.531598328025475,43.420463032113524,22.221569203643845,3.0,0.05,175769.45,1302.0,0.5441938032124893,0.34058934624196946,1.1290318420690357,-0.2,0.0
2020-04-27,,,,1242.6,1243.8,1248.45,1336.4,1258.2592399791993,34.5,53.75939849624059,-20.898946995798042,-27.54664321281522,6.647696217017177,1295.3248614032582,1201.575138596742,1248.45,93.74972280651627,-17.647058823529413,66.47116062456962,61.749291300534125,75.91489927264061,35.1764745970481,20.91097308488613,18.21946169772257,39.56116600338005,96.0383455183329,1177.0,1291.0,1199.0,0,0,237068.0,14380913,1243.55520476544,0.42105263157894735,0.5789473684210527,0.6842105263157895,12798000.0,-2.323780015491861,-11.705202312138741,-0.3628864363452508,-4.531598328025475,45.31943712067165,22.221569203643845,3.0,0.1,181978.05,-8181.0,-3.4008854523913445,0.32377782777975006,1.103717572554352,-0.1,0.0
2020-04-28,,,,1244.2,1246.3,1246.4,1334.1166666666666,1256.9012171240374,34.285714285714285,50.0,-19.660645639220775,-25.969443698096335,6.30879805887556,1290.017475976059,1202.7825240239413,1246.4,87.23495195211763,-34.31372549019608,58.83023611530447,60.776272905457574,54.93816253499827,2.107521047847956,21.041666666666668,21.25,34.20276648593761,80.24782416285589,1279.0,1291.0,1199.0,0,0,241208.85,14201072,1242.924810387347,0.2777777777777778,0.7222222222222222,0.9444444444444444,9991166.666666666,-3.640588690937252,-11.705202312138741,-1.089999780224344,-4.531598328025475,45.460596379126734,23.223263424066634,3.0,0.1,188276.45,-8732.0,-3.7577353748698195,0.29796388876876334,1.0244037472057843,-0.1,0.0
2020-04-29,,,,1248.4,1247.5,1244.9,1332.0666666666666,1257.2915773979387,35.357142857142854,52.861952861952865,-17.110288215814535,-24.197612601639978,7.087324385825443,1283.875835968834,1205.9241640311661,1244.9,77.95167193766792,-17.647058823529413,62.553490743536315,61.36867885148382,64.9231145276413,43.481592512060764,22.62626262626263,20.60606060606061,30.032450225615996,91.9804633670124,1177.0,1280.0,1199.0,0,0,247114.0,14385988,1242.8604224500973,0.625,0.375,0.53125,5778625.0,-1.4843749999999711,-11.705202312138741,-0.7352941395769143,-4.531598328025475,45.87529976019185,24.823808355817192,3.0,0.15,195379.65,-584.0,-0.26113163001583173,0.2585577353795901,0.9747724634013915,-0.1,0.0
2020-04-30,,,,1256.6,1251.4,1244.9,1330.0666666666666,1258.4066652648016,34.642857142857146,52.218430034129696,-14.278979257695028,-22.213885932850992,7.934906675155965,1283.875835968834,1205.9241640311661,1244.9,77.95167193766792,-9.803921568627452,70.43795934626559,64.3917723497444,82.53033333930796,76.60701282667567,22.680412371134018,19.793814432989688,26.33360985761954,89.28900808498155,1177.0,1280.0,1199.0,0,0,251315.4,14541104,1243.20055210836,0.5789473684210527,0.42105263157894735,0.42105263157894735,8164000.0,-0.8593749999999845,-11.705202312138741,0.1568284543832282,-4.531598328025475,46.043165467625904,25.950543775442018,3.0,0.2,202887.25,-8074.0,-3.619686359601537,0.1981293628659032,0.8868919794821949,0.0,1.0
2020-05-06,,,,1266.4,1254.0,1245.75,1327.9833333333333,1262.0822209538683,32.92857142857143,68.56060606060606,-9.66437560950817,-19.70398386818243,10.03960825867426,1288.5069631140075,1202.9930368859925,1245.75,85.51392622801495,-4.0,78.28394076899633,69.02249515616171,96.80683199466557,123.3094975422837,29.284164859002164,13.88286334056399,24.75125747609055,100.0,1177.0,1297.0,1199.0,1,0,249563.85,14737667,1243.9261599119156,0.84375,0.15625,0.875,6142593.75,0.0,-11.705202312138741,0.6578627012903809,-4.531598328025475,46.45717388353469,25.950543775442018,3.0,0.25,208440.85,16220.0,7.544747516094219,0.1706439192442868,0.8502541641087117,0.0,1.0
2020-05-07,,,,1276.2,1259.4,1250.15,1326.2166666666667,1266.6458189582618,31.0,67.70428015564202,-4.9017730291961925,-16.743541700385183,11.84176867118899,1300.1195696872862,1200.180430312714,1250.15,99.93913937457228,-1.9047619047619047,84.80578130119468,74.28359053783937,105.85016282790531,124.93557577926694,33.41013824884793,9.67741935483871,24.260092630705753,96.95378751505905,1177.0,1310.0,1199.0,1,0,249605.65,14966400,1246.8274761275104,0.9090909090909091,0.09090909090909091,0.5909090909090909,10396954.545454547,0.0,-11.05341246290802,3.1912300973688765,-1.739649681528662,48.261057841014534,25.950543775442018,2.0,0.3,214101.15,20208.0,8.740333212228158,0.1527106405610129,0.8229278294982378,0.3,0.0
2020-05-08,,,,1291.0,1267.6,1254.0,1324.55,1271.5366933431892,29.0,64.68085106382978,-0.4763519417244879,-13.490103748653045,13.013751806928557,1312.1902505850726,1195.8097494149274,1254.0,116.38050117014518,-6.481481481481482,87.51361851056078,78.69359986207985,105.15365580752263,119.24608245394865,31.77339901477832,10.344827586206897,24.394177843738337,86.04700254076651,1177.0,1318.0,1199.0,1,0,253817.85,15218765,1250.6248942565178,0.65,0.35,0.4,12618250.0,0.0,-11.05341246290802,2.8091236429616013,-1.739649681528662,49.08196721311476,25.950543775442018,2.0,0.35,218883.75,-10808.0,-4.298919701525783,0.13163895885666635,0.8718746981086319,0.1,0.0
2020-05-11,,,,1306.8,1277.6,1258.8,1323.15,1278.0570082628856,29.285714285714285,73.10924369747899,4.75127257913482,-9.841828483095473,14.593101062230293,1328.2629018745813,1189.3370981254186,1258.8,138.9258037491627,-5.46875,89.66425142083362,82.35048371499776,104.29178683250532,118.08539848352895,36.82926829268293,10.24390243902439,25.20242024482714,100.0,1177.0,1340.0,1199.0,1,0,262944.1,15559443,1256.2676866806798,0.8108108108108109,0.1891891891891892,0.5945945945945946,9207513.513513513,0.0,-11.05341246290802,3.394407641941638,-1.739649681528662,50.303030303030305,25.950543775442018,2.0,0.4,223684.75,12689.0,5.273810909211818,0.11558796101619367,0.9750730182889817,0.4,0.0
2020-05-12,,,,1322.0,1289.3,1263.85,1321.8,1284.4325312854678,26.714285714285715,68.31683168316832,9.191704638735246,-6.035121858729329,15.226826497464575,1342.8177482466951,1184.8822517533047,1263.85,157.93549649339047,-1.5625,92.49221699660512,85.73106147553355,106.01452803874827,107.81231630772267,32.62032085561497,11.22994652406417,26.90941015174834,84.79517906947648,1177.0,1345.0,1199.0,1,0,266476.95,15770378,1259.9310299321075,0.8666666666666667,0.13333333333333333,0.3333333333333333,14062333.333333334,0.0,-11.05341246290802,3.5620468816150477,-1.739649681528662,51.65580721894715,25.950543775442018,2.0,0.45,227670.25,-4943.0,-1.9514949090578937,0.1005758652281624,1.0006374621463305,0.4,0.0
2020-05-13,,,,1336.2,1301.3,1269.45,1321.2166666666667,1292.3913378297088,27.5,76.66666666666666,14.400684689547916,-1.9479605490738798,16.348645238621796,1360.962380525638,1177.937619474362,1269.45,183.02476105127607,-8.588957055214724,91.73140806766682,87.73117700624465,99.73187019051113,111.3417063227319,40.77922077922078,10.909090909090908,29.23344011396926,100.0,1177.0,1368.0,1199.0,1,0,279879.9,16205958,1268.3304086860114,0.6585365853658537,0.34146341463414637,0.5609756097560976,10623902.43902439,0.0,-11.05341246290802,3.846751568680458,-1.739649681528662,52.34713459969433,26.137407061309066,2.0,0.5,232628.05,22364.0,9.00503321924704,0.08916580490326485,1.1524040740196302,0.4,0.0
2020-05-14,,,,1346.4,1311.3,1277.55,1320.4833333333333,1298.9254961316415,26.857142857142858,81.7258883248731,17.759279490730933,1.9934874588870826,15.76579203184385,1371.4535899767507,1183.6464100232492,1277.55,187.80717995350142,-12.883435582822086,89.52306637135234,88.32847346128054,91.91225219149595,95.00535201759811,41.75531914893617,4.787234042553192,32.306514505016004,100.0,1382.0,1368.0,1219.0,0,0,281660.5,15887369,1276.2630111428475,0.375,0.625,0.2916666666666667,13274541.666666666,-0.511695906432752,-9.56973293768547,7.143173556405272,-1.5247739592948262,53.04144198881041,26.137407061309066,1.0,0.55,234794.55,-20955.0,-7.740641414924976,0.08567232857726431,1.225562509657986,0.3,0.0
2020-05-15,,,,1351.4,1321.2,1283.75,1319.4,1303.123067928628,27.071428571428573,74.40758293838863,18.752374796606546,5.345264926430975,13.40710987017557,1377.7508398618445,1189.7491601381555,1283.75,188.001679723689,-25.0,82.53150661315962,86.39615117857358,74.80221748233171,72.64056648632969,41.424802110817936,7.651715039577837,34.93490735270012,81.75576968801867,1382.0,1368.0,1228.0,0,0,284671.3,15552878,1283.87653813363,0.1935483870967742,0.8064516129032258,0.5806451612903226,10790032.258064518,-1.8274853801169777,-7.379518072289182,5.3283614226668226,-1.5247739592948262,53.96340114993365,26.137407061309066,1.0,0.6,236993.4,-21683.0,-8.681569032547376,0.06890246557459571,1.3091016659357408,0.5,0.0
2020-05-18,,,,1357.2,1332.0,1289.75,1318.8833333333334,1309.3970614592347,26.857142857142858,81.33333333333333,21.390812716633263,8.554374484471433,12.83643823216183,1389.5516453824678,1189.9483546175322,1289.75,199.60329076493554,-8.609271523178808,84.48529012305879,85.75919749340198,81.93747538237238,76.53813186075847,39.89361702127659,7.712765957446809,38.818496790958356,98.76266666666666,1231.0,1369.0,1228.0,1,0,272324.35,15813791,1292.0059509918963,0.8333333333333334,0.16666666666666666,0.8666666666666667,8697100.0,0.0,-7.379518072289182,5.159594584837242,-1.5247739592948262,56.75969962453068,26.137407061309066,1.0,0.65,236965.3,-8300.0,-3.6391378312492284,0.06903987134551788,1.2775379114105507,0.2,1.0
2020-05-19,,,,1363.6,1342.8,1297.1,1318.4,1315.8354365583552,27.0,80.28169014084507,23.852371625866454,11.613973912750438,12.238397713116015,1399.9783645609316,1194.2216354390682,1297.1,205.75672912186337,-12.101910828025478,83.6820173147436,85.06680410051585,80.9124437431991,84.08468036052963,45.50264550264551,7.6719576719576725,43.60783331635144,95.44788732394366,1231.0,1377.0,1228.0,1,0,274116.25,16158557,1300.965044939875,0.2692307692307692,0.7307692307692307,0.3076923076923077,13260230.76923077,0.0,-4.923076923076941,6.6772093609060335,-1.3603474140935519,64.86968085106382,26.137407061309066,1.0,0.7,237972.2,6747.0,3.069943942923703,0.06276650610909565,1.4120670039883942,0.5,1.0
2020-05-20,,,,1365.8,1351.0,1302.5,1317.5833333333333,1321.8511092670833,26.5,79.20792079207921,25.668665681523635,14.424912266505078,11.243753415018556,1410.804638574888,1194.195361425112,1302.5,216.60927714977606,-10.828025477707007,82.89423864938951,84.34261561680707,79.99748471455439,72.39787414679107,41.23989218328841,7.816711590296497,47.98308769160581,92.06336633663366,1231.0,1379.0,1228.0,1,0,263170.15,16384049,1307.8090600320743,0.5294117647058824,0.47058823529411764,0.11764705882352941,13264235.294117646,0.0,-4.923076923076941,5.476411099779669,-1.3603474140935519,66.04085603112841,26.137407061309066,0.0,0.7,236663.5,-3295.0,-1.4545984292985703,0.0635032005085497,1.2922945560263002,0.2,0.0
2020-05-21,,,,1371.2,1358.8,1309.1,1316.9,1328.151003622599,26.285714285714285,87.11340206185567,27.517116401123758,17.043353093428813,10.473763307694945,1421.4844904077313,1196.7155095922685,1309.1,224.76898081546278,-5.161290322580645,85.49538390579455,84.72687171313623,87.03240829111121,68.6320622355051,42.66304347826087,4.076086956521739,53.84491116999476,100.0,1231.0,1388.0,1228.0,1,0,257762.75,16582500,1313.57254367954,0.8421052631578947,0.15789473684210525,0.47368421052631576,10444789.47368421,0.0,-4.923076923076941,7.031991422302811,-1.3603474140935519,66.04085603112841,26.137407061309066,0.0,0.75,234537.5,-4367.0,-1.956295805185726,0.061141477526479734,1.2185263157863422,0.0,0.0
2020-05-22,,,,1375.4,1363.4,1315.5,1315.7,1331.5651937537802,26.285714285714285,75.62189054726369,26.7372174902564,18.982125972794332,7.755091517462066,1424.895468009637,1206.104531990363,1315.5,218.7909360192739,-23.18840579710145,73.66358927052971,81.03911089893407,58.912546013721,53.32852952022253,38.858695652173914,7.065217391304349,58.45618774388816,67.06828850454059,1396.0,1388.0,1228.0,0,0,259377.7,16276828,1321.0546896154399,0.09375,0.90625,0.75,9552250.0,-1.729106628242083,-4.879938032532916,6.85616454301272,-1.3671849111107508,66.04085603112841,26.137407061309066,0.0,0.8,233997.8,-1980.0,-0.9046837947373043,0.06327984991729281,1.2070908546227663,0.0,0.0
2020-05-25,,,,1387.4,1372.3,1324.95,1315.7,1340.8446991105632,29.642857142857142,81.0077519379845,31.006673130001218,21.38703540423571,9.619637725765507,1439.4198995139404,1210.4801004860597,1324.95,228.93979902788078,-0.625,82.08396990795171,81.38739723527328,83.47711525330857,77.13885544157822,42.40963855421687,6.265060240963856,63.27485268943958,72.78218547498908,1270.0,1429.0,1228.0,1,0,272881.2,16791854,1333.1070142122899,0.9846153846153847,0.015384615384615385,1.0,7923476.923076923,0.0,-4.879938032532916,7.652335862827943,-1.3671849111107508,67.82679046114728,26.137407061309066,1.0,0.85,234400.8,18588.0,8.570598623208125,0.06283278251740816,1.407102433404677,0.3,0.0
2020-05-26,,,,1398.2,1380.9,1335.1,1315.8,1349.4309182428904,28.571428571428573,78.87931034482759,34.1578799915676,23.941204321702088,10.21667566986551,1449.3737249350038,1220.826275064996,1335.1,228.54744987000777,-6.622516556291391,84.85085173350627,82.54188206801761,89.46879106448361,87.84245792962874,40.5,6.5,65.89356937316214,63.294002016299004,1270.0,1431.0,1244.0,1,0,278753.0,17187045,1344.8317914067293,0.4444444444444444,0.5555555555555556,0.1111111111111111,21955055.555555556,0.0,-3.640588690937252,8.49989893432966,-1.3671849111107508,68.36558655865586,26.137407061309066,1.0,0.9,234391.1,3590.0,1.5246168285421913,0.06282130215728181,1.433326352197915,0.3,0.0
2020-05-27,,,,1406.8,1386.3,1343.8,1315.9666666666667,1356.342259362615,28.142857142857142,74.56140350877192,35.51956194873128,26.256875847107928,9.262686101623352,1456.63821674366,1230.96178325634,1343.8,225.67643348732008,-13.970588235294118,83.81082423259393,82.96486278954305,85.50274711869571,73.26692605383528,38.578680203045685,8.375634517766498,66.55386297463221,44.045603399326495,1441.0,1431.0,1244.0,0,0,280594.15,16901642,1353.290510570754,0.375,0.625,0.5625,17837687.5,-0.6289308176100628,-3.640588690937252,7.177313204690268,-1.3671849111107508,69.47033358798066,26.137407061309066,1.0,0.95,233427.35,-17779.0,-7.437076202945714,0.06395758092738296,1.4892543681096122,0.5,0.0
2020-05-28,,,,1414.8,1393.0,1352.15,1316.6166666666666,1363.1668060899851,27.928571428571427,74.3362831858407,36.66025793284848,28.33755226425604,8.322705668592441,1463.90023843137,1240.39976156863,1352.15,223.50047686274002,-9.923664122137405,84.73986220317259,83.5565292607529,87.10652808801197,67.37209899138941,35.54987212276215,8.951406649616368,67.18907168606597,32.02420112499666,1310.0,1431.0,1244.0,0,0,280258.95,17138100,1360.247831098109,0.8235294117647058,0.17647058823529413,0.35294117647058826,13909294.11764706,-0.20964360587002462,-3.640588690937252,6.851341812613459,-1.3671849111107508,73.35465159515134,26.137407061309066,1.0,0.95,232653.5,-4383.0,-1.9807483731019482,0.06611206092871162,1.5259426082660734,0.5,0.0
2020-05-29,,,,1427.8,1401.6,1361.4,1316.9,1369.4366340814151,27.0,71.70731707317073,37.21595697530097,30.113233206465026,7.1027237688359435,1465.8452009428593,1256.954799057141,1361.4,208.89040188571835,-11.009174311926605,84.82657480211506,83.97987777454028,86.51996885726462,64.19427144637346,32.27513227513227,9.788359788359788,66.97353136885394,18.03778732872855,1310.0,1431.0,1261.0,0,0,285553.75,17423837,1367.0975278734738,0.7083333333333334,0.2916666666666667,0.041666666666666664,11905708.333333334,-0.13976240391334604,-1.8274853801169777,7.987951411144066,-1.342884427664864,73.35465159515134,26.137407061309066,1.0,1.0,231874.2,-8841.0,-4.076128300529747,0.07000803027452814,1.5187358482474171,0.3,1.0
2020-06-01,,,,1429.4,1408.4,1370.2,1317.6166666666666,1375.8712403593756,27.428571428571427,72.11538461538461,37.86539688633593,31.66366594243921,6.20173094389672,1468.5047891963634,1271.8952108036367,1370.2,196.6095783927267,-9.090909090909092,86.00841420916198,84.65605658608085,88.71312945532426,70.15036806308753,34.63541666666667,9.635416666666666,67.52282425674079,2.6487426397659894,1310.0,1437.0,1269.0,1,0,292087.7,17739432,1374.2987746488468,0.5238095238095238,0.47619047619047616,0.38095238095238093,15028333.333333334,0.0,-1.8274853801169777,7.576611470526634,-1.342884427664864,73.35465159515134,26.137407061309066,1.0,1.0,231468.85,6895.0,3.3140116122582386,0.07155460105822374,1.3749325483326174,0.3,0.0
2020-06-02,,,,1432.6,1415.4,1379.1,1318.5333333333333,1382.6454079441971,26.5,70.25641025641026,38.74042363274384,33.07901748050014,5.6614061522437,1470.838530044528,1287.3614699554719,1379.1,183.47706008905607,-5.982905982905983,88.16331556596461,85.82514291270877,92.83966087247632,71.84014354608183,28.30188679245283,9.973045822102426,66.81556562960107,0.0,1310.0,1447.0,1297.0,1,0,297157.3,17995940,1380.0095630608212,0.75,0.25,0.35714285714285715,9161000.0,0.0,-1.8274853801169777,7.611672013836983,-1.342884427664864,73.35465159515134,26.137407061309066,1.0,1.0,231663.35,3923.0,1.8250671083177128,0.07070918935674882,1.2786991357332784,0.3,0.0
2020-06-03,,,,1435.8,1421.3,1386.15,1319.2666666666667,1387.9172738542736,26.0,69.54314720812184,38.26655087129461,34.11652415865903,4.150026712635579,1472.85646184864,1299.4435381513601,1386.15,173.4129236972799,-13.675213675213675,86.3741100188868,86.00813194810145,87.10606616045752,65.3149161604166,28.846153846153847,10.164835164835164,64.56261938067897,0.0,1454.0,1447.0,1310.0,0,0,296815.85,17806206,1384.929034337845,0.29411764705882354,0.7058823529411765,0.5294117647058824,11160823.529411765,-0.621976503109889,-1.8274853801169777,6.091219447492512,-1.342884427664864,73.35465159515134,26.137407061309066,1.0,1.0,230595.0,-9037.0,-4.128859526485562,0.07412793710839638,1.2015821138971545,0.3,0.0
2020-06-04,,,,1435.8,1425.3,1392.05,1319.95,1391.734676344343,25.0,72.48677248677248,36.661476190713984,34.62551456507003,2.0359616256439566,1472.7925407993246,1311.3074592006753,1392.05,161.48508159864923,-23.636363636363637,81.17824563056872,84.3981698422572,74.73839720719178,53.0983193980076,30.0,8.0,63.78244313360968,16.753458063956867,1454.0,1447.0,1318.0,0,0,296281.65,17588157,1389.821839343296,0.058823529411764705,0.9411764705882353,0.5882352941176471,12826411.764705883,-1.313061506565305,-1.8274853801169777,5.030099085274516,-1.342884427664864,73.35465159515134,26.137407061309066,1.0,1.0,228834.2,6359.0,3.0304474425387307,0.07273478885265852,1.185259166340843,0.2,0.0
2020-06-05,,,,1437.4,1432.6,1398.0,1321.0333333333333,1396.0456595496437,24.285714285714285,69.76744186046511,35.7040931652939,34.841230285114804,0.8628628801790938,1473.1083427981766,1322.8916572018234,1398.0,150.21668559635327,-18.27956989247312,73.96010026164899,80.91881331538781,60.04267415417135,49.12308083265305,29.11764705882353,10.294117647058824,62.3655451812327,1.2765589014527607,1361.0,1447.0,1340.0,0,0,294663.6,17808161,1394.5825362662147,0.8095238095238095,0.19047619047619047,0.42857142857142855,10476380.952380951,-0.6910850034554161,-1.8274853801169777,5.040772809379982,-1.342884427664864,73.35465159515134,26.137407061309066,1.0,1.0,227377.55,-4725.0,-2.185516845825086,0.07403401933054965,1.1186561387002112,0.2,0.0
2020-06-08,,,,1437.4,1433.4,1402.85,1321.9166666666667,1399.946072925868,23.785714285714285,68.29268292682927,34.5471224967705,34.78240872744595,-0.23528623067544885,1474.6429039155344,1331.0570960844655,1402.85,143.5858078310689,-18.27956989247312,69.14800334903583,76.99520999327049,53.45359006056651,49.193910882639265,24.324324324324326,10.51051051051051,60.11632331029184,0.0,1454.0,1447.0,1343.0,0,0,287182.65,17808161,1399.6414120073061,0.6,0.4,0.0,9552950.0,-0.6910850034554161,-1.8274853801169777,4.1722835274989265,-1.342884427664864,73.35465159515134,26.137407061309066,1.0,1.0,225062.15,-4486.0,-2.121331057213516,0.07223044671111073,1.009623916347448,0.0,0.0
2020-06-09,,,,1432.0,1432.3,1406.6,1322.5333333333333,1401.855970742452,24.714285714285715,61.452513966480446,31.890839237992623,34.20409482955528,-2.3132555915626583,1473.3261489025251,1339.8738510974747,1406.6,133.45229780505042,-36.55913978494624,53.07541308540374,69.02194435731491,21.1823505415814,28.71204930312268,23.410404624277454,14.161849710982658,57.00800305911445,0.0,1454.0,1447.0,1343.0,0,0,293005.75,17480764,1403.1010955131994,0.3,0.7,0.5666666666666667,10913233.333333334,-1.8659295093296446,-1.8659295093296446,3.167997597662455,-1.342884427664864,73.35465159515134,26.137407061309066,1.0,1.0,224246.7,25056.0,12.105225016305532,0.06873639911999033,1.0574241047853357,-0.4,0.0
2020-06-10,,,,1429.2,1432.5,1409.4,1323.2,1403.9649259098376,24.5,60.34482758620689,29.765365582391723,33.31634898012257,-3.550983397730846,1473.971135803398,1344.8288641966021,1409.4,129.14227160679593,-32.25806451612903,45.46112810344746,61.16833893935909,14.046706431624187,25.05547347998257,22.448979591836736,14.285714285714286,52.69829467963863,0.0,1361.0,1447.0,1343.0,0,0,281898.15,17694192,1406.9388752048685,0.5,0.5,0.25,13339250.0,-1.5894955079474693,-1.8659295093296446,2.4329645005771003,-1.342884427664864,73.35465159515134,26.137407061309066,1.0,1.0,222491.3,3565.0,1.5363664180037206,0.05074943872211305,1.057758345657046,-0.3,0.0
2020-06-11,,,,1432.6,1434.2,1413.6,1324.6,1407.8730282041388,24.571428571428573,73.68421052631578,29.436115674643133,32.54030231902669,-3.104186644383553,1475.7996784557076,1351.4003215442922,1413.6,124.39935691141545,-10.112359550561798,56.664007882918455,59.66689525387888,50.65823314099762,43.615320234983976,27.325581395348838,11.046511627906977,50.78354276488672,64.55709130523589,1361.0,1447.0,1343.0,0,0,282473.35,18024285,1411.2315814335523,0.8181818181818182,0.18181818181818182,0.6363636363636364,10002818.181818182,-0.13821700069108767,-1.8659295093296446,3.5424679895498103,-1.342884427664864,73.81462505822077,26.380368098159508,1.0,1.0,222127.1,6869.0,2.915460557031646,0.047053070821696394,1.128313878908406,0.1,0.0
2020-06-12,,,,1436.0,1436.7,1419.15,1326.45,1412.266073137078,21.857142857142858,60.869565217391305,29.560650753476466,31.944372005916644,-2.3837212524401785,1474.2261195742926,1364.0738804257076,1419.15,110.15223914858507,-18.867924528301888,64.82003041251167,61.384606973423146,71.69087729068872,63.68704109651396,22.875816993464053,12.418300653594772,47.595843042533524,2.831142568250796,1361.0,1454.0,1364.0,1,0,284740.85,18404126,1417.5420030763646,0.6428571428571429,0.35714285714285715,0.32142857142857145,13565750.0,0.0,-1.8659295093296446,4.844939606193071,-1.210324503297982,73.81462505822077,26.421448068971106,1.0,1.0,222732.05,-2300.0,-0.9485513970512449,0.05002239006632193,1.2365472703089064,0.1,0.0
2020-06-15,,,,1439.0,1438.2,1423.3,1328.1833333333334,1416.0502566478324,22.0,59.130434782608695,29.161803299531584,31.387858264639636,-2.2260549651080517,1474.8613074024108,1371.738692597589,1423.3,103.12261480482175,-24.074074074074073,68.52199558364975,63.76373651016535,78.03851373061856,65.4861108973838,19.48051948051948,12.337662337662339,44.03216833252794,0.0,1465.0,1454.0,1364.0,0,0,284478.2,18148466,1421.7120082194933,0.35,0.65,0.1,12783000.0,-0.13755158184318717,-1.8659295093296446,3.735747158272204,-1.210324503297982,73.81462505822077,26.558019912912833,1.0,1.0,223296.05,-9119.0,-3.7968148225252407,0.05046596917362481,1.2732328266277817,0.2,0.0
2020-06-16,,,,1445.6,1438.8,1427.1,1330.15,1419.5692798242292,21.642857142857142,64.48598130841123,28.596759815107134,30.82963857473314,-2.2328787596260042,1475.3925296608686,1378.8074703391312,1427.1,96.58505932173739,-22.22222222222222,71.60725631502575,66.37824311178548,82.06528272150629,59.30227792258633,19.801980198019802,10.231023102310232,41.71386887137134,35.2203072382611,1411.0,1454.0,1364.0,0,0,274682.0,18297308,1425.123716576502,0.45454545454545453,0.5454545454545454,0.09090909090909091,13531090.90909091,-0.06877579092160468,-1.8659295093296446,3.419458298500188,-1.210324503297982,73.81462505822077,28.099376028786892,1.0,1.0,223490.1,-652.0,-0.28218267433003374,0.05083172858427196,1.1202447850477073,0.3,0.0
2020-06-17,,,,1450.2,1439.7,1430.5,1332.2,1422.181729364779,21.714285714285715,58.87850467289719,27.349540449075448,30.1336189496016,-2.784078500526153,1473.856538995605,1387.143461004395,1430.5,86.71307799120996,-33.333333333333336,69.96039309890605,67.57229310749234,74.73659308173347,37.619969990807185,19.736842105263158,13.81578947368421,38.705079148585675,0.0,1465.0,1454.0,1364.0,0,0,274517.75,18075101,1427.8226811077488,0.7058823529411765,0.29411764705882354,0.35294117647058826,13071000.0,-0.4814305364511773,-1.8659295093296446,3.0530296138215753,-1.210324503297982,73.81462505822077,28.543725526757413,1.0,1.0,223490.8,-7162.0,-3.1084529782469006,0.050831495237422884,1.1381438858532338,0.2,0.0
2020-06-18,,,,1450.4,1441.5,1433.4,1334.1666666666667,1424.4501360919428,20.928571428571427,57.94392523364486,25.980926524702,29.303080464621683,-3.3221539399196836,1472.3190793420822,1394.480920657918,1433.4,77.83815868416423,-35.18518518518518,68.2452003375423,67.79659551750899,69.1424099776089,43.997780072444215,20.136518771331062,13.651877133105803,36.257421983947374,0.0,1465.0,1454.0,1364.0,0,0,272107.35,17924858,1429.9990991913057,0.23076923076923078,0.7692307692307693,0.07692307692307693,11557153.846153846,-0.5502063273727598,-1.8659295093296446,2.6137446738338013,-1.210324503297982,73.81462505822077,30.272471030378956,1.0,1.0,223368.2,-6833.0,-3.060803970579018,0.05115323865759411,1.004725139327639,0.1,0.0
2020-06-19,,,,1449.8,1442.9,1437.75,1336.9,1426.978694559377,20.5,56.730769230769226,25.011432122133556,28.444750796124058,-3.4333186739905024,1459.8013754194124,1415.6986245805876,1437.75,44.102750838824704,-25.925925925925927,70.18815824971955,68.59378309491251,73.37690855933363,56.77953365244135,17.073170731707318,14.285714285714285,32.85872917348986,0.0,1411.0,1454.0,1420.0,0,0,265011.9,18088621,1433.9235129315575,0.6,0.4,0.3333333333333333,10917533.333333332,-0.20632737276476965,-1.8659295093296446,4.157717781151573,-0.7197907865153275,73.81462505822077,30.81215702828197,1.0,1.0,223169.35,-3505.0,-1.6196184077372,0.05188184263181689,0.8422590209388376,0.1,0.0
2020-06-22,,,,1450.4,1444.7,1439.05,1339.4833333333333,1429.6473903156266,19.5,54.08163265306122,24.285914489099696,27.612983534719188,-3.327069045619492,1461.9775747562544,1416.1224252437455,1439.05,45.85514951250889,-18.51851851851852,73.32271774471099,70.17009464484534,79.62796394444229,77.51643136595501,17.58241758241758,15.018315018315016,30.000003787465854,0.0,1411.0,1455.0,1420.0,1,0,246059.25,18224594,1437.2373011784766,0.42857142857142855,0.5714285714285714,0.2857142857142857,9712357.142857144,0.0,-1.8659295093296446,2.4162190794952325,-0.7197907865153275,73.81462505822077,32.50302696752889,0.0,1.0,222135.05,1879.0,0.8825573967609746,0.05106549985237646,0.747576323085273,0.2,0.0
2020-06-23,,,,1450.6,1448.1,1440.2,1342.05,1431.966686476043,18.928571428571427,58.88888888888889,23.360954355080594,26.76257769879147,-3.4016233437108774,1463.7269162761886,1416.6730837238115,1440.2,47.053832552377116,-20.37037037037037,74.41372672342435,71.58463867103833,80.07190282819636,58.93649358463691,18.11320754716981,15.849056603773587,27.055671124823327,24.523592085235972,1465.0,1455.0,1420.0,0,0,232606.1,18098466,1438.137875647572,0.6666666666666666,0.3333333333333333,0.1111111111111111,14014222.222222222,-0.06872852233678062,-1.8659295093296446,2.1386741238384763,-0.7197907865153275,73.81462505822077,33.124334555779015,0.0,1.0,221193.35,5442.0,2.5337200802670656,0.04802782305043231,0.7329201113797746,0.1,0.0
2020-06-24,,,,1458.0,1454.1,1443.3,1345.4666666666667,1436.922240144991,20.071428571428573,75.45454545454545,24.76321118050646,26.36270439513447,-1.599493214628012,1472.4067002594431,1414.1932997405568,1443.3,58.213400518886374,-1.3513513513513513,82.27581781561622,75.14836505256429,96.53072334172009,120.6793467087883,27.04626334519573,12.811387900355871,25.47135318712193,100.00000000000001,1411.0,1484.0,1420.0,1,0,231879.95,18369346,1441.1241837999935,0.9696969696969697,0.030303030303030304,0.9090909090909091,8208484.848484848,0.0,-1.8659295093296446,4.725766478986481,-0.7197907865153275,74.35054313635028,38.99506458048934,0.0,1.0,221349.55,4179.0,1.8976047224429582,0.048103621839615224,0.7752690777909917,0.2,0.0
2020-06-29,,,,1463.4,1456.9,1445.55,1348.7166666666667,1440.3582172740396,19.642857142857142,66.07142857142857,24.702150731133315,26.030593662334244,-1.3284429312009287,1476.571045487716,1414.528954512284,1445.55,62.042090975432075,-16.216216216216218,80.18387854374416,76.82686954962423,86.897896531984,104.41849368190546,27.63636363636364,10.545454545454547,25.257118239411504,56.09809027777778,1485.0,1484.0,1420.0,0,0,227144.55,18227596,1443.0343612323811,0.3333333333333333,0.6666666666666666,0.9166666666666666,11812500.0,-0.7412398921832875,-1.8659295093296446,3.322706001736207,-0.7633289066207481,74.35054313635028,40.6936612253551,0.0,1.0,221187.4,-10750.0,-4.7904671930981575,0.048571273378124315,0.7691092793686161,0.2,0.0
2020-06-30,,,,1468.6,1459.2,1447.95,1351.9166666666667,1443.8479108669883,19.357142857142858,67.24137931034483,24.69189367557169,25.762853664981733,-1.0709599894100421,1480.9442578735243,1414.9557421264758,1447.95,65.9885157470485,-12.0,80.90689942131964,78.18687950685603,86.34693925024686,99.47272532304149,28.413284132841326,10.701107011070112,25.65910727184946,61.572078544061306,1411.0,1484.0,1420.0,0,0,221961.25,18409667,1445.5726717313646,0.4375,0.5625,0.25,11379437.5,-0.4716981132075526,-1.8659295093296446,3.534170388733986,-0.7633289066207481,74.35054313635028,41.423114650049044,0.0,1.0,222144.9,13552.0,6.34296572963764,0.04662667444503314,0.7755414042159269,0.5,0.0
2020-07-01,,,,1475.6,1463.0,1450.6,1355.2333333333333,1448.2433479272752,18.571428571428573,81.25,25.439505456250572,25.698184023235502,-0.25867856698492986,1488.0975086890815,1413.1024913109184,1450.6,74.99501737816308,-2.6315789473684212,86.1016756376049,80.82514488377232,96.65473714527005,102.48873360091244,31.923076923076923,5.769230769230768,28.857133735182042,100.0,1411.0,1490.0,1420.0,1,0,213681.0,18559657,1447.6141250274943,0.8947368421052632,0.10526315789473684,0.6842105263157895,7894210.526315789,0.0,-1.8659295093296446,3.810200814280754,-0.7633289066207481,74.43834705246529,41.608365394100815,0.0,1.0,223230.85,9464.0,4.165382956436003,0.04791875367989756,0.7756774279369807,0.5,0.0
2020-07-02,,,,1484.2,1467.4,1453.1,1359.0333333333333,1452.886838600868,18.714285714285715,81.73913043478261,26.29373684616985,25.81729458782237,0.476442258347479,1495.8816980051458,1410.318301994854,1453.1,85.56339601029185,-5.9523809523809526,87.95667264729215,83.2023208049456,97.46537633198523,106.15045123321134,35.49618320610687,5.725190839694656,32.428562306610615,100.0,1411.0,1497.0,1420.0,1,0,210112.8,18744801,1449.99483348944,0.7222222222222222,0.2777777777777778,0.3888888888888889,10285777.777777778,0.0,-1.8659295093296446,3.605793454416452,-0.7633289066207481,74.74003189792663,44.56853533771793,0.0,1.0,224580.2,9191.0,3.8834664300502864,0.052395643774832745,0.8117414349740745,0.9,0.0
2020-07-03,,,,1485.4,1471.7,1455.7,1362.5333333333333,1456.4214254007854,17.428571428571427,72.27722772277228,26.104958170509235,25.874827304359744,0.23013086614949074,1500.8714861155543,1410.5285138844458,1455.7,90.34297223110843,-17.91044776119403,85.3044484315281,83.90303001380644,88.10728526697142,88.3302060538689,30.32786885245902,6.147540983606557,34.13341176426907,65.78901393507977,1502.0,1497.0,1420.0,0,0,207420.65,18608910,1451.8454520640385,0.2,0.8,0.4666666666666667,9059400.0,-0.4676018704074858,-1.8659295093296446,3.8056925143805262,-0.7633289066207481,74.74003189792663,45.35541838559923,0.0,1.0,225815.65,-11315.0,-4.602193922582276,0.05061620042098381,0.6861954904692106,0.8,0.0
2020-07-06,,,,1491.4,1477.4,1459.45,1367.2166666666667,1460.8574801245202,16.928571428571427,73.33333333333333,26.69659928592614,26.039181700673023,0.6574175852531177,1507.3115327354067,1411.5884672645934,1459.45,95.72306547081325,-5.555555555555555,87.94307861536902,85.24971288099397,93.32981008411912,87.92799941855495,27.848101265822788,6.751054852320675,36.37241034473106,69.60752860656613,1435.0,1503.0,1420.0,1,0,204012.45,18758795,1454.572498802565,0.8095238095238095,0.19047619047619047,0.6190476190476191,7137380.952380952,0.0,-1.8659295093296446,5.566364230386139,-0.7633289066207481,74.74003189792663,48.15544964122978,0.0,1.0,226938.35,4104.0,1.7497633726433204,0.05084012351858185,0.6791150438955735,0.9,0.0
2020-07-07,,,,1501.4,1485.0,1463.95,1371.9833333333333,1467.1567677317087,17.714285714285715,79.5275590551181,28.77043093719658,26.585431547977738,2.1849993892188415,1519.2671715986737,1408.6328284013264,1463.95,110.63434319734733,-4.166666666666667,90.35562670743477,86.95168415647424,97.16351180935578,109.41848084093004,35.887096774193544,6.451612903225806,39.734898197014836,92.00371849572699,1435.0,1527.0,1420.0,1,0,207280.85,19044167,1460.1929648429493,0.8709677419354839,0.12903225806451613,0.7741935483870968,9205548.387096774,0.0,-1.8659295093296446,6.146262549031011,-0.7633289066207481,75.4880144730891,49.77049180327869,0.0,1.0,229761.1,29276.0,12.267337104546417,0.06163716050014992,0.7318685076478102,0.9,0.0
2020-07-08,,,,1509.4,1492.5,1468.6,1376.75,1473.141837471546,18.142857142857142,79.84496124031008,30.306675895460558,27.329680417474304,2.9769954779862537,1529.7104263650579,1407.489573634942,1468.6,122.2208527301159,-6.862745098039215,90.82531976574083,88.24289602622977,95.99016724476297,106.22970087651332,37.40157480314961,6.299212598425196,42.54225814723193,93.15133563628318,1435.0,1530.0,1420.0,1,0,206324.0,19216089,1464.1952653754936,0.5882352941176471,0.4117647058823529,0.17647058823529413,10113058.823529413,0.0,-1.8659295093296446,6.365217319208697,-0.7633289066207481,75.83084577114428,51.77474402730376,0.0,1.0,232414.4,-7875.0,-2.9392444182348876,0.06296193631659536,0.7373399366892429,0.6,0.0
2020-07-09,,,,1518.6,1501.4,1474.75,1381.7333333333333,1479.7949958075894,18.357142857142858,85.29411764705883,32.20194843090417,28.304134020160276,3.897814410743891,1539.8907383245423,1409.6092616754577,1474.75,130.28147664908465,-4.716981132075472,91.77384186914367,89.41987797386774,96.48176965969552,105.56854440016784,41.245136186770424,1.1673151750972761,48.03142629155388,100.0,1435.0,1543.0,1424.0,1,0,200101.25,19419031,1471.293791518044,0.7619047619047619,0.23809523809523808,0.6190476190476191,9663904.761904761,0.0,-1.5894955079474693,9.299809283409964,-0.4812837714962759,77.10919540229885,52.73324829638823,0.0,1.0,234170.0,7102.0,2.731002764842283,0.07073864367163628,0.7386606781511189,0.6,0.0
2020-07-10,,,,1529.0,1507.2,1480.65,1386.5,1485.7192819211523,18.428571428571427,85.29411764705883,33.24010271444649,29.29132775901752,3.9487749554289735,1547.7815283995226,1413.5184716004776,1480.65,134.263056799045,-5.660377358490566,91.95179201532655,90.26384932102067,95.32767740393831,95.41616003612306,39.53488372093023,1.1627906976744187,53.395268798253525,100.0,1548.0,1543.0,1445.0,0,0,199502.7,19217574,1477.3598185220887,0.5714285714285714,0.42857142857142855,0.07142857142857142,14389785.714285715,-0.06480881399871796,-0.7412398921832875,8.820460373383074,-0.4812837714962759,78.9450324342779,53.579909369383046,0.0,1.0,235595.65,-3034.0,-1.135678805777962,0.07585237302196092,0.7753350773643556,0.6,0.0
2020-07-13,,,,1546.6,1519.0,1487.95,1393.0333333333333,1495.7460169762808,21.785714285714285,88.88888888888889,37.58349877460705,30.94976196213543,6.633736812471621,1569.0567522660758,1406.8432477339243,1487.95,162.21350453215155,-7.741935483870968,91.55760493329463,90.69510119177866,93.28261241632657,121.16616841206903,51.147540983606554,0.6557377049180327,59.72237347978859,100.0,1448.0,1591.0,1446.0,1,0,206859.5,19694803,1492.1476068700415,0.8064516129032258,0.1935483870967742,0.7903225806451613,7697241.935483871,0.0,-0.7412398921832875,8.331626197262604,-0.4812837714962759,79.27184844468698,54.0171858216971,1.0,1.0,236491.3,-3731.0,-1.4126208262184803,0.07892326249275437,1.016276572426885,0.3,0.0
2020-07-14,,,,1561.0,1531.2,1495.2,1399.3666666666666,1505.5797296452063,23.142857142857142,89.13043478260869,41.196319063626106,32.999073382433565,8.197245681192541,1588.5304260198423,1401.8695739801578,1495.2,186.6608520396844,-11.695906432748538,89.43346501725816,90.27455580027183,87.75128345123079,119.6054931245777,51.23456790123457,0.6172839506172839,66.13336484262585,100.0,1448.0,1599.0,1446.0,1,0,208623.15,20109917,1506.7259166428398,0.3939393939393939,0.6060606060606061,0.24242424242424243,12579212.121212121,0.0,-0.7412398921832875,8.23366186972365,-0.4812837714962759,79.5910394921565,54.63985594237695,1.0,1.0,237357.55,-2888.0,-1.109114091279173,0.08105014489841113,1.1256722143158313,0.0,1.0
2020-07-15,,,,1576.0,1542.7,1502.85,1405.3,1515.0483268218534,24.0,89.94708994708995,44.036035027232174,35.206465711393285,8.829569315838889,1605.8518395338692,1399.8481604661306,1502.85,206.00367906773863,-8.383233532934131,89.44687141501421,89.99866100518595,88.34329223467071,101.32656516740222,49.404761904761905,0.2976190476190476,72.71448830997686,100.0,1448.0,1605.0,1446.0,1,0,207715.6,20347426,1515.455809690429,0.6666666666666666,0.3333333333333333,0.2857142857142857,11309952.380952382,0.0,-0.7412398921832875,8.777032841451543,-0.4812837714962759,79.93230702041708,56.34049773755656,1.0,1.0,238588.8,-1819.0,-0.7064077669902913,0.08214122280904441,1.1792358701053192,0.0,0.0
2020-07-16,,,,1586.8,1552.7,1510.05,1411.4166666666667,1522.853248076915,22.714285714285715,83.83233532934132,45.12087192148488,37.18934695341161,7.931524968073269,1618.374026590755,1401.725973409245,1510.05,216.64805318151002,-14.666666666666666,87.45079648218993,89.14937283085395,84.05364378486186,85.24821582807755,43.39622641509434,0.31446540880503143,77.20355012175193,74.38917179491432,1619.0,1605.0,1446.0,0,0,212017.2,20112552,1522.2823980790238,0.26666666666666666,0.7333333333333333,0.5333333333333333,15658266.666666666,-0.4984423676012373,-0.7412398921832875,8.08400404293552,-0.5105822438303503,80.42690250027296,57.701294033069736,1.0,1.0,239936.5,1677.0,0.6558954321987054,0.08306147207424153,1.2098335148507242,-0.4,1.0
2020-07-17,,,,1607.6,1568.3,1520.0,1417.6666666666667,1534.581510164828,26.0,92.1951219512195,49.3654492953699,39.62456742180327,9.740881873566629,1639.8806423950298,1400.1193576049702,1520.0,239.76128479005956,-6.382978723404255,89.1022187518397,89.13365480451587,89.03934664648736,100.12301123721176,51.64835164835165,0.2747252747252747,81.07354256317295,100.0,1470.0,1646.0,1446.0,1,0,229928.45,20692984,1540.17594437168,0.7966101694915254,0.2033898305084746,0.8305084745762712,9837830.508474577,0.0,-0.7412398921832875,9.608380660972262,-0.5105822438303503,81.0562015503876,58.691588785046726,2.0,1.0,242682.75,20809.0,8.085623916878436,0.08755694792695908,1.4746096210174937,-0.3,0.0
2020-07-20,,,,1616.8,1581.7,1529.55,1424.0166666666667,1544.3356520538919,26.285714285714285,88.09523809523809,51.410454938209796,41.98174492508458,9.428710013125219,1654.915108887234,1404.1848911127659,1529.55,250.7302177744682,-11.35135135135135,87.66234873311052,88.64321944738076,85.70060730457001,89.14868806931297,49.72826086956522,0.2717391304347826,84.9042586067684,79.41607777931733,1658.0,1646.0,1451.0,0,0,238061.0,20380090,1549.4370949742572,0.5,0.5,0.45,15644700.0,-0.5467800729040184,-0.7412398921832875,9.07176623742637,-0.5565030638679713,81.26666666666667,58.886812045690554,2.0,1.0,244879.85,-17816.0,-6.404785614397102,0.08433648844031155,1.3484206009339008,-0.1,0.0
2020-07-21,,,,1634.8,1597.9,1541.45,1431.5666666666666,1558.1132090011404,29.071428571428573,89.95983935742971,56.57494135424463,44.90038421091659,11.674557143328038,1679.9190351096688,1402.9809648903313,1541.45,276.93807021933753,-2.843601895734597,90.58442296493082,89.29028728656411,93.17269432166427,101.54968617372417,55.282555282555286,0.24570024570024568,87.02763640289318,88.77751549359417,1484.0,1689.0,1454.0,1,0,257333.45,20929302,1565.9646199642266,0.8909090909090909,0.10909090909090909,0.9454545454545454,9985672.727272728,0.0,-0.7412398921832875,9.894716447280311,-0.5565030638679713,81.41184433164128,59.08212560386473,3.0,1.0,247610.0,7156.0,2.7485970862412668,0.07994049645734351,1.436617009483014,0.2,0.0
2020-07-22,,,,1653.0,1614.5,1553.5,1439.1666666666667,1571.245284334365,32.214285714285715,89.95983935742971,60.534867277300464,48.02728082419337,12.507586453107095,1701.8828618277817,1405.1171381722183,1553.5,296.7657236555633,-18.91891891891892,85.98203237156525,88.18753564823116,81.57102581823344,105.89174250799199,58.758314855875824,0.22172949002217293,88.95805769421672,88.77751549359417,1484.0,1696.0,1454.0,1,0,295985.3,21838312,1590.3085864399347,0.20967741935483872,0.7903225806451613,0.11290322580645161,14661451.612903226,0.0,-0.7412398921832875,10.004483045508085,-0.5565030638679713,81.728536746855,60.10194902548725,3.0,1.0,249273.85,-19447.0,-7.269716306489171,0.07311616740918346,1.9837268644659634,0.2,1.0
2020-07-23,,,,1669.4,1628.1,1564.75,1446.6833333333334,1581.5076382072825,36.857142857142854,86.48648648648648,61.59139194889917,50.74010304913453,10.85128889976464,1715.4688040515473,1414.0311959484527,1564.75,301.4376081030946,-25.482625482625483,79.87037452221998,85.41514860622743,68.78082635420506,82.87478094958085,51.35658914728682,5.620155038759691,89.95662726650791,69.73438956197579,1745.0,1696.0,1473.0,0,0,347480.45,20682281,1609.3282864306946,0.3,0.7,0.2125,14450387.5,-1.0023584905660354,-1.0023584905660354,9.033587221614598,-0.7542958221024249,82.15777141369436,60.76461769115442,3.0,1.0,250246.7,-8378.0,-3.377408691445616,0.06824006473341167,2.765837112101833,0.5,1.0
2020-07-24,,,,1672.8,1640.2,1573.7,1453.6,1589.2688155208746,38.07142857142857,80.53435114503817,60.440903962842185,52.68026323187607,7.7606407309661165,1725.4839184325158,1421.9160815674843,1573.7,303.5678368650315,-33.46938775510204,69.38947400013826,80.07325707086437,48.02190785868606,60.349770359234455,48.78048780487806,6.754221388367731,91.00663197504922,7.947796258662519,1745.0,1696.0,1473.0,0,0,370205.3,19956904,1619.745614347859,0.42105263157894735,0.5789473684210527,0.42105263157894735,19088868.42105263,-1.9457547169811296,-1.9457547169811296,7.098942962215954,-0.9554186987987012,82.15777141369436,61.33592421666262,3.0,1.0,250095.65,-18299.0,-7.63469930991898,0.06928936293207463,3.003824923363513,0.4,0.0
2020-07-27,,,,1679.0,1647.9,1583.45,1460.3833333333334,1596.7670235665057,39.142857142857146,79.01234567901234,59.24959965510152,53.99413051652116,5.255469138580359,1733.0339493218723,1433.8660506781277,1583.45,299.1678986437446,-34.22222222222222,62.92631600009218,74.35761004727364,40.06372790572925,61.920296034186386,46.71532846715328,6.569343065693431,91.4222502771646,0.0,1520.0,1696.0,1477.0,0,0,395023.4,20595016,1627.0058937858705,0.1956521739130435,0.8043478260869565,0.10869565217391304,13872000.0,-1.6509433962264008,-1.9457547169811296,7.955611076851374,-0.9554186987987012,82.15777141369436,63.87928784002507,3.0,1.0,250494.3,244.0,0.11021623159863658,0.06594683059067323,3.3393049173789877,0.5,0.0
2020-07-28,,,,1678.4,1656.6,1593.9,1467.75,1605.2654022744578,39.857142857142854,80.23255813953489,59.07692990225519,55.01069039366797,4.066239508587216,1741.358325959331,1446.441674040669,1593.9,294.91665191866196,-27.06422018348624,62.345614175500046,70.35361142334911,46.32961967980194,57.3818627686977,44.80286738351255,6.451612903225808,91.68325053816486,9.256111423927312,1520.0,1696.0,1490.0,0,0,407328.45,21023188,1633.0762729684116,0.8888888888888888,0.1111111111111111,0.6666666666666666,15858222.222222222,-0.5896226415094241,-1.9457547169811296,8.45924104835647,-0.9554186987987012,82.15777141369436,64.64187711274607,3.0,1.0,250360.15,2896.0,1.3066999959391312,0.06681556493956368,3.310095781923915,0.5,0.0
2020-07-29,,,,1673.6,1663.3,1603.0,1474.6,1611.6210782483188,42.357142857142854,74.9034749034749,57.151596849144426,55.438871684763264,1.7127251643811618,1745.8521502886697,1460.1478497113303,1603.0,285.7043005773394,-34.59715639810427,58.23040945033337,66.31254409901052,42.066140152979074,53.010761712042104,44.18212478920743,7.082630691399663,90.10275112449304,0.0,1745.0,1696.0,1490.0,0,0,441736.4,20185039,1640.0418564102936,0.2857142857142857,0.7142857142857143,0.25,14966946.42857143,-1.4150943396226245,-1.9457547169811296,7.141125669973927,-0.9554186987987012,82.15777141369436,65.7933130699088,3.0,1.0,248865.8,-17740.0,-7.901194977797377,0.07703642856835771,3.387856129473137,0.7,0.0
2020-07-30,,,,1675.0,1672.2,1612.45,1481.55,1618.7047850818121,42.714285714285715,76.47058823529412,56.10865389472269,55.572828126755155,0.5358257679675376,1750.7090627085397,1474.1909372914604,1612.45,276.5181254170793,-28.92156862745098,55.48693963355558,62.704009277192206,41.052800346282325,50.55148288245003,43.812709030100336,7.023411371237458,88.53723017927287,9.062834370214707,1541.0,1696.0,1490.0,0,0,451117.0,20557795,1644.820463353557,0.7222222222222222,0.2777777777777778,0.7777777777777778,20708666.666666668,-0.589622641509413,-1.9457547169811296,7.360211449213975,-0.9554186987987012,82.15777141369436,67.00738916256158,3.0,1.0,246551.45,-7209.0,-3.4862633775503804,0.08971992716618514,2.7967704834158065,0.5,0.0
2020-07-31,,,,1680.8,1676.8,1622.55,1488.1333333333334,1625.685281740687,40.642857142857146,72.0524017467249,55.1307509658202,55.48441269456817,-0.35366172874797286,1752.4025074236215,1492.6974925763784,1622.55,259.7050148472431,-33.333333333333336,53.499229596973564,59.63574938378599,41.22619002334869,48.09975192981305,37.78558875219684,8.611599297012301,86.06654685415914,0.0,1541.0,1696.0,1503.0,0,0,465970.9,20990764,1648.9318976070535,0.7878787878787878,0.21212121212121213,0.18181818181818182,13120272.727272728,-0.2358490566037319,-1.9457547169811296,8.002002553872709,-0.9554186987987012,82.15777141369436,67.00738916256158,3.0,1.0,244320.9,-9639.0,-4.829787447262667,0.10396512855594277,2.5973692020189283,0.3,0.0
2020-08-03,,,,1697.8,1688.4,1635.05,1495.5166666666667,1637.8104930034788,42.642857142857146,77.30496453900709,58.602413902254284,56.108012936105396,2.4944009661488877,1764.5778470364028,1505.5221529635971,1635.05,259.05569407280564,-0.0,68.99948639798237,62.75699505518479,81.48446908357752,76.85215105011517,42.3785594639866,8.207705192629815,83.91873408666804,26.07673014844412,1541.0,1753.0,1527.0,1,0,493273.25,21686696,1657.1217000584024,1.0,0.0,1.0,11408721.311475411,0.0,-1.9457547169811296,8.611948332325474,-0.9554186987987012,82.15777141369436,67.00738916256158,4.0,1.0,242782.4,17945.0,9.447969042040704,0.10982225193607723,2.6910776704402233,0.3,1.0
2020-08-04,,,,1723.6,1701.0,1649.45,1503.8,1654.6856841460046,45.857142857142854,81.06508875739645,65.60041291054631,58.00649293099358,7.59391997955273,1791.800900760618,1507.099099239382,1649.45,284.7018015212361,-1.7699115044247788,78.55779713353863,68.02392908130274,99.6255332380104,108.80514604567742,49.688473520249225,7.632398753894082,82.10210337294022,44.744140409895984,1541.0,1815.0,1530.0,1,0,523668.35,22579970,1672.7778717834167,0.9365079365079365,0.06349206349206349,0.9841269841269841,14178952.380952382,0.0,-1.9457547169811296,8.946883061083334,-0.9554186987987012,82.15777141369436,68.08242220353239,5.0,1.0,238040.85,-34785.0,-16.733211468154707,0.12669692957198284,3.341791690709696,0.0,1.0
2020-08-05,,,,1752.8,1713.2,1663.85,1511.7666666666667,1670.2394285130517,47.42857142857143,83.18318318318319,70.57490885253492,60.52017611530185,10.054732737233067,1813.4083322213537,1514.2916677786461,1663.85,299.1166644427076,-3.0973451327433628,84.39433666580477,73.48073160947008,106.22154677847416,103.50309898168283,48.945783132530124,7.379518072289156,80.33322054184832,55.25957429510732,1541.0,1818.0,1542.0,1,0,541070.0,23099925,1681.6714742085128,0.8108108108108109,0.1891891891891892,0.08108108108108109,14052837.837837838,0.0,-1.9457547169811296,8.926820020563303,-0.9554186987987012,83.31301361241482,68.08242220353239,5.0,1.0,233536.95,-3122.0,-1.8036338426875465,0.14244076766250247,3.1429450102465903,-0.2,1.0
2020-08-06,,,,1787.2,1731.1,1679.6,1520.3166666666666,1688.121387702285,48.142857142857146,82.71604938271605,76.858916683409,63.78792422892329,13.070992454485719,1841.4152292617823,1517.7847707382175,1679.6,323.6304585235648,-6.854838709677419,87.00870541799466,77.9900562123116,105.04600382936081,109.50519852328114,48.21958456973294,7.270029673590504,78.53714857770913,59.54870745782508,1541.0,1858.0,1542.0,1,0,567470.8,23830883,1694.7787552240572,0.7605633802816901,0.23943661971830985,0.5633802816901409,10295183.09859155,0.0,-1.9457547169811296,9.446051819192226,-0.9554186987987012,83.31301361241482,68.08242220353239,5.0,1.0,228513.4,-3291.0,-1.9361898654492227,0.1550757929619182,3.646462254860353,-0.2,1.0
2020-08-07,,,,1829.8,1755.3,1697.75,1529.2666666666667,1708.7764936354006,50.857142857142854,87.01657458563535,84.65568730094947,67.96147684332853,16.69421045762094,1875.2518161508,1520.2481838492,1697.75,355.0036323016002,-0.0,91.33913694532978,82.43974978998432,109.13791125602074,114.64453189986433,49.859550561797754,6.882022471910113,76.88211506193521,83.56400934751872,1541.0,1905.0,1591.0,1,0,594672.5,24576374,1709.3428955153188,1.0,0.0,0.8103448275862069,12853293.103448275,0.0,-1.9457547169811296,10.615583515487106,-0.9554186987987012,84.12469179288482,68.08242220353239,5.0,1.0,223921.15,5592.0,3.3548913499958033,0.16306910939273572,4.05602072669963,0.1,1.0
2020-08-10,,,,1851.6,1774.7,1711.3,1537.6166666666666,1723.3692085272671,51.5,74.5042492917847,86.36933166169001,71.64304780700083,14.726283854689186,1895.7298183448843,1526.8701816551156,1711.3,368.85963668976865,-16.98841698841699,88.35942463021985,84.4129747367295,96.25232441720055,91.56468904769281,42.71844660194175,7.905686546463245,74.7144064219269,13.691783259901603,1906.0,1905.0,1597.0,0,0,608267.35,23827248,1724.3136851199836,0.34328358208955223,0.6567164179104478,0.6417910447761194,11180985.074626865,-2.257217847769033,-2.257217847769033,7.541702759389389,-1.0651014584261853,84.12469179288482,68.08242220353239,4.0,1.0,217485.6,-40597.0,-23.565366799400955,0.1877637478093714,4.524292676120813,0.0,1.0
2020-08-11,,,,1878.6,1801.1,1728.85,1547.7333333333333,1744.9530934294323,54.642857142857146,79.26267281105991,93.74760765188057,76.06395977597677,17.6836478759038,1933.929984396308,1523.7700156036917,1728.85,410.1599687926164,-5.607476635514018,90.25286145325914,86.35960364223938,98.03937707529869,104.52747536384405,41.830065359477125,7.450980392156862,72.60820305826955,48.18355910449373,1647.0,1950.0,1597.0,1,0,625967.1,24596357,1740.8227288888932,0.8301886792452831,0.16981132075471697,0.8301886792452831,7255745.2830188675,0.0,-2.257217847769033,8.46717441892898,-1.0651014584261853,84.12469179288482,68.08242220353239,5.0,1.0,210494.6,-13997.0,-10.629798674028113,0.21541892572320087,4.799292048574754,0.0,1.0
2020-08-12,,,,1883.2,1818.0,1740.65,1555.6,1754.1004178647245,61.07142857142857,65.39923954372624,89.76480271368905,78.80412836351923,10.960674350169825,1942.8633058248677,1538.4366941751325,1740.65,404.42661164973515,-39.56386292834891,79.484247591356,84.06781829194492,70.31710619017815,50.887126033227446,37.42690058479533,12.982456140350878,70.33818666589887,0.0,1968.0,1950.0,1597.0,0,0,710046.8,22677254,1755.5450883660062,0.6288659793814433,0.3711340206185567,1.1237113402061856,19784567.01030928,-5.589743589743589,-5.589743589743589,4.7206881471402005,-2.423844134867761,84.12469179288482,67.00738916256158,6.0,1.0,218652.05,301150.0,255.90584636301833,0.29508733367384565,5.103894546060447,-0.1,0.0
2020-08-13,,,,1881.4,1834.3,1753.25,1563.4666666666667,1763.1384733061793,62.714285714285715,67.95366795366795,86.25958741779891,80.29522017437516,5.964367243423752,1949.0790070443848,1557.4209929556152,1753.25,391.6580140887695,-38.14102564102564,71.95085105124217,80.02882921171067,55.794894730305145,52.556154481058854,36.44646924829157,11.731207289293849,68.5970838609663,11.81657408274186,1656.0,1950.0,1637.0,0,0,800619.45,24723581,1769.3110660543325,0.5901639344262295,0.4098360655737705,0.13114754098360656,33546344.262295082,-5.179487179487186,-5.589743589743589,5.061488011374151,-2.423844134867761,84.12469179288482,67.00738916256158,6.0,1.0,233299.8,131483.0,31.39292791824846,0.42101580748544765,4.9705213150412,0.2,0.0
2020-08-14,,,,1867.2,1848.5,1762.65,1571.05,1769.8871901341624,61.42857142857143,65.71969696969697,81.3337396797906,80.50292407545825,0.8308156043323436,1954.8168956648447,1570.4831043351555,1762.65,384.3337913296891,-42.94871794871795,60.231384977557674,73.42968113365967,33.83479266535369,45.3750617095633,34.883720930232556,11.97674418604651,66.70714878499497,1.4824094891875679,1968.0,1950.0,1637.0,0,0,823993.75,23675663,1778.6024116283245,0.14285714285714285,0.8571428571428571,0.5357142857142857,37425642.85714286,-5.9487179487179525,-5.9487179487179525,3.837890249593763,-2.423844134867761,84.12469179288482,66.00108225108225,5.0,1.0,246241.35,-13315.0,-2.419532157154203,0.48426860907764246,4.495337518028273,0.1,0.0
2020-08-17,,,,1865.0,1858.3,1773.35,1578.7666666666667,1777.6122196451945,62.785714285714285,65.65464895635674,77.90370239582649,79.9830797395319,-2.079377343705417,1959.805328359566,1586.894671640434,1773.35,372.910656719132,-37.5,52.74290913397462,66.534090467098,25.16054646772787,40.230993211377736,34.129692832764505,13.993174061433448,64.35134855685432,1.1815027714347839,1656.0,1950.0,1663.0,0,0,872584.6,24960374,1785.58740718856,0.8913043478260869,0.10869565217391304,0.3695652173913043,27928500.0,-5.076923076923068,-5.9487179487179525,4.360764521228775,-2.423844134867761,83.31301361241482,65.70668736702892,5.0,1.0,263140.6,61338.0,11.422388910200777,0.5432299008356558,3.7869418510245425,0.2,0.0
2020-08-18,,,,1846.6,1862.6,1781.8,1587.0,1785.2681987266046,61.642857142857146,67.88461538461539,74.88696432553161,78.96385665673185,-4.076892331200241,1967.4761186922563,1596.1238813077437,1781.8,371.3522373845126,-36.42384105960265,48.9917266566923,60.686635863629434,25.60190824281804,48.28547082832442,35.341830822711465,13.557358053302433,62.364301555464586,11.49714262220943,1656.0,1950.0,1663.0,0,0,918261.95,26423133,1794.9906177643536,0.35,0.65,0.175,36568975.0,-4.717948717948717,-5.9487179487179525,3.52718107847468,-2.423844134867761,83.31301361241482,65.70668736702892,4.0,1.0,282147.3,49305.0,8.240353246336497,0.5912983141939636,2.931541629540813,0.5,0.0
2020-08-19,,,,1847.0,1865.1,1789.15,1593.9,1790.7664655145472,62.142857142857146,65.06717850287907,70.47342920691835,77.26577116676916,-6.792341959850802,1972.1441327790817,1606.1558672209185,1789.15,365.9882655581632,-41.390728476821195,43.83136387041898,55.068211865892614,21.35766787947172,36.19133557006998,35.05747126436781,14.25287356321839,60.20878163678678,0.0,1968.0,1950.0,1663.0,0,0,930386.2,25271638,1802.4999482114702,0.23076923076923078,0.7692307692307693,0.5769230769230769,44288269.23076923,-5.487179487179494,-5.9487179487179525,3.072510014186113,-2.423844134867761,83.31301361241482,65.60356707383063,4.0,1.0,302158.45,642.0,0.09912899275987819,0.613880105752798,2.370374743672562,0.5,0.0
2020-08-20,,,,1843.8,1862.6,1796.85,1600.6,1794.788706894114,62.285714285714285,63.42857142857143,65.41469452188608,74.89555583779254,-9.480861315906466,1973.1670290608117,1620.532970939188,1796.85,352.63405812162364,-48.91304347826087,38.61807236751336,49.58483203309953,16.68455303634103,23.380186001036662,34.05963302752294,16.1697247706422,58.26147095659939,0.0,1968.0,1950.0,1663.0,0,0,928960.3,24144125,1811.2704407640815,0.5714285714285714,0.42857142857142855,0.2857142857142857,32214657.142857146,-5.999999999999995,-5.999999999999995,3.2511886549571445,-2.423844134867761,83.31301361241482,65.3328273355568,4.0,1.0,324499.95,38229.0,5.896961666432721,0.6274081451978272,1.9551548964809122,0.1,0.0
2020-08-21,,,,1825.0,1846.1,1800.7,1605.9,1789.5707348089604,65.28571428571429,48.83303411131059,53.28702837809283,70.5738503458526,-17.286821967759778,1967.834487291206,1633.5655127087941,1800.7,334.26897458241183,-100.0,25.745381578342244,41.63834854818043,-6.040552361334136,-14.444889679610599,26.58643326039387,23.413566739606125,53.88976125427104,0.0,1968.0,1950.0,1668.0,0,0,998801.6,22021922,1812.6577619953089,0.0,1.0,0.9029126213592233,20603912.621359225,-10.769230769230765,-10.769230769230765,1.5951997915036051,-5.099454446262959,83.31301361241482,64.9509390639855,5.0,0.95,345530.85,-44511.0,-6.4836448598130865,0.618896482099523,2.2259888094991065,0.1,0.0
2020-08-24,,,,1808.6,1836.8,1805.75,1611.5833333333333,1787.611617208107,64.71428571428571,45.61068702290076,45.491426375085894,65.55736555169926,-20.06593917661337,1961.7336361187643,1649.7663638812357,1805.75,311.9672722375285,-78.65612648221344,27.814475292859328,37.030390796406735,9.382644285764513,-32.43893092709018,19.536423841059605,26.379690949227378,49.71363846401782,0.0,1715.0,1950.0,1672.0,0,0,1035653.3,23397068,1812.8217765861737,0.9310344827586207,0.06896551724137931,0.5,23709413.79310345,-9.282051282051285,-10.769230769230765,2.0021745194258136,-5.099454446262959,83.31301361241482,64.27449933244327,5.0,0.9,366938.25,7774.0,1.2109015406517987,0.6051801322830928,2.219829224785223,0.1,0.0
2020-08-25,,,,1778.6,1812.6,1806.85,1616.2333333333333,1780.0295584263827,66.92857142857143,40.549828178694156,33.99924330862632,59.245741103084676,-25.246497794458357,1959.5537379337397,1654.14626206626,1806.85,305.40747586747966,-97.74436090225564,19.641884627473985,31.23422207342915,-3.5427902644363485,-53.563597315282486,18.249733191035215,26.894343649946638,45.81022023018657,0.0,1968.0,1950.0,1672.0,0,0,1094273.9,21796484,1809.1389804996113,0.08823529411764706,0.9117647058823529,0.8970588235294118,23538000.0,-12.410256410256403,-12.410256410256403,0.5855394774798038,-5.099454446262959,83.31301361241482,63.03335993615323,5.0,0.85,389971.2,35407.0,5.449117002039161,0.590438249530125,2.2353098034137773,-0.3,0.0
2020-08-26,,,,1753.6,1800.3,1809.15,1620.9166666666667,1774.121981433394,64.57142857142857,37.31884057971014,25.405661210304743,52.47772512452869,-27.072063914223946,1954.5109301015543,1663.7890698984459,1809.15,290.72186020310846,-89.60573476702508,18.05185470891428,26.840099618590862,0.47536488956112066,-67.77045725018351,13.384955752212388,29.314159292035395,43.203713661473365,0.0,1689.0,1950.0,1686.0,0,0,1119226.2,23133679,1808.1316990851954,0.7631578947368421,0.23684210526315788,0.2631578947368421,35189342.10526316,-11.897435897435892,-12.410256410256403,1.0021981691933228,-5.099454446262959,83.31301361241482,61.33592421666262,5.0,0.8,413597.75,-5868.0,-0.856414791982274,0.5673835930788239,2.273755068039221,-0.2,0.0
2020-08-27,,,,1736.8,1790.3,1812.3,1625.95,1771.7294117730708,64.5,35.44776119402985,20.856209011217288,46.15342190186641,-25.29721289064912,1948.8902053974412,1675.7097946025588,1812.3,273.1804107948824,-78.49462365591398,22.290980062353107,25.32372643317828,16.22548732070277,-51.3418554694631,14.396456256921375,29.34662236987818,40.23475944236248,0.0,1689.0,1950.0,1692.0,0,0,1187732.3,24876557,1805.1890299971915,0.7017543859649122,0.2982456140350877,0.543859649122807,30576807.01754386,-10.307692307692317,-12.410256410256403,1.2758145619359673,-5.099454446262959,83.31301361241482,60.76461769115442,5.0,0.75,439726.25,42830.0,6.304889933079538,0.5427078517828395,2.4279746546781666,0.2,0.0
2020-08-28,,,,1754.2,1789.6,1819.05,1632.4333333333334,1776.9932773184926,65.78571428571429,46.93520140105079,23.276368011804607,41.57801112385405,-18.30164311204944,1943.4034436489685,1694.6965563510314,1819.05,248.7068872979371,-50.53763440860215,38.45039696464566,29.699283277000742,55.952624339935504,-12.754550076279802,20.62975027144408,27.90445168295331,36.39345165879121,26.218106537400793,1689.0,1950.0,1708.0,0,0,1274669.9,27048278,1806.6633224675136,1.0,0.0,0.9176470588235294,25549658.82352941,-6.307692307692314,-12.410256410256403,2.332588861656128,-5.099454446262959,83.31301361241482,60.10194902548725,6.0,0.75,470728.55,87837.0,12.163363539681837,0.5197969720420997,2.3030932404319486,0.3,0.0
2020-08-31,,,,1771.8,1790.2,1824.25,1639.5833333333333,1784.6129651929218,61.92857142857143,40.93567251461989,27.30040861896805,38.72249062287685,-11.422082003908798,1945.636507530759,1702.863492469241,1824.25,242.77301506151798,-13.846153846153847,56.40282874566121,38.600465099887565,92.00755603720849,26.79443902890329,19.83852364475202,29.64244521337947,32.825754987646256,16.882812595168893,1689.0,1950.0,1708.0,0,0,1340278.8,29056388,1811.7560444513485,0.7307692307692307,0.2692307692307692,0.5769230769230769,38617500.0,-4.769230769230781,-12.410256410256403,1.8452665294174841,-5.099454446262959,83.31301361241482,59.08212560386473,5.0,0.75,503217.65,47681.0,5.886681292524143,0.498795656544591,2.348100259517378,0.3,0.0
2020-09-01,,,,1794.2,1786.4,1824.5,1645.9666666666667,1787.9831589840721,53.285714285714285,47.61904761904762,27.19046426709906,36.41608535172129,-9.225621084622233,1945.8268747075622,1703.1731252924378,1824.5,242.65374941512437,-32.82051282051282,61.5945598231148,46.26516334096331,92.25335278741778,10.747936667545801,23.056300268096518,23.994638069705097,29.5044994622144,37.443306888859354,1884.0,1950.0,1708.0,0,0,1377422.4,27420242,1813.5070382549318,0.10204081632653061,0.8979591836734694,0.7551020408163265,33390734.69387755,-6.666666666666665,-12.410256410256403,0.2880977349060957,-5.099454446262959,83.31301361241482,58.886812045690554,4.0,0.7,535062.55,-47669.0,-5.558017027686901,0.4621700965814532,2.2848907537180367,0.6,0.0
2020-09-02,,,,1817.0,1785.3,1825.2,1652.55,1792.1752390808272,51.57142857142857,48.08988764044943,27.75172764649392,34.683213810675824,-6.931486164181905,1946.530518571507,1703.8694814284931,1825.2,242.6610371430138,-26.666666666666668,67.25351607255271,53.26128091815978,95.23798638133859,6.8570215310950005,23.822714681440445,25.484764542936286,26.080967327231154,38.97457617850263,1689.0,1950.0,1708.0,0,0,1428072.05,28953190,1814.4321335187535,0.5945945945945946,0.40540540540540543,0.32432432432432434,41431027.027027026,-6.051282051282058,-12.410256410256403,0.43039109637466344,-5.099454446262959,83.31301361241482,58.691588785046726,4.0,0.7,568067.35,20076.0,2.478539937999469,0.42237812678457004,2.260555297993919,0.9,0.0
2020-09-03,,,,1826.0,1781.4,1822.0,1658.7833333333333,1792.3490258350341,54.785714285714285,45.72649572649573,24.843865876543987,32.715344223849456,-7.8714783473054695,1943.063706587153,1700.936293412847,1822.0,242.12741317430618,-46.15384615384615,64.06644661247104,56.86300281626353,78.47333420488604,-4.492418435709521,24.511082138200784,26.597131681877446,22.880842896033645,31.68844448377233,1884.0,1950.0,1708.0,0,0,1502830.4,26727065,1813.7639640840378,0.0547945205479452,0.9452054794520548,0.5205479452054794,30494863.01369863,-8.000000000000007,-12.410256410256403,-0.8060034613411238,-5.099454446262959,83.31301361241482,57.701294033069736,4.0,0.65,599430.8,-36118.0,-4.3512045384178855,0.3757871831401936,2.3386312625223713,0.8,0.0
2020-09-04,,,,1810.2,1782.2,1814.15,1664.1833333333334,1788.1253090888404,55.857142857142854,39.63782696177063,18.612989949927623,29.89487336906509,-11.281883419137465,1932.891248984989,1695.4087510150111,1814.15,237.48249796997789,-69.74358974358974,53.51682521417484,55.747610282233964,49.055255078056575,-48.12006018438277,24.040920716112534,30.051150895140665,20.685638573169747,12.91760829555691,1884.0,1950.0,1708.0,0,0,1579738.95,24443403,1808.3500001271307,0.14754098360655737,0.8524590163934426,0.7540983606557377,37437081.96721312,-10.358974358974372,-12.410256410256403,-2.3013862804782628,-5.099454446262959,83.31301361241482,56.200941915227624,4.0,0.6,624880.35,-112686.0,-14.193067330351617,0.32328064857651,2.472809395880231,0.7,-1.0
2020-09-07,,,,1790.4,1781.1,1808.95,1669.4,1785.2562320327602,56.642857142857146,40.0,14.316856503718782,26.77926999599583,-12.462413492277047,1927.9767108456156,1689.9232891543845,1808.95,238.05342169123105,-62.08791208791209,48.3152461134792,53.27015555931571,38.40542722180618,-48.00591112600171,20.1765447667087,30.64312736443884,18.974622177854318,15.369103174795077,1689.0,1950.0,1708.0,0,0,1643471.1,26467172,1803.8061103619852,0.5294117647058824,0.47058823529411764,0.19607843137254902,39681745.09803922,-9.846153846153848,-12.410256410256403,-1.490512122093914,-5.099454446262959,83.31301361241482,53.031912944711095,4.0,0.55,653041.2,13629.0,2.0005431073077284,0.2536104807128052,2.5870024199226265,0.7,-1.0
2020-09-08,,,,1775.8,1785.0,1798.8,1674.2833333333333,1781.6127813629735,56.785714285714285,40.322580645161295,9.91029204866959,23.40547440653058,-13.49518235786099,1900.5501584118233,1697.0498415881766,1798.8,203.5003168236467,-68.13186813186813,40.02909411680507,48.85646841181216,22.37434552679089,-50.752582169406374,20.125786163522015,29.68553459119497,17.331820535052675,17.42200962112815,1871.0,1858.0,1708.0,0,0,1669796.1,25171563,1798.9538564818383,0.25,0.75,0.39285714285714285,46271750.0,-5.974165769644779,-12.410256410256403,-3.4117192305003123,-5.099454446262959,83.31301361241482,48.68440481713836,3.0,0.5,681170.75,-14623.0,-2.104349728159982,0.15777819721510078,2.5639219288657467,0.7,-1.0
2020-09-09,,,,1760.0,1788.5,1794.4,1679.3,1778.8877545664998,59.07142857142857,41.869918699187,6.823550187321189,20.089089562688702,-13.265539375367513,1896.0773017157696,1692.7226982842305,1794.4,203.3546034315391,-64.83516483516483,35.43606274453671,44.38299985605368,17.54218852150278,-50.043182079967764,20.556227327690447,29.141475211608224,16.02171345052303,47.979279502519304,1689.0,1858.0,1708.0,0,0,1683247.9,27359702,1793.67681930075,0.6268656716417911,0.373134328358209,0.08955223880597014,32658791.04477612,-5.651237890204531,-12.410256410256403,-1.6810716182833665,-3.5295445566905546,83.31301361241482,47.99571963616907,2.0,0.45,694959.2,14328.0,2.1062194331376682,0.12657506740357674,2.824611383436584,0.7,-1.0
2020-09-10,,,,1744.6,1785.3,1787.8,1683.7,1772.9936827030238,56.285714285714285,47.35632183908046,1.4556065616234264,16.362392962475646,-14.90678640085222,1891.6675269652835,1683.9324730347164,1787.8,207.73505393056712,-84.61538461538461,25.464532627237155,38.076844113114845,0.23990965548176746,-59.07464383951661,21.573604060913706,21.700507614213198,15.589393599836555,94.1974492623689,1871.0,1858.0,1708.0,0,0,1680543.55,25367462,1786.8957672454644,0.140625,0.859375,0.5625,31128750.0,-7.58880516684608,-12.410256410256403,-2.5780238348280275,-3.5295445566905546,83.31301361241482,47.566502463054185,2.0,0.4,702083.3,-1804.0,-0.2597181971180529,0.11556762922275111,2.838971172378459,0.7,-1.0
2020-09-11,,,,1740.8,1775.5,1782.55,1688.4,1768.8038081598788,54.785714285714285,45.21531100478469,-1.8093704278735459,12.72804028440581,-14.537410712279355,1887.1967239912196,1677.9032760087803,1782.55,209.29344798243937,-78.02197802197803,23.201254683218345,33.11831430314935,3.3671354433563465,-63.779376244902295,22.164276401564535,20.338983050847457,14.831581626533781,77.26192149834996,1689.0,1858.0,1708.0,0,0,1732818.4,27460877,1781.2693125065307,0.8378378378378378,0.16216216216216217,0.32432432432432434,56578783.783783786,-6.942949407965548,-12.410256410256403,-2.0094300785122594,-3.5295445566905546,83.31301361241482,47.272097751474526,2.0,0.35,708842.55,-20612.0,-2.9751946824096542,0.10122051033899716,2.791423610715763,0.5,0.0
2020-09-14,,,,1725.2,1757.8,1774.0,1692.3,1760.3463026208428,54.07142857142857,46.55172413793104,-8.255613135566591,8.53130960041133,-16.78692273597792,1882.9529111226248,1665.0470888773752,1774.0,217.9058222452495,-97.94871794871794,16.180515599863924,27.472381402054207,-6.4032160045166435,-77.78882722958357,22.457067371202115,21.796565389696173,13.57041027962093,87.83303181598835,1871.0,1858.0,1680.0,0,1,1774940.15,25333731,1774.110495659999,0.06896551724137931,0.9310344827586207,0.8448275862068966,36674931.03448276,-9.580193756727661,-12.410256410256403,-3.3151304614878585,-3.5295445566905546,83.31301361241482,46.85850594842684,2.0,0.3,715801.15,65325.0,9.718335631814545,0.09369033706759304,2.7858021006827074,0.1,0.0
2020-09-15,,,,1705.0,1740.4,1763.4,1695.55,1749.456178561715,56.42857142857143,41.62790697674419,-15.924257842327961,3.6401961118634714,-19.564453954191432,1878.9916587775124,1647.8083412224878,1763.4,231.1833175550246,-91.83673469387755,13.599949921709564,22.848237575272663,-4.896625385416634,-101.74159965014637,21.51898734177215,25.569620253164558,11.520156783604438,48.88533435341995,1871.0,1857.0,1646.0,0,1,1843351.8,22502739,1761.5793182740993,0.28169014084507044,0.7183098591549296,0.4788732394366197,39873126.76056338,-11.362412493268703,-12.410256410256403,-4.147601307193862,-3.5295445566905546,83.31301361241482,46.386678455643974,2.0,0.25,717451.8,-56854.0,-7.70893332682493,0.0915600515463231,3.2367371008407666,0.1,0.0
2020-09-16,,,,1685.0,1722.5,1753.9,1698.85,1740.2698758415515,54.785714285714285,38.17733990147783,-21.192577679906435,-1.32635864649051,-19.866219033415923,1873.1200972107342,1634.679902789266,1753.9,238.44019442146828,-88.9795918367347,14.239047074243157,19.97850740826283,2.76012640620381,-94.01689641650664,17.079530638852674,26.336375488917863,10.601878650136433,0.0,1626.0,1857.0,1646.0,0,0,1881476.8,24416734,1753.2865396922955,0.6176470588235294,0.38235294117647056,0.20588235294117646,56293970.5882353,-10.98546042003229,-12.410256410256403,-3.6898264618070553,-3.5295445566905546,83.31301361241482,45.70333398577674,2.0,0.2,718805.55,-5296.0,-0.7780752041419037,0.08967218973465119,3.173502302315574,-0.2,-1.0
2020-09-17,,,,1670.0,1707.3,1744.35,1701.9833333333333,1730.910840047118,51.142857142857146,22.713864306784657,-25.95616071299628,-6.252319059791664,-19.703841653204616,1867.42853718573,1621.2714628142699,1744.35,246.1570743714601,-93.46938775510205,12.911501468298859,17.622838761608172,3.4888268816802324,-87.51561739236547,9.776536312849162,28.770949720670387,13.050917793076946,0.0,1871.0,1857.0,1642.0,0,1,1884032.45,23238108,1747.5327446456668,0.4117647058823529,0.5882352941176471,0.3235294117647059,34665470.5882353,-11.577813677975213,-12.410256410256403,-3.7331233253708915,-3.5295445566905546,83.31301361241482,45.53161181927755,2.0,0.15,719124.25,17528.0,2.5953642364494156,0.08942038777471986,2.9385788994230175,-0.5,0.0
2020-09-18,,,,1657.8,1699.3,1740.75,1705.05,1724.919331471202,51.214285714285715,21.791044776119406,-27.318441884642198,-10.465543624761771,-16.852898259880426,1868.4880131362222,1613.0119868637778,1740.75,255.47602627244441,-82.3529411764706,17.818193961322045,17.687957161512795,18.078667560940545,-64.01202677332303,7.112970711297071,28.730822873082285,15.943615238303577,0.0,1626.0,1857.0,1642.0,0,0,1878519.15,25250045,1741.492059716293,0.6415094339622641,0.3584905660377358,0.49056603773584906,37961075.47169811,-10.177705977382857,-12.410256410256403,-1.5223414397513308,-2.8647214854111445,83.31301361241482,44.546232543665155,1.0,0.15,720311.6,-27138.0,-3.9166616153306633,0.08747827896997902,2.9201223243194825,-0.5,0.0
2020-09-21,,,,1647.6,1686.4,1733.75,1707.65,1715.7841570453731,52.142857142857146,21.66172106824925,-31.185546028984163,-14.60954410560625,-16.576001923377913,1870.0281598132842,1597.4718401867158,1733.75,272.55631962656844,-92.4901185770751,15.648637244055967,17.00818385569385,12.929544020780199,-75.25702711361349,6.986301369863013,30.95890410958904,20.313800474914807,0.0,1863.0,1857.0,1629.0,0,1,1892294.35,23599395,1736.5407118348157,0.3064516129032258,0.6935483870967742,0.6290322580645161,26623387.096774194,-12.27786752827138,-12.410256410256403,-3.102541264256764,-2.8647214854111445,83.31301361241482,41.82151635469844,1.0,0.15,720823.7,-5731.0,-0.8608362323281438,0.08663322706841475,2.8434595152668405,-0.2,-1.0
2020-09-22,,,,1649.0,1677.0,1731.0,1710.5833333333333,1709.8047135172424,53.857142857142854,24.355300859598856,-31.945407725787618,-18.076716829642525,-13.868690896145093,1871.6166868887499,1590.3833131112501,1731.0,281.23337377749976,-80.76923076923077,20.29435776822666,18.103575159871454,24.675922984937074,-66.25544886296632,6.763925729442971,30.23872679045093,24.604520024786222,10.483057570629342,1603.0,1857.0,1629.0,0,0,1902546.45,25405021,1732.374921805457,0.819672131147541,0.18032786885245902,0.39344262295081966,29600426.2295082,-10.985460420032279,-12.27786752827138,-1.2137416969794106,-2.5775978407557374,83.31301361241482,41.48946008431933,1.0,0.15,719081.4,-9681.0,-1.4667804011108787,0.08894928817105456,2.5669050366824524,-0.4,0.0
2020-09-23,,,,1652.4,1668.7,1728.6,1713.5833333333333,1706.013788420362,52.642857142857146,31.097560975609753,-30.8205653774055,-20.625486539195123,-10.195078838210378,1871.766300062808,1585.4336999371917,1728.6,286.3326001256164,-65.98984771573605,30.448763764676357,22.218638028139754,46.909015237749564,-49.18586725492216,7.191316146540027,28.222523744911804,28.55490149100161,36.72304540365605,1603.0,1857.0,1629.0,0,0,1950388.45,27699056,1728.800678594735,0.7857142857142857,0.21428571428571427,0.30357142857142855,40964910.71428572,-10.07000538502959,-12.27786752827138,-1.0237515184804056,-2.5775978407557374,83.31301361241482,40.858503647434745,1.0,0.15,715925.75,-34135.0,-5.2488252226541405,0.09426505336878009,2.7446696307990885,-0.4,0.0
2020-09-24,,,,1658.4,1664.2,1724.75,1716.5,1702.7743799993752,51.0,36.61971830985915,-29.428502963403616,-22.386089824036823,-7.0424131393667935,1869.7362062404209,1579.7637937595791,1724.75,289.97241248084174,-61.452513966480446,37.856427751514516,27.431234602598007,58.706814049347535,-39.82501249138598,7.8431372549019605,21.98879551820728,31.14823929560702,58.2145540030744,1603.0,1857.0,1629.0,0,0,1962200.3,29678171,1725.177847040726,0.6578947368421053,0.34210526315789475,0.05263157894736842,52081973.684210524,-9.962304792676324,-12.27786752827138,-1.7672933638643087,-2.5775978407557374,83.31301361241482,40.50437867198758,1.0,0.15,711284.45,13117.0,2.128688528580769,0.09865963016460025,3.0334332247826845,0.0,0.0
2020-09-25,,,,1658.8,1658.3,1716.9,1719.5,1699.6530104756253,49.714285714285715,34.05797101449275,-28.162032377352034,-23.541278334699868,-4.620754042652166,1855.4335224488832,1578.366477551117,1716.9,277.0670448977662,-61.714285714285715,48.996483749236624,34.619650984810875,77.75014927808812,-39.48257528471446,8.045977011494253,22.126436781609193,33.01046309331469,48.24457113307579,1778.0,1857.0,1629.0,0,0,1922300.75,28304441,1718.7811214851092,0.8484848484848485,0.15151515151515152,0.06060606060606061,41628181.81818181,-10.07000538502959,-12.27786752827138,-4.578037066943498,-2.5775978407557374,83.31301361241482,40.25806451612904,0.0,0.1,702155.8,-1910.0,-0.30350315738625344,0.09757918000541072,2.866925676405579,0.2,0.0
2020-09-28,,,,1668.0,1657.8,1707.8,1722.3666666666666,1697.305104716042,50.57142857142857,36.666666666666664,-26.44998810192874,-24.123020288145643,-2.326967813783096,1830.601680084472,1584.9983199155279,1707.8,245.60336016894416,-58.857142857142854,56.42669873711485,41.88866690224553,85.50276240685346,-22.61904501177301,12.005649717514125,21.751412429378533,33.70177550010827,58.39727082061221,1603.0,1832.0,1629.0,0,0,1925596.65,30378469,1709.9565076708388,0.275,0.725,0.125,51850700.0,-8.569868995633168,-12.27786752827138,-5.5317008749100545,-2.5775978407557374,83.31301361241482,39.927565392354126,0.0,0.05,688696.05,-38941.0,-6.206647030321577,0.09080912969190875,3.071633453333228,0.0,1.0
2020-09-29,,,,1677.2,1663.1,1701.75,1725.2333333333333,1697.4665233145142,47.785714285714285,40.62500000000001,-22.892688591532306,-23.876953948822976,0.9842653572906706,1812.6200044860059,1590.8799955139941,1701.75,221.74000897201176,-43.19526627218935,69.30096747490825,51.026100426466435,105.85070157179187,-9.999489343655814,11.210762331838565,18.68460388639761,34.2535655591976,73.80258249926996,1603.0,1832.0,1629.0,0,0,1903279.25,31568267,1704.0961397283136,0.8928571428571429,0.10714285714285714,0.8571428571428571,42492785.71428572,-7.259825327510894,-12.27786752827138,-3.6105082009028355,-2.5775978407557374,83.31301361241482,39.927565392354126,0.0,0.05,675656.05,-39274.0,-6.673951130649636,0.0933970363297966,2.949632837030851,0.0,1.0
2020-09-30,,,,1691.6,1672.0,1697.25,1728.7666666666667,1701.7078068083702,47.214285714285715,54.23728813559322,-16.414545800292444,-22.384472319116874,5.96992651882443,1791.9936985822424,1602.5063014177576,1697.25,189.48739716448472,-2.112676056338028,78.82975296449283,60.29398460580856,115.90128968186136,26.964764549607978,17.851739788199698,18.456883509833585,34.35166638310487,100.0,1603.0,1794.0,1629.0,0,0,1890413.25,32843895,1699.7213732764517,0.9464285714285714,0.05357142857142857,0.7678571428571429,22779071.42857143,-2.898550724637672,-12.27786752827138,-2.3974150550286617,-2.5775978407557374,83.31301361241482,39.927565392354126,0.0,0.05,657163.85,-88968.0,-16.199769479946024,0.10553487115251864,2.759408952235171,0.0,1.0
2020-10-09,,,,1707.2,1682.8,1695.05,1732.2166666666667,1706.3070633028112,46.857142857142854,53.60824742268042,-10.513840812280478,-20.010346017749594,9.496505205469116,1782.062340322573,1608.037659677427,1695.05,174.02468064514596,-8.125,83.17816864299522,67.92204595153746,113.69041402591074,60.462138442452876,20.73170731707317,17.073170731707318,34.73616215647854,98.06898000697157,1603.0,1758.0,1629.0,0,0,1813157.65,33524908,1693.5103760190589,0.59375,0.40625,0.25,21281656.25,-0.4550625711035261,-12.27786752827138,-1.1694507168768087,-2.5775978407557374,82.80947614280947,39.927565392354126,0.0,0.1,642771.35,45876.0,9.968167744038237,0.1078780873612737,2.3995589704955798,0.0,1.0
2020-10-12,,,,1730.2,1694.5,1696.9,1736.2666666666667,1713.8016287025434,46.714285714285715,68.95306859205776,-2.9789427070031707,-16.60406535560031,13.625122648597138,1790.0120434292426,1603.7879565707576,1696.9,186.22408685848495,-4.712041884816754,87.21476513372455,74.35295234559982,112.93839070997404,85.8388236418635,25.535168195718654,13.761467889908257,36.769630169387874,100.0,1603.0,1785.0,1629.0,1,0,1757088.8,34687193,1691.6449713962475,0.8392857142857143,0.16071428571428573,0.625,20755089.285714287,0.0,-12.27786752827138,1.2311523398416906,-2.3629234264410304,81.39528088246038,39.927565392354126,0.0,0.15,638084.8,81433.0,16.090266567345246,0.10934052039138438,2.357301128656527,0.1,1.0
2020-10-13,,,,1745.6,1706.8,1696.6,1738.95,1717.4395688261109,45.0,69.20289855072464,0.32593692199770885,-13.218064900080707,13.544001822078416,1788.9184420190911,1604.2815579809087,1696.6,184.63688403818242,-21.98952879581152,83.14317675581637,77.28302714900533,94.86347596943844,73.13841563982587,26.50793650793651,6.34920634920635,40.53752348847333,99.99999999999999,1794.0,1785.0,1629.0,0,0,1713003.1,33545138,1690.118562784076,0.19148936170212766,0.8085106382978723,0.7021276595744681,24299042.553191487,-1.8487394957983239,-12.27786752827138,-0.05864378821919547,-2.3629234264410304,80.64049866750983,39.927565392354126,0.0,0.2,632332.05,-7695.0,-1.3097114379763575,0.11003864641197052,2.046330681678633,0.3,0.0
2020-10-14,,,,1753.0,1715.1,1696.05,1741.2333333333333,1719.2072289379098,45.07142857142857,64.56140350877192,1.635162421391442,-10.247419435786279,11.88258185717772,1787.228194530737,1604.8718054692629,1696.05,182.35638906147415,-30.36649214659686,76.04281959159688,76.86962462986918,74.3892095150523,50.96069179328669,26.465927099841522,9.191759112519811,42.474889425839265,90.23689507130177,1794.0,1785.0,1629.0,0,0,1702153.8,32466515,1689.3671773666986,0.3142857142857143,0.6857142857142857,0.45714285714285713,30817800.0,-2.7450980392156876,-12.27786752827138,-0.20534443559758597,-2.3629234264410304,80.29291674063555,39.927565392354126,0.0,0.25,626579.9,-14611.0,-2.519837403141212,0.11197634865133989,1.9947005460705411,0.5,0.0
2020-10-15,,,,1747.8,1719.7,1694.2,1743.0833333333333,1718.9017785628707,45.07142857142857,62.585034013605444,1.0468329702453048,-7.988568954579963,9.035401924825269,1781.9498837905405,1606.4501162094596,1694.2,175.49976758108096,-40.83769633507853,66.92328323650318,73.55417749874718,53.661494712015184,36.273572607951806,26.465927099841522,10.459587955625992,42.05148065199198,86.0797210175144,1794.0,1785.0,1629.0,0,0,1659402.9,31133394,1686.9900943586395,0.08823529411764706,0.9117647058823529,0.5882352941176471,39209441.176470585,-3.8655462184874034,-12.27786752827138,-0.9590241681486306,-2.3629234264410304,79.45664987675491,39.927565392354126,0.0,0.3,619790.45,-6418.0,-1.1354709957751563,0.11262310773231443,1.9174793668317918,0.7,0.0
2020-10-16,,,,1743.0,1725.1,1694.65,1745.2333333333333,1719.577799652121,43.42857142857143,60.431654676258994,1.3716821698290005,-6.116518729698171,7.488200899527172,1782.9825653723096,1606.3174346276905,1694.65,176.6651307446191,-35.602094240837694,60.51295805510469,69.20710435086636,43.12466546358135,31.202833348137894,23.355263157894733,12.664473684210526,39.86355788414277,81.5502174347724,1603.0,1785.0,1629.0,0,0,1602129.85,31980173,1685.0432322011852,0.8,0.2,0.3333333333333333,28225966.666666668,-3.30532212885154,-12.27786752827138,0.3894329634360882,-2.3629234264410304,79.06241110542186,39.927565392354126,0.0,0.35,612867.25,-4479.0,-0.8015246684919708,0.11265626042048427,1.953871839557842,0.4,0.0
2020-10-19,,,,1728.0,1729.1,1693.7,1746.3,1718.665628256681,42.142857142857146,65.88235294117646,0.3342086689917778,-4.826373249960182,5.1605819189519595,1780.878220360669,1606.521779639331,1693.7,174.356440721338,-43.97905759162304,50.341972036736465,62.91872691282306,25.188462284563258,28.365581182920852,25.93220338983051,9.491525423728813,38.666028451766294,92.59593427407766,1794.0,1785.0,1629.0,0,0,1555590.05,30817554,1683.8528945870623,0.25,0.75,0.36363636363636365,26423159.090909094,-4.201680672268893,-12.27786752827138,-0.4652670427719662,-2.3629234264410304,77.64644076700814,39.927565392354126,0.0,0.4,607000.5,517.0,0.09326557598257068,0.11321610150313838,1.9772998232332604,0.0,-1.0
2020-10-20,,,,1720.8,1733.2,1695.5,1747.6166666666666,1718.4117588989018,40.642857142857146,63.291139240506325,-0.0038028620799650525,-3.8618591723841384,3.8580563103041734,1782.9733041982445,1608.0266958017555,1695.5,174.94660839648895,-46.42857142857143,44.28595237231706,56.707802065987735,19.44225298497571,13.111266613218374,26.88927943760984,12.126537785588752,36.83724113910801,84.48574481576289,1626.0,1785.0,1629.0,0,0,1516468.65,32162272,1683.8770259774246,0.925,0.075,0.15,33617950.0,-3.8655462184873812,-12.27786752827138,1.3373627263815935,-2.0395255224391953,76.63746349603672,39.927565392354126,0.0,0.45,597966.5,1980.0,0.35685448987829993,0.10407367307702149,2.066370641701932,0.1,-1.0
2020-10-21,,,,1711.8,1732.4,1697.75,1747.65,1715.8011151942444,39.0,54.285714285714285,-2.2628853680525935,-3.54206441151783,1.2791790434652364,1782.122295278228,1613.377704721772,1697.75,168.74459055645593,-67.76315789473684,33.002229117776594,48.805944416584026,1.3947985201617286,2.9907174651992534,24.725274725274723,12.637362637362639,34.906238853136145,57.555228276877756,1794.0,1785.0,1629.0,0,0,1423366.6,31193321,1687.0968726187618,0.18181818181818182,0.8181818181818182,0.7575757575757576,29362151.515151516,-5.266106442577012,-12.27786752827138,1.719638698750291,-1.8732089958285514,75.21689756983875,39.927565392354126,0.0,0.45,591000.2,-15500.0,-2.783624386704686,0.10195608149372154,2.0427015548145895,0.1,-1.0
2020-10-22,,,,1711.4,1729.6,1700.8,1747.95,1715.6295804138401,39.07142857142857,57.89473684210526,-2.1722761021560473,-3.2681067496454737,1.0958306474894264,1782.7360469479938,1618.863953052006,1700.8,163.87209389598775,-52.63157894736842,32.14641361474961,43.25276748263922,9.9337058789704,11.426046566110854,25.228519195612435,12.614259597806218,33.90020263583233,67.82419967444382,1642.0,1785.0,1629.0,0,0,1383439.8,32308780,1690.4692633897043,0.7435897435897436,0.2564102564102564,0.5897435897435898,28601512.82051282,-3.9775910364145517,-12.27786752827138,2.2355416194478823,-1.8732089958285514,74.58409441412275,39.927565392354126,0.0,0.5,583951.15,-6951.0,-1.2840643750184677,0.099451681936522,1.9830531823030828,-0.1,0.0
2020-10-23,,,,1707.6,1725.3,1704.05,1748.4166666666667,1714.8077156125219,38.857142857142854,56.82656826568265,-2.634935211756556,-3.1414724420676903,0.5065372303111344,1781.181398480574,1626.918601519426,1704.05,154.26279696114807,-66.92307692307692,29.839350818241485,38.78162859450664,11.95479526571117,11.99312156936544,26.102941176470587,11.764705882352942,33.27144627892063,61.96139021523844,1794.0,1785.0,1629.0,0,0,1374955.25,31299845,1693.2142276630457,0.3,0.7,0.23333333333333334,33631166.666666664,-4.369747899159659,-12.27786752827138,2.3998868155533226,-1.8732089958285514,72.54277125573687,39.927565392354126,0.0,0.55,574877.8,-22958.0,-4.296217838716865,0.0942924568309458,2.07210229953814,0.1,0.0
2020-10-26,,,,1709.0,1718.5,1706.5,1749.3166666666666,1715.0165046018055,38.214285714285715,57.608695652173914,-2.169668870711348,-2.947111727796422,0.7774428570850738,1781.9034761169303,1631.0965238830697,1706.5,150.80695223386056,-64.16666666666667,35.53076062779885,37.69800593893738,31.196270005521782,7.888521363424943,21.121495327102803,13.271028037383177,32.839717283884376,59.4294770206022,1674.0,1785.0,1629.0,0,0,1330465.6,32421989,1696.206607784523,0.8387096774193549,0.16129032258064516,0.3225806451612903,36198193.548387095,-3.809523809523807,-12.27786752827138,1.8595982465032865,-1.8732089958285514,69.7727991899247,39.927565392354126,0.0,0.6,567663.65,10046.0,1.9643384387361351,0.08980965142016324,2.0834070531345934,0.5,0.0
2020-10-27,,,,1716.6,1718.7,1712.75,1750.75,1718.7292184492526,38.92857142857143,59.515570934256054,1.171148563107181,-2.1234596696157015,3.2946082327228825,1781.5376212853403,1643.9623787146597,1712.75,137.57524257068053,-34.78260869565217,56.58191059397116,43.99264082394863,81.76045013401622,47.00204113565438,26.788990825688074,13.027522935779816,33.52273242542486,37.880446719018664,1674.0,1785.0,1653.0,0,0,1305820.1,33579729,1701.9934746881802,0.972972972972973,0.02702702702702703,1.0,31290270.27027027,-1.7366946778711534,-10.985460420032279,4.836235386621757,-1.4764696088225482,69.00303458379113,39.927565392354126,0.0,0.65,562509.0,35459.0,6.7998811041968255,0.08201439262082515,2.0161771128653285,0.5,0.0
2020-10-28,,,,1724.4,1718.1,1716.6,1751.4833333333333,1719.8026262159906,37.357142857142854,47.77777777777777,1.8607217826163378,-1.3266233791692936,3.1873451617856317,1779.6902444705877,1653.5097555294121,1716.6,126.18048894117555,-55.65217391304348,58.708928050301765,48.89806989939967,78.33064435210594,38.597817305466826,20.650095602294456,13.575525812619503,34.88014131076671,0.0,1794.0,1785.0,1670.0,0,0,1265358.7,32583331,1707.8605116346325,0.11764705882352941,0.8823529411764706,0.7058823529411765,29305823.529411767,-3.08123249299721,-10.07000538502959,2.9446530512935087,-1.4764696088225482,68.15354808134592,39.927565392354126,0.0,0.7,555301.4,-50740.0,-9.110758379958483,0.07713420514826716,2.051876804772624,0.5,1.0
2020-10-29,,,,1723.2,1717.3,1718.5,1752.0833333333333,1718.6785665763725,37.07142857142857,42.605633802816904,0.6247951394097981,-0.9363396754534752,1.5611348148632733,1777.8597418067038,1659.1402581932962,1718.5,118.71948361340765,-74.78260869565217,51.073441745468664,49.623193848089336,53.97393754022731,-1.876297853911097,17.34104046242775,17.533718689788056,34.228360370267175,0.0,1794.0,1785.0,1670.0,0,0,1197259.25,31651285,1712.8264128397143,0.07142857142857142,0.9285714285714286,0.7857142857142857,33287357.142857146,-4.313725490196097,-10.07000538502959,1.4740989685588475,-1.4764696088225482,67.8984258984259,39.927565392354126,0.0,0.7,548580.55,-24400.0,-4.82038152134402,0.07896194492587774,2.0213111041716743,0.7,0.0
2020-10-30,,,,1730.4,1719.0,1722.05,1753.0333333333333,1720.994893569099,37.0,42.605633802816904,2.441379163798956,-0.260795907602989,2.7021750714019452,1778.100635002653,1665.999364997347,1722.05,112.1012700053061,-42.34234234234234,60.386409723316554,53.21093247316507,74.73736422361952,16.112109509689414,14.285714285714285,19.884169884169882,33.258581177181256,0.0,1679.0,1785.0,1670.0,0,0,1154568.3,32776581,1717.4403278552973,0.8909090909090909,0.10909090909090909,0.6363636363636364,20459927.272727273,-2.352941176470613,-10.07000538502959,2.5185353930593224,-1.4764696088225482,66.28280542986425,39.927565392354126,0.0,0.75,540810.85,-7860.0,-1.6314364943626147,0.07764096273101576,2.101632713950494,0.5,1.0
2020-11-02,,,,1735.0,1722.0,1725.55,1753.8333333333333,1722.8049037053754,36.214285714285715,47.63779527559055,3.5974905314678836,0.5108613802111857,3.086629151256698,1776.4181474111522,1674.6818525888477,1725.55,101.73629482230444,-31.46067415730337,62.345959895865654,56.255941614065264,74.52599645946643,47.760795038823225,18.34319526627219,20.31558185404339,29.24068002085951,21.61886064295352,1768.0,1785.0,1675.0,0,0,1129846.95,31897278,1721.9277028480126,0.2222222222222222,0.7777777777777778,0.08333333333333333,24425083.333333332,-2.521008403361358,-8.569868995633168,2.4867428414806874,-1.4764696088225482,65.75222816399287,39.927565392354126,0.0,0.8,531927.45,-24184.0,-5.102927895611953,0.07800904227121568,2.062278644621719,0.4,0.0
2020-11-03,,,,1729.2,1722.9,1728.05,1753.3666666666666,1723.0139604953397,36.214285714285715,47.826086956521735,3.265697551362564,1.0618286144414615,2.2038689369211024,1773.0317506854383,1683.0682493145616,1728.05,89.96350137087666,-48.31460674157304,57.62823029202289,56.71337117338447,59.45794852929973,22.568218267978335,18.34319526627219,18.14595660749507,25.81897259915209,22.42778770785454,1768.0,1785.0,1691.0,0,0,1065568.05,31108828,1726.4560920815898,0.0,1.0,0.42857142857142855,22527142.85714286,-3.3613445378151474,-7.259825327510894,1.786113408425588,-1.4764696088225482,65.66765855902479,39.927565392354126,0.0,0.8,524490.15,-10019.0,-2.2277315782452067,0.08403926808594944,2.00513010766486,0.3,0.0
2020-11-04,,,,1729.0,1726.7,1729.55,1751.9333333333334,1723.5840594957835,35.57142857142857,52.74261603375528,3.2876181788999475,1.5069865273331589,1.7806316515667886,1772.4033607352546,1686.6966392647453,1729.55,85.70672147050936,-43.82022471910113,54.86903664489838,56.09859299722244,52.40992394025025,14.665812895144537,18.674698795180724,16.06425702811245,23.259459126443055,43.549875610402665,1679.0,1785.0,1691.0,0,0,1043066.45,31848594,1728.7432369401458,0.125,0.875,0.16666666666666666,30823583.333333332,-3.1372549019608065,-5.266106442577012,1.126314288046215,-1.4764696088225482,65.45032142625234,39.927565392354126,0.0,0.8,518430.05,-11730.0,-2.6676005921936863,0.09374901777086754,1.9571323820588629,0.1,0.0
2020-11-05,,,,1733.4,1728.3,1728.95,1750.4666666666667,1724.1951014485662,35.07142857142857,50.87719298245614,3.347098805273845,1.8750089829212961,1.4720898223525487,1771.4035659650397,1686.4964340349604,1728.95,84.90713193007923,-42.69662921348315,53.462474646382475,55.21988688027579,49.94765017859585,-7.700053355232778,18.94093686354379,16.70061099796334,21.588412625650957,35.53576056175319,1679.0,1785.0,1691.0,0,0,1012290.8,32508709,1728.8795097877673,0.7391304347826086,0.2608695652173913,0.043478260869565216,28700652.173913043,-3.08123249299721,-5.266106442577012,-0.353543637335741,-1.4764696088225482,65.13359071104851,39.927565392354126,0.0,0.8,516592.45,-4518.0,-1.0556296744557714,0.09974141258137366,1.881980411419379,-0.1,0.0
2020-11-06,,,,1735.6,1733.0,1729.15,1748.7333333333333,1727.0336632153694,36.214285714285715,59.32203389830509,5.270086774025003,2.554024541142038,2.7160622328829653,1772.0563852442376,1686.2436147557626,1729.15,85.81277048847505,-32.432432432432435,56.474983097588314,55.63825228604664,58.14844472067168,70.75619861142783,26.824457593688358,15.581854043392505,20.166994386607257,80.81214232759599,1679.0,1785.0,1691.0,0,0,1066071.95,34265345,1730.6954446492407,0.3898305084745763,0.6101694915254238,0.4067796610169492,29773491.525423728,-1.7366946778711534,-5.266106442577012,0.23832860367149997,-1.4764696088225482,64.66255850759335,39.927565392354126,0.0,0.8,512794.6,6671.0,1.5753070443688344,0.10729532033295278,2.2238623089719654,0.2,0.0
2020-11-09,,,,1740.0,1737.5,1728.0,1746.35,1730.3637905281914,34.92857142857143,59.663865546218496,7.354819948698832,3.5141836226533973,3.840636326045435,1765.4952628585556,1690.5047371414444,1728.0,74.99052571711127,-26.666666666666668,61.26109984283666,57.51253480497664,68.75822991855671,79.91568553690497,27.811860940695293,12.065439672801636,20.284804504417373,100.0,1679.0,1762.0,1691.0,0,0,1049132.2,35088835,1729.5129397896662,0.6818181818181818,0.3181818181818182,0.36363636363636365,37431363.63636364,0.0,-5.266106442577012,-0.7804752719960353,-1.4764696088225482,63.65513784461153,39.927565392354126,0.0,0.8,503744.05,-23621.0,-5.491416827853001,0.11302082933703982,2.237973257439427,0.0,0.0
2020-11-10,,,,1749.4,1739.3,1729.0,1744.85,1734.3291438112208,34.785714285714285,68.16143497757848,9.702063091834134,4.751759516489544,4.95030357534459,1770.0852771682275,1687.9147228317725,1729.0,82.1705543364551,-17.142857142857142,67.9240665618911,60.98304539061479,81.8061089044437,101.96914471996928,31.00616016427105,12.114989733059549,21.10313183534975,100.0,1679.0,1772.0,1691.0,1,0,1036130.8,35970862,1729.4499818459215,0.6129032258064516,0.3870967741935484,0.3225806451612903,28452483.870967742,0.0,-5.266106442577012,0.8938822733957201,-1.3727297977583053,63.65513784461153,39.927565392354126,0.0,0.8,495769.2,13819.0,3.3993156598765673,0.1147395214407366,2.299030625020766,0.1,1.0
2020-11-11,,,,1765.2,1747.1,1732.6,1742.4833333333333,1741.3454158291997,35.357142857142854,69.91525423728814,14.302301302645901,6.661867873720816,7.6404334289250855,1786.794192735992,1678.4058072640078,1732.6,108.3883854719843,-3.3057851239669422,77.4861008717692,66.48406388433293,99.49017484664174,128.22058581196353,34.949494949494955,11.91919191919192,22.23203167114613,100.0,1679.0,1808.0,1691.0,1,0,1047969.4,37286257,1733.0037656156753,0.9148936170212766,0.0851063829787234,0.7659574468085106,27987127.659574468,0.0,-5.266106442577012,2.848291592864884,-1.3727297977583053,63.65513784461153,39.927565392354126,0.0,0.8,490623.25,41967.0,9.984013017971073,0.11187889480243751,2.522392772633915,0.4,0.0
2020-11-12,,,,1784.0,1758.7,1738.0,1742.2,1749.2172809883236,35.42857142857143,73.87755102040816,19.019840626755922,9.133462424327838,9.886378202428084,1805.1933580676775,1670.8066419323225,1738.0,134.38671613535507,-0.746268656716418,84.69311486689375,72.55374754518652,108.9718495103082,127.30982533193323,36.69354838709677,11.89516129032258,23.172979294605945,100.0,1679.0,1824.0,1691.0,1,0,1035602.0,38372030,1737.7609533714044,0.967741935483871,0.03225806451612903,0.5161290322580645,35024935.48387097,0.0,-5.266106442577012,4.367706455093585,-1.3727297977583053,63.65513784461153,39.927565392354126,0.0,0.8,486652.7,17090.0,3.6966617565308058,0.10791959267023815,2.663602851458706,0.7,0.0
2020-11-13,,,,1800.2,1767.9,1743.45,1741.9666666666667,1757.3870637513405,34.857142857142854,73.98373983739837,23.376661001751017,11.982102139812476,11.394558861938542,1823.0766948096293,1663.8233051903708,1743.45,159.25338961925854,-2.0833333333333335,88.9954099112625,78.03430166721185,110.91762639936377,119.29564122938946,39.959016393442624,10.655737704918034,25.67788285786191,100.0,1679.0,1835.0,1691.0,1,0,1041355.9,39333887,1742.712149067704,0.8695652173913043,0.13043478260869565,0.4782608695652174,41819869.56521739,0.0,-5.266106442577012,4.380917497257187,-1.3727297977583053,63.65513784461153,39.927565392354126,0.0,0.8,481200.9,-34104.0,-7.11390720464582,0.1054732361263438,2.278845266237115,0.4,0.0
2020-11-16,,,,1818.2,1779.1,1750.55,1742.2666666666667,1766.3978195845461,34.714285714285715,71.68141592920354,27.87984891946212,15.161651495742404,12.718197423719715,1842.0554786970101,1659.0445213029898,1750.55,183.01095739402035,-5.9523809523809526,90.42647014218394,82.16502449220255,106.94936144214677,114.50657259291017,38.27160493827161,10.699588477366255,27.230762074064522,92.66264220773085,1679.0,1852.0,1691.0,1,0,1042677.6,40522940,1750.054462951923,0.7222222222222222,0.2777777777777778,0.4722222222222222,33029250.0,0.0,-5.266106442577012,5.840754657914764,-1.3727297977583053,63.65513784461153,39.927565392354126,0.0,0.8,475329.2,-7881.0,-1.7698379725799795,0.10209635026666614,2.4173810140554624,0.4,0.0
2020-11-17,,,,1835.2,1792.3,1757.6,1742.3666666666666,1775.0265986717322,34.214285714285715,80.67632850241546,31.489128924284614,18.427146981450846,13.061981942833768,1859.080410347025,1656.1195896529748,1757.6,202.9608206940502,-2.9761904761904763,92.49907852879377,85.60970917106629,106.27781724424872,99.96085796260196,37.78705636743215,10.855949895615867,29.708934631600254,100.0,1679.0,1857.0,1691.0,1,0,1016707.35,41348253,1757.1125479388604,0.8888888888888888,0.1111111111111111,0.18518518518518517,30567148.14814815,0.0,-5.266106442577012,5.780594879592634,-1.3727297977583053,63.65513784461153,39.927565392354126,0.0,0.8,469298.6,-1198.0,-0.2738824088849512,0.0964250048671287,2.3761063715909145,0.1,0.0
2020-11-18,,,,1839.6,1802.4,1764.55,1741.9,1780.2621607029957,35.357142857142854,78.77358490566039,31.804215777928675,21.102560740746412,10.701655037182263,1865.8644661567223,1663.2355338432776,1764.55,202.6289323134447,-19.047619047619047,86.85689204718568,86.02543679643941,88.51980254867823,73.27733154873377,36.56565656565657,10.505050505050507,33.62410039439364,95.00207807667051,1862.0,1857.0,1707.0,0,0,1014981.15,40413826,1763.4273670172759,0.3953488372093023,0.6046511627906976,0.627906976744186,21730860.465116277,-1.453957996768973,-4.369747899159659,5.784054595132874,-1.3725838747529318,63.65513784461153,39.927565392354126,0.0,0.85,462144.4,-37972.0,-8.70486181157959,0.09644298255852975,2.276325519170811,0.0,0.0
2020-11-19,,,,1848.8,1816.4,1772.35,1742.35,1788.8086215884248,35.42857142857143,79.26267281105991,34.879520682887005,23.85795272917453,11.021567953712474,1881.0306524203656,1663.6693475796342,1772.35,217.36130484073146,-8.187134502923977,87.83160199739386,86.62749186342423,90.23982226533312,88.83164943806793,39.11290322580645,8.064516129032258,37.1546564673226,95.72119112658501,1713.0,1870.0,1707.0,1,0,1023918.7,41708036,1772.6100711251129,0.75,0.25,0.7142857142857143,23110892.85714286,0.0,-4.369747899159659,6.091106364172389,-1.3725838747529318,63.65513784461153,39.927565392354126,0.0,0.85,457783.55,48916.0,12.282922027701604,0.0901654268711834,2.402210622668958,0.0,1.0
2020-11-20,,,,1857.8,1829.0,1781.0,1743.1333333333334,1797.4935147704796,35.07142857142857,81.25,37.68918098525728,26.624198380391086,11.064982604866195,1895.1799134330072,1666.8200865669928,1781.0,228.35982686601437,-7.734806629834254,88.57804199353444,87.27767524012762,91.17877550034808,92.35982326060234,37.67820773930754,8.14663951120163,41.393399583616734,100.0,1713.0,1880.0,1708.0,1,0,1027272.0,42784037,1781.2074156925655,0.5483870967741935,0.45161290322580644,0.3225806451612903,34709709.67741936,0.0,-4.313725490196097,6.8434523441424115,-1.3725838747529318,64.82559339525282,39.927565392354126,0.0,0.85,454386.45,-3683.0,-0.8236425440558137,0.08667080617398754,2.4554584622805717,0.0,0.0
2020-11-23,,,,1856.8,1837.5,1787.5,1744.9166666666667,1802.208418125672,36.357142857142854,75.20661157024793,36.828496823464775,28.665058069005823,8.163438754458952,1901.139318621823,1673.860681378177,1787.5,227.2786372436458,-27.56756756756757,79.60340644180492,84.71958564068672,69.37104804404134,70.08186552011506,37.13163064833006,10.019646365422398,45.46193240214956,80.10263448399319,1898.0,1880.0,1708.0,0,0,1028571.9,41635895,1789.6753307506585,0.03773584905660377,0.9622641509433962,0.6226415094339622,21663056.603773583,-1.7553191489361741,-4.313725490196097,4.766825216188424,-1.4690260543773437,66.33816934845687,39.927565392354126,0.0,0.85,448551.95,-38702.0,-8.726946380533828,0.08364950091328269,2.479083375542433,0.2,0.0
2020-11-24,,,,1854.6,1844.9,1792.1,1746.2,1806.3790449708463,36.42857142857143,74.47698744769875,35.654701576208936,30.062986770446447,5.591714805762489,1907.4646849183312,1676.7353150816687,1792.1,230.7293698366625,-28.10810810810811,69.73560429453661,79.72492519197002,49.75696249966981,45.83630100120483,37.05882352941176,13.529411764705882,48.24744504785847,77.70040632599733,1898.0,1880.0,1708.0,0,0,1013482.05,40779952,1794.5889184388282,0.7307692307692307,0.2692307692307692,0.038461538461538464,32920884.615384616,-1.8085106382978666,-4.313725490196097,3.5571262427876547,-1.4690260543773437,68.31976170047434,39.927565392354126,0.0,0.85,439765.55,-23579.0,-5.825211537273789,0.06998491713777535,2.5497697795599485,0.4,0.0
2020-11-25,,,,1855.6,1847.6,1797.35,1748.3166666666666,1809.104850211718,37.42857142857143,71.08433734939759,33.451247162248364,30.74063884880683,2.710608313441533,1910.3479506101562,1684.3520493898436,1797.35,225.9959012203126,-37.724550898203596,55.11785384341657,71.52256807578553,22.308425378678635,39.19593633056142,37.404580152671755,11.450381679389311,51.593108313164585,53.64064955474068,1898.0,1880.0,1708.0,0,0,1008144.05,39890314,1799.3266913592358,0.32432432432432434,0.6756756756756757,0.2972972972972973,24044270.27027027,-2.393617021276595,-4.313725490196097,4.2425985931616434,-1.4690260543773437,69.00303458379113,39.927565392354126,0.0,0.85,433081.15,-8700.0,-2.282290475241089,0.06950837837054082,2.5581592842525263,0.4,0.0
2020-11-26,,,,1850.0,1849.4,1804.05,1750.3833333333334,1812.2377216201257,35.285714285714285,68.9655172413793,31.90208775345036,30.972928629735538,0.9291591237148218,1910.4385134282068,1697.6614865717931,1804.05,212.7770268564136,-37.086092715231786,48.11778491521889,63.72097368892999,16.9114073677967,32.30482225900015,28.74493927125506,13.157894736842106,52.35642543644127,43.0908633274603,1747.0,1880.0,1725.0,0,0,1002845.05,40716380,1804.7093216444555,0.8,0.2,0.23333333333333334,27535533.333333332,-2.021276595744692,-3.3613445378151474,5.725387605923184,-1.4690260543773437,69.01299350324837,40.25806451612904,0.0,0.9,427714.2,1949.0,0.5232270950560558,0.07137534269416664,2.420523145889077,0.4,0.0
2020-11-27,,,,1843.4,1850.6,1809.25,1752.0166666666667,1815.5484147991615,36.07142857142857,68.5589519650655,30.72366271517876,30.923075446824186,-0.19941273164542395,1913.2133032422626,1705.2866967577374,1809.25,207.9266064845251,-35.172413793103445,45.411856610145925,57.61793466266863,20.99970050510052,41.572566045303475,32.07920792079208,12.871287128712874,52.58814672543128,3.037131930093575,1747.0,1880.0,1725.0,0,0,983303.95,41450854,1810.7519761649826,0.36363636363636365,0.6363636363636364,0.15151515151515152,22256787.87878788,-1.7553191489361741,-3.3613445378151474,4.731979743233805,-1.4690260543773437,69.01299350324837,40.56451612903226,0.0,0.9,421684.65,-21112.0,-5.638211219271183,0.07766262242652687,2.351006805504323,0.4,0.0
2020-11-30,,,,1841.4,1849.1,1814.1,1752.1833333333334,1817.5914229135271,36.285714285714285,64.19213973799127,28.652547226901333,30.468969802839617,-1.816422575938283,1913.4068609491255,1714.7931390508743,1814.1,198.61372189825124,-45.86466165413534,39.68633577931297,51.640735034883406,15.777537268172097,30.109110782041867,28.937007874015748,14.173228346456694,51.90507897778428,0.0,1898.0,1880.0,1725.0,0,0,974714.65,40743337,1814.7887859111722,0.2647058823529412,0.7352941176470589,0.29411764705882354,20809323.529411767,-2.28723404255321,-3.3613445378151474,4.380071279637647,-1.4690260543773437,69.01299350324837,40.56451612903226,0.0,0.9,415806.2,-21162.0,-5.9892509332555965,0.09051193845656624,2.2097035825823363,0.4,0.0
2020-12-01,,,,1837.6,1846.1,1819.2,1751.6833333333334,1818.4874778741437,34.42857142857143,54.67980295566502,25.90563284461109,29.55630241119391,-3.6506695665828204,1909.2890787235233,1729.1109212764768,1819.2,180.1781574470465,-68.26923076923077,30.20755718620865,44.49634241865849,1.629986721308967,14.124620042277726,24.688796680497923,16.182572614107883,49.88181124254384,0.0,1898.0,1880.0,1729.0,0,0,961081.85,40227543,1818.4193352002226,0.23809523809523808,0.7619047619047619,0.47619047619047616,24561619.047619045,-2.819148936170246,-3.1372549019608065,4.710001109411207,-1.4690260543773437,69.01299350324837,40.56451612903226,0.0,0.95,410416.5,-244.0,-0.07345614156564206,0.10122821359053615,2.071408309027239,0.4,0.0
2020-12-02,,,,1844.6,1850.1,1826.25,1752.5166666666667,1823.3934323623205,35.642857142857146,60.0,26.888470489886913,29.022736026932513,-2.1342655370456,1908.3305124637134,1744.1694875362866,1826.25,164.16102492742675,-32.94117647058823,41.805038124139095,43.59924098715203,38.216632398113234,40.44577002062989,27.655310621242485,15.631262525050097,48.22041362678938,20.023174971031306,1813.0,1880.0,1730.0,0,0,970620.6,41158084,1823.463626381582,0.8958333333333334,0.10416666666666667,0.8958333333333334,19386270.833333332,-0.531914893617047,-3.08123249299721,5.816666596586855,-1.4690260543773437,69.01299350324837,40.56451612903226,0.0,1.0,406186.8,11470.0,3.4555790881729997,0.10808256934722592,2.1357074118382404,0.5,0.0
2020-12-03,,,,1850.0,1850.0,1833.2,1753.1333333333334,1827.7369149944805,35.92857142857143,57.72727272727272,27.272306588152333,28.67265013917648,-1.4003435510241466,1903.6858328429832,1762.7141671570168,1833.2,140.9716656859664,-34.11764705882353,49.12002541609273,45.4395024634656,56.481071321346974,55.82078861735624,26.838966202783297,15.506958250497016,45.99654409380198,11.469503844938368,1898.0,1880.0,1754.0,0,0,963901.4,40632353,1828.076819440937,0.4074074074074074,0.5925925925925926,0.037037037037037035,19471518.51851852,-0.5851063829787395,-2.819148936170246,5.724243605098897,-1.4690260543773437,69.01299350324837,40.56451612903226,0.0,1.0,401280.9,-18042.0,-5.253977175106361,0.11768514937005965,2.0176596346662636,0.4,0.0
2020-12-04,,,,1857.0,1850.2,1839.6,1754.6,1832.9048278521489,36.857142857142854,56.944444444444436,28.29927439633002,28.597974990607188,-0.2987005942771681,1902.6602051509049,1776.539794849095,1839.6,126.1204103018099,-18.823529411764707,63.222874086918964,51.36729300461672,86.93403625152344,51.67185657742307,22.093023255813954,18.798449612403104,42.55042631019565,8.523239345950808,1813.0,1882.0,1762.0,1,0,910979.75,41330556,1836.394900856285,0.8775510204081632,0.12244897959183673,0.2653061224489796,14249040.81632653,0.0,-2.819148936170246,5.330244596347908,-1.4690260543773437,69.01299350324837,40.56451612903226,0.0,1.0,395013.05,-20568.0,-6.321710132009651,0.12995172406209676,2.0600772347611676,0.4,0.0
2020-12-07,,,,1878.6,1860.0,1848.75,1757.8833333333334,1843.5805585328965,40.214285714285715,66.05839416058394,33.80702097656808,29.639784187799368,4.167236788768715,1917.2708381672896,1780.2291618327104,1848.75,137.04167633457928,-7.042253521126761,73.04882603361507,58.594470680949506,101.95753673894622,126.63352195127219,32.149200710479576,17.229129662522205,40.75407062956541,42.82463989985708,1813.0,1945.0,1772.0,1,0,927932.15,42493094,1845.489924721328,0.8648648648648649,0.13513513513513514,0.8513513513513513,15709972.972972974,0.0,-2.819148936170246,6.337801201652859,-1.4690260543773437,69.01299350324837,41.42732558139536,1.0,1.0,390331.75,8110.0,2.6608746436035613,0.1393812281270623,2.377161898713898,0.5,1.0
2020-12-08,,,,1908.2,1872.9,1858.9,1761.5,1856.0966958154777,40.0,76.17328519855596,40.130104240554374,31.73784819835037,8.392256042204004,1938.7548683549726,1779.0451316450276,1858.9,159.709736709945,-1.2578616352201257,81.61326347733667,66.26740161307856,112.30498720585291,145.6958280635408,36.25,13.75,40.01372728192593,80.89319852249103,1813.0,1975.0,1808.0,1,0,923254.65,43281571,1854.1153525375332,0.9512195121951219,0.04878048780487805,0.7317073170731707,19231146.341463417,0.0,-2.819148936170246,6.836491581252006,-1.4690260543773437,69.34536968803734,41.82151635469844,1.0,1.0,385531.7,11444.0,3.657433596359194,0.14482347650651614,2.552576770197168,0.6,1.0
2020-12-09,,,,1933.8,1889.2,1868.4,1765.6833333333334,1869.6112962140035,41.0,74.61538461538461,46.46152156429821,34.682582871539935,11.778938692758274,1965.9950818432467,1770.8049181567535,1868.4,195.19016368649318,-17.80821917808219,81.6956640236508,71.41015574993597,102.26668057108049,144.9142209384785,40.940766550522646,13.414634146341463,38.93008869828735,75.02986005882877,1813.0,1998.0,1824.0,1,0,915452.1,44440915,1867.6421894893974,0.44285714285714284,0.5571428571428572,0.32857142857142857,16562057.142857142,0.0,-2.819148936170246,6.495122288379799,-1.4690260543773437,70.14907085971004,42.45849078209092,1.0,1.0,377096.7,-30732.0,-9.475212816141031,0.1494711378202391,2.800334212722676,0.3,1.0
2020-12-10,,,,1958.2,1904.1,1876.75,1769.65,1881.1721251460033,41.857142857142854,71.59533073929961,50.334153124903196,37.81289692221259,12.521256202690608,1986.2058310340678,1767.2941689659322,1876.75,218.91166206813568,-21.004566210045663,80.6653264033641,74.49521263441201,93.00555394126829,114.18148872067594,38.39590443686008,13.139931740614335,37.82738713200962,78.7007316565908,2037.0,1998.0,1827.0,0,0,906941.65,43525351,1877.3457621005718,0.3023255813953488,0.6976744186046512,0.16279069767441862,21292186.04651163,-0.3503503503503591,-2.819148936170246,5.655805394262793,-1.4690260543773437,71.186536027378,42.605633802816904,1.0,1.0,365410.65,-47931.0,-16.32477206080195,0.15937143543670415,3.222497027454164,0.3,1.0
2020-12-11,,,,1979.4,1918.2,1884.4,1774.1666666666667,1891.3462084654316,41.42857142857143,81.05726872246696,52.55534134902473,40.76138580757502,11.793955541449712,2002.6065988005323,1766.1934011994679,1884.4,236.41319760106444,-22.374429223744293,79.51331837743653,76.16791454875352,86.20412603480258,95.99627340170407,38.44827586206897,10.517241379310343,37.79469095494725,99.99999999999999,2037.0,1998.0,1827.0,0,0,895838.95,42785548,1884.8088921005276,0.2553191489361702,0.7446808510638298,0.06382978723404255,15740489.361702127,-0.5005005005005003,-2.819148936170246,5.152144458966617,-1.4690260543773437,71.6125477772804,42.605633802816904,1.0,1.0,352973.1,-49134.0,-19.999348741035018,0.1877877090706357,3.5171506193258795,0.5,1.0
2020-12-14,,,,1967.6,1923.1,1886.1,1776.7833333333333,1890.8370457544381,47.142857142857146,56.09756097560975,45.55991512747892,41.7210916715558,3.8388234559231194,2003.3184645055658,1768.881535494434,1886.1,234.43692901113172,-68.94977168949772,62.373958283370385,71.56992912695914,43.98201659619289,24.389815491105804,33.78787878787879,20.757575757575758,36.17878102508383,5.374883366275057,2037.0,1998.0,1827.0,0,0,910399.75,41305279,1889.7270978490492,0.0425531914893617,0.9574468085106383,1.0851063829787233,15747542.55319149,-5.605605605605602,-5.605605605605602,0.9557444874318137,-1.9240924269018398,71.6125477772804,42.605633802816904,2.0,0.95,350182.65,185061.0,94.15754233148812,0.18180536542174852,3.549882470343019,0.1,0.0
2020-12-15,,,,1954.8,1931.5,1888.8,1780.6333333333334,1892.7573271111582,47.92857142857143,61.11111111111111,41.55426877011428,41.6877270912675,-0.13345832115322054,2005.6833876809678,1771.916612319032,1888.8,233.76677536193574,-57.534246575342465,53.70385097679238,65.61456974357021,29.882413443236715,9.571422721797164,32.190760059612515,21.609538002980628,33.788966027062465,24.3818273230038,1818.0,1998.0,1827.0,0,0,923585.45,42394306,1892.0881002402107,0.8541666666666666,0.14583333333333334,0.5208333333333334,22688062.5,-4.3543543543543395,-5.605605605605602,1.4155295867693607,-1.9240924269018398,71.6125477772804,42.605633802816904,2.0,0.95,348241.95,15797.0,4.139620812096267,0.17648024551289893,3.611753221586407,0.1,0.0
2020-12-16,,,,1936.6,1935.2,1892.65,1784.9833333333333,1894.113772148191,50.07142857142857,59.587020648967545,37.6233006124055,40.8748417954951,-3.2515411830896,2006.4092564191706,1778.8907435808296,1892.65,227.51851283834094,-60.46511627906977,47.25037876567304,59.49317275093782,22.76479079514347,16.89835135063928,34.52211126961483,19.971469329529246,33.039216244760894,18.603825464835353,2037.0,1998.0,1827.0,0,0,954596.6,40839656,1896.5743583380317,0.38333333333333336,0.6166666666666667,0.06666666666666667,25910833.333333332,-4.554554554554535,-5.605605605605602,2.0139617978281272,-1.9240924269018398,71.6125477772804,46.63136298103582,2.0,0.95,350801.4,52031.0,13.092787655824578,0.184245658248328,3.5138608183048694,0.0,0.0
2020-12-17,,,,1921.2,1939.7,1894.85,1789.3333333333333,1896.0076986102679,50.285714285714285,59.82404692082111,34.67313125109604,39.63449968661529,-4.961368435519255,2008.4666685324428,1781.233331467557,1894.85,227.23333706488575,-57.2093023255814,40.28268764018921,53.08967771402162,14.66870749252439,9.98632281901975,31.53409090909091,19.886363636363637,31.604977399662168,19.502419264365106,1822.0,1998.0,1827.0,0,0,944794.0,41937814,1899.5815184932733,0.8333333333333334,0.16666666666666666,0.19444444444444445,30504388.88888889,-4.204204204204187,-5.605605605605602,1.2281730181018353,-1.9240924269018398,71.6125477772804,47.749781277340325,2.0,0.95,351675.75,15214.0,3.3851541831596776,0.187977821032456,3.2412090949158676,0.1,0.0
2020-12-18,,,,1913.8,1946.6,1898.4,1794.4833333333333,1901.2450606473853,51.714285714285715,65.48913043478261,34.91817655205227,38.69123505970269,-3.7730585076504184,2014.4732980762835,1782.3267019237167,1898.4,232.14659615256687,-40.0,43.02278976411816,49.73404839738713,29.60027249758022,40.7159400651141,37.292817679558006,18.370165745856355,31.587010390974875,40.979401033748886,1822.0,1998.0,1827.0,0,0,952928.15,43176498,1903.6737465463686,0.6792452830188679,0.32075471698113206,0.6981132075471698,23371396.226415094,-2.352352352352327,-5.605605605605602,1.838572867522715,-1.9240924269018398,71.6125477772804,47.81642512077294,2.0,0.95,353138.65,8088.0,1.7406762553077826,0.19404604625033375,3.0124475599232197,0.2,0.0
2020-12-21,,,,1933.0,1950.3,1905.15,1799.7166666666667,1908.9360072523964,55.42857142857143,69.9228791773779,37.18517014622512,38.39002207700718,-1.2048519307820627,2024.2983374444623,1786.001662555538,1905.15,238.29667488892437,-26.19047619047619,51.03714926390312,50.16841535289245,52.77461708592443,55.39675226051171,38.65979381443299,16.3659793814433,32.99437037249765,55.39054520183215,1822.0,1998.0,1827.0,0,0,957376.2,44413601,1910.2702700185503,0.7808219178082192,0.2191780821917808,0.4246575342465753,16946616.43835616,-0.8008008008007605,-5.605605605605602,3.4527374833724185,-0.8226280761492011,71.6125477772804,50.26697177726926,2.0,0.95,356827.4,5815.0,1.23007604683385,0.20534385428122795,2.7536568170023887,0.6,0.0
2020-12-22,,,,1937.2,1946.0,1909.45,1804.7666666666667,1911.1325779902634,55.785714285714285,57.82828282828283,34.54893811720149,37.621805285046044,-3.0728671678445565,2025.7843186003188,1793.1156813996813,1909.45,232.66863720063748,-53.03030303030303,47.532391448266566,49.28974071801716,44.01769290876538,35.51277390414612,34.31498079385403,16.261203585147246,33.55997214063106,6.934062971514566,2037.0,1998.0,1827.0,0,0,972878.35,43247615,1915.6343068825959,0.0,1.0,0.9433962264150944,21999735.849056605,-3.303303303303262,-5.605605605605602,2.141239637771876,-2.6531083575113636,71.6125477772804,52.36953142349545,2.0,0.95,359832.2,-37258.0,-7.7856023404032975,0.20988096108963955,2.7340255200077337,0.5,0.0
2020-12-23,,,,1943.8,1940.2,1914.7,1809.55,1913.881856276905,57.92857142857143,58.80893300248139,32.72797070851129,36.643038369739095,-3.915067661227802,2026.2670202165045,1803.1329797834956,1914.7,223.13404043300898,-48.98989898989899,46.938805627820415,48.50609568795157,43.8042255075581,14.848071196518472,31.812577065351412,20.098643649815042,33.260311946688304,10.862995890699231,1839.0,1998.0,1827.0,0,0,993569.75,44551081,1919.9707386924772,0.7719298245614035,0.22807017543859648,0.14035087719298245,22867824.56140351,-2.9029029029028486,-5.605605605605602,2.6003854447042296,-2.6531083575113636,71.6125477772804,53.43512114489539,2.0,0.95,363073.5,-3970.0,-0.8996310832736554,0.2133460428591282,2.6383109662474227,0.6,0.0
2020-12-24,,,,1942.0,1931.6,1917.85,1813.4666666666667,1913.035965202914,58.42857142857143,52.70588235294118,28.136295722118348,34.94168984021495,-6.805394118096601,2024.2104101256439,1811.489589874356,1917.85,212.72082025128793,-79.04191616766467,40.407120418546945,45.806437264816694,29.608486726007442,4.003143615267695,31.784841075794624,17.6039119804401,34.735740464489304,0.0,2037.0,1998.0,1827.0,0,0,998276.1,43630888,1923.5231603761724,0.05357142857142857,0.9464285714285714,0.625,16432017.857142858,-4.65465465465461,-5.605605605605602,1.5814105957376978,-2.6531083575113636,71.6125477772804,53.43512114489539,2.0,0.9,366977.5,15203.0,3.476385820974026,0.21796948042929298,2.5723187797759017,0.2,0.0
2020-12-25,,,,1934.6,1924.2,1921.2,1817.5,1913.1277780407318,55.714285714285715,45.82210242587601,24.936136735945865,32.94057921936113,-8.004442483415268,2022.2525657894025,1820.1474342105976,1921.2,202.10513157880496,-73.65269461077844,38.39641361236463,43.336429380666004,28.516382075761896,-14.235313576338049,24.743589743589745,20.769230769230766,33.201209537922715,0.0,1870.0,1998.0,1827.0,0,0,1014439.0,44688620,1925.2712222223317,0.8333333333333334,0.16666666666666666,0.25,29381444.444444444,-4.204204204204165,-5.605605605605602,1.6664649493175612,-2.6531083575113636,71.6125477772804,53.43512114489539,2.0,0.85,371001.6,-18710.0,-4.134578200099437,0.21908624743725,2.535910697792012,-0.1,0.0
2020-12-28,,,,1908.4,1920.7,1921.9,1820.5166666666667,1907.2108467987573,58.857142857142854,34.65346534653466,17.119076142950917,29.776278604079092,-12.657202461128175,2020.6647923630494,1823.1352076369508,1921.9,197.52958472609862,-93.93939393939394,28.11333234535001,38.262063702227344,7.8158696315953335,-52.35584758456579,21.237864077669904,25.121359223300974,30.585278348693098,0.0,2037.0,1998.0,1827.0,0,0,1039895.45,43471974,1924.9373737363055,0.1411764705882353,0.8588235294117647,0.7411764705882353,14313482.352941178,-7.357357357357319,-7.357357357357319,0.45327266768540847,-3.383498483061378,71.6125477772804,53.43512114489539,3.0,0.8,375763.35,-6409.0,-1.4773578599172499,0.2173586984285206,2.5882055730316247,-0.2,-1.0
2020-12-29,,,,1893.4,1915.3,1923.4,1823.55,1902.4288613893518,56.57142857142857,31.7829457364341,11.278141762194991,26.076651235702272,-14.79850947350728,2016.865220100372,1829.9347798996282,1923.4,186.93044020074376,-86.45833333333333,23.93184232204971,33.485323242168135,4.824880481812869,-76.32438590591158,14.520202020202019,27.146464646464647,29.13256439597914,0.0,1831.0,1998.0,1851.0,0,0,1062762.85,44445116,1923.9009347977615,0.6842105263157895,0.3157894736842105,0.15789473684210525,25609000.0,-7.057057057057015,-7.357357357357319,0.7980595183352676,-3.383498483061378,71.6125477772804,53.43512114489539,3.0,0.75,381027.3,9800.0,2.2929018310458904,0.21545182748454178,2.5049276988977143,-0.1,0.0
2020-12-30,,,,1875.8,1909.8,1922.5,1826.1,1897.6261126856039,55.0,31.94805194805194,6.174524891093142,22.096225966780448,-15.921701075687306,2018.4440626505082,1826.5559373494918,1922.5,191.88812530101632,-89.0625,20.146178314500208,29.03894159961216,2.3606517442763106,-75.42433597781026,14.935064935064933,27.922077922077925,27.796593523584427,0.3350755558115734,2023.0,1998.0,1851.0,0,0,1053440.9,43701014,1924.3134063018313,0.47619047619047616,0.5238095238095238,0.23809523809523808,35433428.571428575,-7.307307307307276,-7.357357357357319,-0.24898718653062568,-3.383498483061378,71.6125477772804,53.43512114489539,3.0,0.7,385656.6,-1223.0,-0.2797308362648243,0.21384044814227426,2.2501594967220417,0.1,0.0
2020-12-31,,,,1866.6,1904.3,1922.0,1828.05,1893.947435286975,54.5,33.41902313624678,2.664004266827078,18.209781626789773,-15.545777359962695,2019.2138175146897,1824.7861824853103,1922.0,194.42763502937942,-79.88505747126437,20.135766385912017,26.071216528378777,8.264866100978495,-75.4125688771093,14.94102228047182,30.275229357798164,26.144507091951148,4.289670306703587,1824.0,1998.0,1851.0,0,0,1077167.3,44701273,1922.12576291538,0.875,0.125,0.175,25006475.0,-6.956956956956917,-7.357357357357319,-0.0718842661563209,-3.383498483061378,71.6125477772804,52.73526929759246,3.0,0.65,391078.4,-2192.0,-0.5027718970693762,0.20931379956809362,2.3046377603545793,0.2,-1.0
2021-01-04,,,,1857.4,1896.0,1921.3,1830.0166666666667,1891.4762509739298,50.642857142857146,46.95945945945946,0.601186065287493,14.688062514489317,-14.086876449201824,2019.9180297382968,1822.681970261703,1921.3,197.2360594765937,-74.71264367816092,22.533575106135963,24.892002720964506,17.81671987647887,-65.05246195735124,18.05359661495063,19.322990126939352,24.680745486680113,39.79166284210959,1824.0,1998.0,1851.0,0,0,1077236.2,45400854,1921.7219306685015,0.8076923076923077,0.19230769230769232,0.17307692307692307,13453480.76923077,-6.50650650650646,-7.357357357357319,-0.15882314410832582,-3.383498483061378,71.6125477772804,52.340144478844174,3.0,0.6,397732.1,4070.0,0.9382398436113215,0.2007854701360935,2.136540580200871,0.5,0.0
2021-01-05,,,,1854.2,1881.3,1915.8,1830.85,1886.0975604049843,50.714285714285715,37.5,-3.6543117970616095,11.019587652179132,-14.673899449240741,2020.9086655749054,1810.6913344250945,1915.8,210.2173311498109,-93.67816091954023,17.75870181205084,22.514235751326616,8.247633933499287,-65.88204792818328,18.450704225352112,17.6056338028169,23.44332834184434,14.989680756570369,1998.0,1998.0,1835.0,0,1,1066506.05,44452919,1918.217232257301,0.061224489795918366,0.9387755102040817,0.673469387755102,19345612.244897958,-8.158158158158123,-8.158158158158123,-2.428569782861886,-3.383498483061378,71.6125477772804,50.26697177726926,2.0,0.55,404031.75,1029.0,0.23500608640640852,0.1924506939373183,1.9991935722454623,0.2,0.0
2021-01-06,,,,1843.4,1868.4,1907.2,1831.7,1878.183507033081,49.642857142857146,34.33734939759036,-9.499453292667795,6.915779463209747,-16.41523275587754,2019.7935400595782,1794.606459940422,1907.2,225.18708011915624,-96.05911330049261,13.475126361408128,19.501199288020455,1.4229805081834712,-87.81009655304338,15.107913669064747,23.30935251798561,23.060952907995294,6.697451806284661,1998.0,1998.0,1803.0,0,1,1090383.75,43186888,1910.4824487556177,0.17777777777777778,0.8222222222222222,0.7111111111111111,28134022.22222222,-9.759759759759723,-9.759759759759723,-3.933778102781559,-3.383498483061378,71.6125477772804,47.81642512077294,2.0,0.5,411138.05,27577.0,6.283351181389407,0.18625227150394613,2.0968464701087206,-0.2,0.0
2021-01-07,,,,1830.6,1853.2,1896.7,1832.5666666666666,1869.594601601359,49.07142857142857,31.47058823529413,-15.167305424066853,2.4991624857544266,-17.66646790982128,2012.7546150922078,1780.6453849077923,1896.7,232.10923018441554,-95.89041095890411,11.052383091513466,16.684927222518127,-0.2127051704958518,-94.87584933044465,15.283842794759826,25.909752547307132,23.28546142955787,0.0,1998.0,1991.0,1788.0,0,1,1080507.05,42225078,1900.341221882819,0.32142857142857145,0.6785714285714286,0.5357142857142857,34350357.14285714,-10.195881466599666,-10.195881466599666,-4.936955273203102,-3.383498483061378,71.6125477772804,47.749781277340325,2.0,0.45,419609.0,-3439.0,-0.7372440065428032,0.17190193391784309,2.1709455266330977,-0.2,0.0
2021-01-08,,,,1815.2,1840.9,1886.25,1833.6666666666667,1861.2522585917059,48.642857142857146,22.6537216828479,-19.913716006512686,-1.983413212698996,-17.93030279381369,2004.175712566007,1768.324287433993,1886.25,235.8514251320139,-93.91304347826087,10.359708385795303,14.57652094361052,1.9260832701648702,-87.72382614466318,9.691629955947135,27.75330396475771,24.3026226364724,0.0,1998.0,1988.0,1782.0,0,1,1093645.1,41046753,1890.2931253932377,0.2916666666666667,0.7083333333333334,0.125,24548437.5,-10.36217303822935,-10.36217303822935,-4.929938928247592,-3.383498483061378,71.6125477772804,47.50212811236433,2.0,0.4,429046.7,-28596.0,-6.175868414005203,0.1384504611791063,2.252241539431967,0.0,0.0
2021-01-11,,,,1800.2,1828.8,1876.5,1834.7833333333333,1854.752043487734,47.714285714285715,17.301038062283737,-22.527983944252128,-6.092327359009623,-16.435656585242505,1991.2051139133941,1761.7948860866059,1876.5,229.4102278267883,-77.41935483870968,19.86943522015983,16.34082570246029,26.92665425555891,-90.3105754098456,5.389221556886228,32.93413173652694,26.542606744869857,0.0,1737.0,1982.0,1782.0,0,0,1117802.7,42269708,1880.5356492846786,0.9333333333333333,0.06666666666666667,0.18333333333333332,20382583.333333332,-9.535822401614524,-10.36217303822935,-4.532736205259926,-3.383498483061378,71.6125477772804,46.73198805274277,2.0,0.35,441511.3,11404.0,2.6250368296994786,0.05237488140514106,2.4813087980726367,0.0,0.0
2021-01-12,,,,1788.6,1821.4,1871.05,1835.9,1847.3470869650926,46.857142857142854,19.607843137254903,-25.595823679583418,-9.993026623124383,-15.602797056459035,1993.9217345766908,1748.178265423309,1871.05,245.74346915338174,-81.90045248868778,22.50554940603248,18.39573360365102,30.72518101079539,-80.18977582778527,5.487804878048781,33.53658536585366,29.126806564038027,5.557509187817612,1958.0,1982.0,1777.0,0,1,1096390.2,41217689,1873.120378052145,0.6097560975609756,0.3902439024390244,0.3902439024390244,25659000.0,-10.343087790110983,-10.36217303822935,-3.318991182188382,-2.5611459246067265,71.6125477772804,45.17880870126419,1.0,0.35,444564.7,-3163.0,-0.7094537004638468,0.041238087473817964,2.5246425008068907,0.3,0.0
2021-01-13,,,,1775.6,1809.5,1862.4,1836.2666666666667,1836.9330786827027,46.07142857142857,14.685314685314694,-30.818822632568526,-14.158185825013213,-16.660636807555314,1997.2080897150524,1727.5919102849477,1862.4,269.6161794301047,-98.65470852017937,15.68863111087097,17.49336610605767,12.079161120497567,-85.54662009835405,5.58139534883721,31.16279069767442,32.4878731711433,0.0,1958.0,1982.0,1738.0,0,1,1089318.85,40270089,1866.4962831589667,0.06521739130434782,0.9347826086956522,0.8478260869565217,20600000.0,-12.310797174571132,-12.310797174571132,-5.316298069647305,-2.5611459246067265,71.6125477772804,42.605633802816904,1.0,0.3,447973.0,22895.0,5.171989256177811,0.033855579142073294,2.3888981894478585,0.3,0.0
2021-01-14,,,,1756.6,1793.6,1851.7,1836.3,1823.2251664272071,45.5,14.189189189189179,-38.14944776516313,-18.9564382130432,-19.193009552119932,2004.388330647039,1699.011669352961,1851.7,305.3766612940781,-99.14163090128756,10.80996460022977,15.26556560411504,1.898762592459235,-99.68565537264988,4.866562009419153,38.46153846153846,35.97525607092397,0.0,1958.0,1982.0,1693.0,0,1,1065787.15,39186073,1855.1245011726778,0.041666666666666664,0.9583333333333334,0.9375,22583666.666666668,-14.58123107971745,-14.58123107971745,-6.3277150724192275,-2.624300622991151,71.6125477772804,41.58450704225353,1.0,0.25,448488.7,-5821.0,-1.2503007079524342,0.034320401283759405,2.4450252991743,0.3,0.0
2021-01-15,,,,1740.0,1777.6,1840.95,1836.05,1811.3941981960445,45.142857142857146,13.310580204778148,-42.979431014174,-23.76103677326936,-19.218394240904637,2005.0199144940818,1676.8800855059183,1840.95,328.1398289881636,-93.3609958506224,9.900245760422541,13.47712565621754,2.746485968832541,-90.64670500165144,4.905063291139241,37.18354430379746,40.829494282146186,0.0,1683.0,1982.0,1693.0,0,0,1062051.2,40209512,1844.9557642167658,0.5161290322580645,0.4838709677419355,0.1935483870967742,33014161.290322583,-14.278506559031278,-14.58123107971745,-6.336452531701697,-2.624300622991151,71.6125477772804,36.93069306930693,1.0,0.2,447056.8,-23738.0,-5.163274583629695,0.033866002237302864,2.3720160943808004,0.1,0.0
2021-01-18,,,,1728.2,1764.2,1830.1,1836.5,1804.0233221773735,43.285714285714285,27.924528301886795,-43.481789046713175,-27.70518722795812,-15.776601818755054,1992.216137707673,1667.9838622923269,1830.1,324.23227541534607,-74.24242424242425,17.428189317988696,14.794146876807925,22.69627420035024,-69.00210590782915,9.405940594059405,31.353135313531354,44.07729360324394,43.43071276311682,1683.0,1982.0,1693.0,0,0,1050282.05,41212813,1833.1553510951337,0.8305084745762712,0.1694915254237288,0.5932203389830508,17005101.694915254,-12.512613521695249,-14.58123107971745,-6.217733143571807,-2.624300622991151,71.6125477772804,34.5902421567458,1.0,0.15,445046.8,-3474.0,-0.7967725436860196,0.031884839426039424,2.287320725958952,-0.2,-1.0
2021-01-19,,,,1718.8,1753.7,1817.5,1836.7166666666667,1796.9734819700047,42.5,25.855513307984793,-43.69894375543504,-30.903938533453505,-12.795005221981533,1968.711946061047,1666.288053938953,1817.5,302.423892122094,-76.26262626262626,23.398241500213015,17.662178417942954,34.87036766475313,-59.30151535005487,9.579831932773109,30.58823529411765,45.64859538375073,37.28187500171009,1881.0,1940.0,1693.0,0,0,1030363.6,40374079,1820.801085008567,0.5555555555555556,0.4444444444444444,0.14814814814814814,31064222.222222224,-10.824742268041243,-14.58123107971745,-7.6496933607488575,-2.624300622991151,71.6125477772804,34.15368414532164,1.0,0.1,443475.25,14584.0,3.3717502629845075,0.02667217755126193,2.1871903421269168,-0.5,0.0
2021-01-20,,,,1717.8,1746.7,1807.55,1836.3666666666666,1790.8807694014329,42.642857142857146,27.203065134099617,-43.13176931063981,-33.34950468889077,-9.782264621749043,1953.1225176492005,1661.9774823507994,1807.55,291.1450352984011,-74.74747474747475,28.130155987610678,21.151504274498862,42.08745941383431,-53.083649649917014,9.715242881072028,30.4857621440536,47.17456940972476,41.28662005106371,1683.0,1940.0,1693.0,0,0,1009864.05,41130074,1810.0378223517644,0.5652173913043478,0.43478260869565216,0.13043478260869565,32869347.82608696,-10.670103092783501,-14.58123107971745,-6.382904077505522,-2.624300622991151,71.6125477772804,33.12482889860781,1.0,0.05,443653.25,-2267.0,-0.5070238571834307,0.02664389487948377,2.1200037655553188,-0.4,0.0
2021-01-21,,,,1730.4,1743.5,1798.35,1836.8,1787.5587913632012,42.857142857142854,31.407942238267154,-40.361113898784424,-34.7518265308695,-5.6092873679149235,1931.395738079213,1665.3042619207868,1798.35,266.0914761584263,-63.13131313131313,40.09846656483987,27.467158371279197,65.36108295196121,-38.44893976624328,13.16666666666667,27.333333333333332,47.25073943758561,53.78295632527273,1683.0,1914.0,1693.0,0,0,992129.0,42078839,1799.1971100700275,0.7906976744186046,0.20930232558139536,0.5348837209302325,22064302.325581398,-8.254963427377193,-14.58123107971745,-5.628462275965418,-2.624300622991151,71.6125477772804,31.915030705728373,1.0,0.0,443931.5,-1965.0,-0.4417199428124463,0.026420552726025018,2.076878727941008,-0.6,1.0
2021-01-22,,,,1746.0,1743.0,1791.95,1837.95,1786.5531921857535,41.642857142857146,34.256055363321806,-36.05520309007943,-35.01250184271149,-1.042701247367944,1915.3602699811975,1668.5397300188026,1791.95,246.82053996239483,-52.525252525252526,55.21715952807506,36.717158756877815,92.21716107046954,-16.347929746068115,14.922813036020582,28.1303602058319,49.19938689626839,86.58940700463195,1683.0,1914.0,1693.0,0,0,1000585.65,43168165,1792.0851677881512,0.7142857142857143,0.2857142857142857,0.6,31123600.0,-7.157784743991602,-14.58123107971745,-3.8632859115895153,-2.624300622991151,71.6125477772804,31.915030705728373,1.0,0.0,443660.3,4214.0,0.9514842386432631,0.026104516511287163,2.094705068615276,-0.3,0.0
2021-01-25,,,,1760.2,1744.2,1786.5,1838.9833333333333,1788.3100310252055,42.357142857142854,44.71830985915493,-30.037122506734022,-34.01742597551599,3.980303468781969,1896.0666103575952,1676.9333896424048,1786.5,219.13322071519042,-22.29299363057325,70.1447730187167,47.85969684415744,114.71492536783524,-0.5469133406243835,17.200674536256326,28.66779089376054,50.81769046769697,100.0,1683.0,1868.0,1693.0,0,0,1027870.05,44771585,1785.6973277247773,1.0,0.0,0.4745762711864407,27176610.169491526,-3.3725910064239417,-14.58123107971745,-3.1101162624047123,-2.624300622991151,71.6125477772804,31.915030705728373,1.0,0.05,446819.55,49899.0,11.160565509806508,0.03665658126726918,2.2760278279718826,0.0,0.0
2021-01-26,,,,1766.0,1742.4,1781.9,1839.3,1785.5185994989956,43.0,42.61744966442953,-28.64931438580288,-32.94380365757337,4.2944892717704874,1887.725874858012,1676.0741251419881,1781.9,211.65174971602391,-42.857142857142854,67.02984867914446,54.24974745581979,92.59005112579382,-7.229047508868992,17.441860465116278,22.093023255813954,50.13314698738349,93.31100904826899,1816.0,1868.0,1693.0,0,0,1022334.95,43665641,1779.9509751671897,0.09259259259259259,0.9074074074074074,0.8518518518518519,20480444.444444444,-5.835117773019228,-14.58123107971745,-2.8471702019658434,-2.5505117800254338,71.6125477772804,31.915030705728373,0.0,0.05,449358.8,-18809.0,-3.7845070422535265,0.03812136005678315,2.363408470467668,0.3,0.0
2021-01-27,,,,1774.2,1746.0,1777.75,1840.1166666666666,1784.4215900229008,42.714285714285715,47.651006711409394,-26.038931221132543,-31.562829170285205,5.523897949152662,1877.511557831875,1677.988442168125,1777.75,199.5231156637501,-31.57894736842105,68.95323245276298,59.15090912146752,88.5578791153539,-7.8386689392608035,17.558528428093645,19.565217391304348,48.676743587517194,100.0,1683.0,1868.0,1693.0,0,0,1010505.1,44402186,1776.0787194113784,0.7916666666666666,0.20833333333333334,0.625,30689375.0,-5.032119914346844,-14.58123107971745,-2.510416021454766,-2.5505117800254338,71.6125477772804,31.915030705728373,0.0,0.05,450813.3,-11895.0,-2.4874997647383545,0.03832703466963899,2.3394354640920434,0.3,0.0
2021-01-28,,,,1781.0,1755.7,1774.65,1841.1333333333334,1784.9528671635767,41.214285714285715,51.29870129870131,-22.420665992731074,-29.73439653477438,7.313730542043306,1868.3668748495643,1680.933125150436,1774.65,187.43374969912838,-14.4,74.42410618802084,64.24197481031862,94.78836894342527,11.347272225712981,19.23743500866551,18.370883882149045,45.39594739807368,100.0,1683.0,1868.0,1693.0,0,0,1020960.95,45355405,1773.6541293605144,0.8518518518518519,0.14814814814814814,0.5925925925925926,35304407.40740741,-4.1755888650963024,-14.58123107971745,-1.810577283939368,-2.5505117800254338,71.6125477772804,31.915030705728373,0.0,0.1,453524.15,23904.0,5.126357506819712,0.04188703826807698,2.299900074209084,0.6,0.0
2021-01-29,,,,1782.6,1764.3,1770.95,1842.05,1784.9573560051408,38.5,48.67549668874172,-19.729197041787074,-27.73335663617692,8.004159594389847,1856.0962518876565,1685.8037481123436,1770.95,170.29250377531298,-18.4,74.70567652678092,67.72987538247273,88.65727881539732,17.024018787666808,20.77922077922078,13.914656771799628,41.675311416408285,93.09467134877798,1808.0,1868.0,1693.0,0,0,1010409.15,44566182,1770.3417527939052,0.5454545454545454,0.45454545454545453,0.22727272727272727,35873772.72727273,-4.443254817987108,-14.58123107971745,-2.189671171293779,-2.5505117800254338,71.6125477772804,31.915030705728373,0.0,0.15,455475.55,-17381.0,-3.54569563443492,0.04142295454930797,2.146453254176561,0.5,0.0
2021-02-01,,,,1782.4,1771.3,1767.75,1842.8833333333334,1786.7709411475084,39.5,54.42622950819673,-15.879992626753847,-25.36268383429231,9.482691207538462,1841.6001327368683,1693.8998672631317,1767.75,147.70026547373664,-19.333333333333332,74.58254541313418,70.01409872602655,83.71943878734945,50.46119201496886,27.124773960216995,13.562386980108498,38.922335225932095,100.0,1683.0,1835.0,1693.0,0,0,1031053.85,45678657,1769.2602756555018,0.4727272727272727,0.5272727272727272,0.34545454545454546,20226818.18181818,-1.689373297002672,-14.58123107971745,-1.8343969676612755,-2.5505117800254338,71.6125477772804,31.915030705728373,0.0,0.2,457102.05,-2428.0,-0.5135157428106774,0.040843937190559135,1.9742139387326305,0.2,0.0
2021-02-02,,,,1784.2,1775.1,1764.4,1842.9833333333333,1784.9832324667932,40.07142857142857,54.966887417218544,-15.55506047677909,-23.401159162789668,7.846098686010578,1831.1419224364734,1697.6580775635268,1764.4,133.48384487294652,-43.333333333333336,63.53551075590327,67.85456940265212,54.897393462405574,30.710233211441547,26.737967914438503,12.655971479500892,36.50278902380957,100.0,1833.0,1805.0,1693.0,0,0,1031902.4,44713751,1766.271543122683,0.05555555555555555,0.9444444444444444,0.6666666666666666,17868629.62962963,-2.0498614958448624,-14.58123107971745,-1.94240794710713,-2.5505117800254338,71.6125477772804,31.915030705728373,0.0,0.25,458064.45,-12253.0,-2.6048542595415336,0.039669252817058374,1.9328901024063587,0.2,0.0
2021-02-03,,,,1783.4,1778.8,1762.75,1842.95,1783.5562579461462,38.42857142857143,64.86486486486487,-14.96367419999774,-21.713662170231284,6.749987970233544,1827.0613315708122,1698.4386684291878,1762.75,128.62266314162434,-42.0,51.552409469452755,62.42051609158567,29.81619622518693,10.35452156471382,27.881040892193305,6.877323420074349,35.28075870970765,100.0,1683.0,1805.0,1693.0,0,0,1006759.9,45476932,1763.4325273086463,0.6,0.4,0.08,30527240.0,-1.939058171745145,-14.58123107971745,-0.9485740896932526,-2.5505117800254338,71.6125477772804,31.915030705728373,0.0,0.3,457197.85,-9003.0,-1.9651284110901113,0.0397257900292698,1.9568218471191123,0.2,0.0
2021-02-04,,,,1788.8,1784.9,1764.2,1843.1,1786.7413762369895,40.285714285714285,69.66666666666666,-10.580523422462875,-19.487034420677606,8.906510998214731,1832.1151173000876,1696.2848826999125,1764.2,135.83023460017512,-10.81081081081081,61.57133811373478,62.13745676563538,60.43910080993359,61.483063468521905,33.687943262411345,5.141843971631206,35.05391959626847,100.00000000000001,1683.0,1817.0,1693.0,1,0,1000373.2,46311008,1763.6156978049123,0.9473684210526315,0.05263157894736842,0.8245614035087719,14632912.280701755,0.0,-14.58123107971745,0.9625013962888305,-2.5505117800254338,71.6125477772804,31.915030705728373,0.0,0.35,456039.0,-9284.0,-2.0670845068854526,0.04058229020880204,1.9471654901025643,-0.1,0.0
2021-02-05,,,,1798.8,1790.7,1766.85,1843.2833333333333,1791.3374356429906,38.42857142857143,67.84452296819788,-5.589957731545383,-16.707619082851163,11.117661351305781,1841.4923754345762,1692.2076245654237,1766.85,149.2847508691525,-4.761904761904762,72.08204150111054,65.4523183441271,85.34148781507741,95.15623819347181,33.64312267657993,5.390334572490707,36.37783377732551,95.84091365148302,1683.0,1835.0,1693.0,1,0,978305.05,47047970,1764.532109369499,0.8181818181818182,0.18181818181818182,0.5454545454545454,22332181.81818182,0.0,-14.58123107971745,1.6514126115387173,-2.5505117800254338,71.186536027378,31.915030705728373,0.0,0.4,457635.8,26517.0,6.028632423252422,0.03914229280463375,1.9293713536522845,0.0,0.0
2021-02-08,,,,1806.2,1794.3,1769.25,1843.3833333333334,1796.0672036769915,38.5,69.47368421052632,-1.137634666222084,-13.593622199525347,12.455987533303263,1850.2487004443535,1688.2512995556465,1769.25,161.99740088870703,-6.923076923076923,78.23013293056492,69.7115898729397,95.26721904581535,94.36456419437198,35.250463821892396,5.380333951762524,37.89317138482796,99.5455344125902,1683.0,1841.0,1693.0,1,0,952386.9,47752562,1766.5225274168165,0.6785714285714286,0.32142857142857145,0.21428571428571427,25164000.0,0.0,-14.58123107971745,1.5025269740215739,-2.5505117800254338,70.15517081178183,31.915030705728373,0.0,0.45,458347.5,-6298.0,-1.3504357074241802,0.03861902299281562,1.762668969777342,0.0,1.0
2021-02-09,,,,1825.8,1805.0,1773.7,1843.6166666666666,1802.7274699934685,39.285714285714285,71.66123778501628,4.35791912759214,-10.00331393410185,14.36123306169399,1865.544490995953,1681.855509004047,1773.7,183.68898199190608,-1.36986301369863,84.89678478556834,74.77332151048257,105.14371133573988,100.1997388722551,37.63636363636364,5.272727272727273,39.59010439532029,100.0,1683.0,1866.0,1693.0,1,0,926509.95,48287042,1768.6788710328117,0.9411764705882353,0.058823529411764705,0.7352941176470589,15720000.0,0.0,-14.58123107971745,2.679480525359045,-2.5505117800254338,70.15517081178183,31.915030705728373,0.0,0.5,458047.4,-23399.0,-5.085965179211859,0.03935948718949902,1.586237129263034,-0.2,1.0
2021-02-10,,,,1845.8,1814.6,1780.3,1843.8333333333333,1809.1343776131382,38.5,69.79166666666667,8.932977864881195,-6.216055574305242,15.149033439186438,1879.9796975579936,1680.6203024420063,1780.3,199.35939511598735,-1.5873015873015872,89.361389287245,79.63601076940338,108.81214632292824,90.40355513987328,35.064935064935064,5.380333951762524,42.33403807707253,95.00183932463517,1683.0,1870.0,1693.0,1,0,901311.45,48730672,1771.8545311945165,0.9375,0.0625,0.125,13863437.5,0.0,-14.58123107971745,4.262041401462406,-2.5505117800254338,69.81790916880891,31.915030705728373,0.0,0.55,454351.5,-45021.0,-10.310050358278888,0.05113119076237612,1.4729364247161203,-0.2,1.0
2021-02-18,,,,1866.6,1827.7,1791.7,1845.35,1819.788246411887,40.357142857142854,72.64150943396226,16.484001344354056,-1.676044190573383,18.160045534927438,1901.0253955183932,1682.3746044816069,1791.7,218.65079103678636,-5.405405405405405,91.01365346422395,83.42855833434356,106.18384372398475,119.57847107456506,40.0,5.132743362831859,45.66101030022474,100.0,1683.0,1921.0,1699.0,1,0,865371.75,49095894,1778.8391953708528,0.782608695652174,0.21739130434782608,1.108695652173913,7939608.695652174,0.0,-14.278506559031278,7.779318431916949,-2.0232109624042547,69.81790916880891,31.915030705728373,0.0,0.6,452764.25,36352.0,9.281756670496621,0.05282620147066854,1.264346229502031,0.1,1.0
2021-02-19,,,,1881.8,1840.3,1802.3,1846.0333333333333,1828.4750800869454,38.642857142857146,67.66666666666667,21.414472716085356,2.9420591907583646,18.472413525326992,1914.8439797075393,1689.7560202924606,1802.3,225.08795941507879,-11.299435028248588,90.22122352160385,85.69278006343032,99.27811043795089,101.14113984278218,38.447319778188536,4.251386321626617,49.59576602069474,83.43047940390838,1931.0,1921.0,1730.0,0,0,841073.15,48558427,1787.8438439431022,0.6285714285714286,0.37142857142857144,0.2857142857142857,15356200.0,-0.5205622071837723,-12.512613521695249,7.116046067160323,-2.0232109624042547,69.69166666666666,31.915030705728373,0.0,0.65,452828.9,9300.0,2.1728870425839153,0.05271714239851914,1.194113551544398,-0.3,1.0
2021-02-22,,,,1905.4,1855.8,1813.55,1847.35,1840.9060248405694,39.92857142857143,83.11258278145695,28.862397890905413,8.126126930787775,20.736270960117636,1941.3021860972312,1685.7978139027687,1813.55,255.50437219446258,-8.108108108108109,90.77811297836652,87.38789103507573,97.55855686494814,113.47205539294838,46.153846153846146,4.114490161001789,54.72899368898625,100.0,1755.0,1959.0,1730.0,1,0,833335.9,49406983,1799.9708509897791,0.75,0.25,0.6666666666666666,11785500.0,0.0,-10.824742268041243,7.224786219678361,-2.0232109624042547,69.69166666666666,31.915030705728373,0.0,0.7,454709.2,32839.0,7.509455707954693,0.05205398108874038,1.2487951800082908,0.0,0.0
2021-02-23,,,,1926.0,1875.9,1825.5,1849.3833333333334,1853.1054510462295,41.142857142857146,82.82828282828282,35.16647148495622,13.534195841621464,21.632275643334754,1964.5577312901696,1686.4422687098304,1825.5,278.1154625803392,-10.084033613445378,90.3738144493458,88.38319883983242,94.35504566837258,110.86689188077047,47.56944444444444,3.993055555555555,60.379449339441905,99.17443667443668,1755.0,1969.0,1733.0,1,0,837371.7,50326433,1812.9331292781926,0.4146341463414634,0.5853658536585366,0.24390243902439024,22425609.756097563,0.0,-10.670103092783501,7.737573976431005,-2.0232109624042547,69.69166666666666,31.915030705728373,0.0,0.75,455623.55,-4735.0,-1.0071446651111038,0.05204725287122715,1.399114990680297,0.0,0.0
2021-02-24,,,,1949.6,1897.7,1838.25,1851.75,1865.9525509465886,42.0,83.0,41.22047248901367,19.07145117109991,22.149021317913764,1987.951281504871,1688.548718495129,1838.25,299.40256300974215,-2.100840336134454,92.68164206532963,89.81601324833149,98.41289969932589,99.08317527982065,44.04761904761905,3.91156462585034,66.19257761065431,99.67307692307693,1755.0,1988.0,1756.0,1,0,837790.25,51090799,1824.0995134720972,0.8974358974358975,0.10256410256410256,0.48717948717948717,19599128.205128208,0.0,-8.254963427377193,8.223552190702948,-2.0232109624042547,69.69166666666666,31.915030705728373,0.0,0.8,457550.85,17992.0,3.865871948363364,0.05321873652657882,1.4888179500540806,0.3,0.0
2021-02-25,,,,1977.2,1921.9,1853.4,1855.4833333333333,1884.3380222850087,47.07142857142857,87.43169398907104,51.15770435841455,25.488701808562837,25.66900254985171,2027.4083482570536,1679.3916517429466,1853.4,348.016696514107,-3.492063492063492,93.64260008656383,91.09154219440893,98.74471587087362,113.42466509088824,50.986342943854325,3.490136570561457,71.00690141563844,100.0,1755.0,2059.0,1759.0,1,0,849751.5,52278789,1843.1321645210394,0.8817204301075269,0.11827956989247312,0.7634408602150538,12774086.021505376,0.0,-7.157784743991602,8.63945613605477,-2.0232109624042547,69.69166666666666,31.915030705728373,1.0,0.85,457971.5,-32098.0,-6.640077120716259,0.05274458451614801,1.8446288904166326,0.0,0.0
2021-02-26,,,,2003.8,1942.8,1866.75,1858.85,1899.543924924532,47.0,83.14917127071823,57.16370990443056,31.823703427736383,25.340006476694178,2056.348884073972,1677.151115926028,1866.75,379.19776814794386,-10.526315789473685,91.11692464787316,91.10000301223035,91.15076791915882,101.72255467376196,46.504559270516715,3.4954407294832825,74.77010882626226,86.8087225196474,2078.0,2059.0,1759.0,0,0,847509.2,51234309,1860.3687203631537,0.37037037037037035,0.6296296296296297,0.2777777777777778,19342222.222222224,-0.7285089849441428,-5.835117773019228,7.435109296663854,-2.0232109624042547,69.81790916880891,31.915030705728373,1.0,0.9,457784.5,-7939.0,-1.7591402614668739,0.05299077916223763,2.069983025090024,0.3,0.0
2021-03-01,,,,2026.2,1965.8,1880.05,1862.5833333333333,1915.8730749317192,49.285714285714285,92.91784702549575,63.37167766949233,38.13329827608757,25.238379393404756,2087.8550452758436,1672.244954724156,1880.05,415.61009055168756,-12.947658402203857,88.44245815853415,90.21415472766495,84.89906502027259,97.40755087402769,50.14492753623189,1.4492753623188406,78.95835283605287,100.0,1755.0,2071.0,1759.0,1,0,829905.0,52485645,1883.6979351050222,0.45348837209302323,0.5465116279069767,0.313953488372093,14550418.604651162,0.0,-5.835117773019228,7.333840422197938,-2.0232109624042547,70.25736948976224,31.915030705728373,1.0,0.9,454955.75,-2936.0,-0.6622143129413782,0.049879264357031446,2.2772438818376313,0.0,1.0
2021-03-02,,,,2050.4,1988.2,1896.6,1866.8,1932.456591604889,51.214285714285715,93.24324324324324,69.02895523278016,44.312429667426095,24.71652556535407,2116.200977852273,1676.999022147727,1896.6,439.201955704546,-7.887323943661972,88.28924964503136,89.57251970012042,85.72270953485324,86.54472710512219,48.256624825662485,0.0,81.78493801557921,100.0,1755.0,2090.0,1768.0,1,0,828209.05,53557670,1903.6195413867229,0.8461538461538461,0.15384615384615385,0.36538461538461536,20615865.384615384,0.0,-5.032119914346844,10.593260870234749,-0.7918618062069132,71.60851214844294,31.915030705728373,1.0,0.95,454269.2,24035.0,5.457228813078285,0.04876891721912967,2.3437485992358753,0.3,0.0
2021-03-03,,,,2070.4,2010.0,1912.3,1871.15,1947.2702495472804,52.142857142857146,91.6923076923077,72.51509628398526,49.95296299073793,22.562133293247328,2139.7528059782044,1684.8471940217953,1912.3,454.9056119564091,-18.128654970760234,84.27457000601069,87.80653646875051,77.21063708053106,86.85366524273863,49.04109589041096,0.0,83.67665360592494,93.93610968109031,2150.0,2090.0,1768.0,0,0,863312.2,52119062,1926.2100933281533,0.11428571428571428,0.8857142857142857,0.02857142857142857,20551542.85714286,-0.0956937799043045,-4.443254817987108,9.88363864551145,-0.7918618062069132,71.85729211480547,31.915030705728373,1.0,1.0,453280.9,-17930.0,-3.860397020195494,0.04860120098742139,2.671851519284964,0.2,1.0
2021-03-04,,,,2074.0,2025.6,1926.65,1874.6,1959.6254638761109,53.142857142857146,88.0503144654088,73.54252763425711,54.67087591944177,18.871651714815343,2157.798414387109,1695.5015856128912,1926.65,462.29682877421783,-22.25609756097561,79.58440721489148,85.06582671746416,68.62156820974613,68.11204378777829,45.295698924731184,2.6881720430107525,84.84912259352,79.6965447573222,2150.0,2090.0,1768.0,0,0,897555.6,50480975,1947.9346787170248,0.3617021276595745,0.6382978723404256,0.23404255319148937,34852914.89361703,-0.6220095693779903,-4.443254817987108,8.805508252633386,-0.7918618062069132,73.03628447024673,31.915030705728373,1.0,1.0,453005.6,38164.0,8.546794168364947,0.04762421319393243,2.821303144937816,0.1,0.0
2021-03-05,,,,2086.6,2045.2,1942.75,1878.5666666666666,1973.661133983148,57.07142857142857,88.88888888888889,75.90256612653002,58.91721396085943,16.98535216567059,2177.1889719712526,1708.3110280287474,1942.75,468.8779439425052,-13.60759493670886,79.15054757087042,83.09406700193291,71.26350870874543,66.48464632780706,43.92991239048811,4.1301627033792245,85.51315961243715,82.97522601855111,1834.0,2107.0,1768.0,1,0,972272.65,52764539,1971.806060367943,0.7228915662650602,0.27710843373493976,0.3614457831325301,27512819.27710843,0.0,-2.0498614958448624,9.915884190435008,-0.7918618062069132,74.92696473201889,31.915030705728373,1.0,1.0,455619.9,40411.0,8.337425262124153,0.05853111522820865,3.219893755298145,0.2,0.0
2021-03-08,,,,2086.6,2056.4,1956.1,1881.7166666666667,1982.931502175229,61.357142857142854,79.03682719546742,74.01481775293723,61.936734719274995,12.078083033662239,2187.6621094356897,1724.5378905643104,1956.1,463.1242188713793,-27.586206896551722,71.8608828465997,79.3496722834885,56.88330397282209,61.40810172462013,42.14202561117579,3.841676367869616,86.07511750007622,44.45536522356054,2159.0,2107.0,1768.0,0,0,1032998.3,50437551,1995.0391585187829,0.06382978723404255,0.9361702127659575,0.3829787234042553,24755191.489361703,-1.7085904129093499,-2.0498614958448624,7.6365022016531325,-1.7229391627738602,76.74599359793827,31.915030705728373,1.0,1.0,456467.95,-37753.0,-7.189609697108201,0.06007306270344419,3.6066051899042675,0.4,0.0
2021-03-09,,,,2071.2,2060.8,1968.35,1882.85,1985.7951686347312,64.35714285714286,67.56756756756756,67.06555828356477,62.96249943213296,4.103058851431811,2183.343047623188,1753.356952376812,1968.35,429.98609524637595,-53.284671532846716,54.500661824473056,71.06666879715002,21.368647879119123,29.383587661524594,39.73362930077692,10.432852386237514,85.00458780244578,0.0,2159.0,2107.0,1770.0,0,0,1079966.95,48533272,2007.6961173672953,0.12162162162162163,0.8783783783783784,0.7837837837837838,25733500.0,-4.461319411485521,-4.461319411485521,6.795195348557175,-1.7631898637752295,76.74599359793827,31.915030705728373,1.0,1.0,455868.95,-41194.0,-8.452617410003448,0.06035444705950947,3.9986174538374413,0.3,-1.0
2021-03-10,,,,2061.8,2066.1,1981.9,1883.95,1991.0527716218996,63.214285714285715,65.625,63.090320143360486,62.98806357437847,0.10225656898201407,2177.546189788961,1786.2538102110395,1981.9,391.29237957792134,-43.7037037037037,45.08377454964871,62.405704047982915,10.43991555298031,23.97568161176215,33.78531073446328,11.1864406779661,83.07575596820455,0.0,1889.0,2107.0,1817.0,0,0,1108810.15,49873317,2017.1605529735336,0.9333333333333333,0.06666666666666667,0.6222222222222222,29778777.777777776,-3.132415757000473,-4.461319411485521,7.438644657318941,-1.7631898637752295,75.49967313140118,31.915030705728373,1.0,1.0,455582.5,-2752.0,-0.6168218433828421,0.06061941584452644,3.9586999727062,0.1,0.0
2021-03-11,,,,2043.6,2058.8,1990.35,1883.75,1990.5715552769568,69.57142857142857,58.74125874125874,54.869374932164874,61.36432584593575,-6.494950913770879,2169.948704719251,1810.7512952807488,1990.35,359.1974094385023,-68.11023622047244,39.15949115634844,54.656966417438085,8.164540634169143,-2.088230354830732,30.80082135523614,18.17248459958932,79.19715478502113,0.0,2159.0,2107.0,1835.0,0,0,1166984.05,47875763,2022.0830028625214,0.5241935483870968,0.47580645161290325,0.4435483870967742,16109306.451612903,-5.7427622211675295,-5.7427622211675295,4.393779833016071,-2.7000485697475063,73.92057298626331,31.915030705728373,1.0,0.95,453780.9,-39587.0,-8.927935120408836,0.0656426866624747,4.272105077054727,0.4,-1.0
2021-03-12,,,,2016.6,2051.6,1997.2,1883.4333333333334,1988.8028357267706,67.42857142857143,51.64556962025316,46.6863623030838,58.42873313736536,-11.742370834281566,2161.6635297917737,1832.7364702082264,1997.2,328.92705958354736,-78.57142857142857,33.24918458042277,47.52103913843298,4.705475464402355,-12.696408125030356,26.165254237288135,18.75,74.40283626529471,0.0,2159.0,2107.0,1841.0,0,0,1172927.3,47019936,2026.4017067809743,0.4523809523809524,0.5476190476190477,0.3333333333333333,20376833.333333332,-6.407214048410048,-6.407214048410048,3.55029990850617,-2.7000485697475063,73.92057298626331,31.915030705728373,1.0,0.9,450324.9,-6571.0,-1.6272141726862754,0.07142618910779451,3.83322782546472,0.3,-1.0
2021-03-15,,,,2006.6,2046.6,2006.2,1883.9833333333333,1991.869232324221,70.71428571428571,55.99078341013825,43.65196366430996,55.473379242754284,-11.821415578444324,2153.4750380821406,1858.9249619178593,2006.2,294.55007616428134,-57.983193277310924,36.17172529451154,43.737934523792504,21.039306835949617,-5.385632276689007,26.363636363636363,19.393939393939394,69.45426509155797,10.445809612496182,1921.0,2107.0,1866.0,0,0,1184868.6,47963354,2030.7499438475006,0.9540229885057471,0.04597701149425287,0.5632183908045977,10843885.057471266,-4.081632653061195,-6.407214048410048,4.4030811857507475,-2.7000485697475063,71.85729211480547,31.915030705728373,1.0,0.9,446423.35,-15209.0,-3.8285907040438216,0.07948098840322428,3.3721618711148174,0.1,-1.0
2021-03-16,,,,2004.2,2037.7,2012.95,1885.9,1992.7388292457235,72.5,51.49425287356323,39.18168594260055,52.21504058272354,-13.033354640122987,2144.7288817838476,1881.1711182161525,2012.95,263.557763567695,-66.38655462184875,35.31896532239145,40.93161145665882,24.093673053856705,-2.120975250969673,27.487684729064036,18.916256157635466,64.79593611421558,0.0,2159.0,2107.0,1870.0,0,0,1207182.15,46982603,2033.680794125946,0.34375,0.65625,0.3125,15324234.375,-5.030849549121951,-6.407214048410048,3.2982981456849476,-2.7000485697475063,71.85729211480547,31.915030705728373,1.0,0.85,447037.25,66910.0,17.513918736045262,0.07921196633841877,2.9554372687516617,-0.2,0.0
2021-03-17,,,,2009.4,2035.6,2022.8,1888.5,1999.8113216985118,72.78571428571429,50.93023255813954,40.497773927670096,49.87158725171285,-9.373813324042757,2137.996125665805,1907.6038743341953,2022.8,230.3922513316095,-38.65546218487395,43.99415615330298,41.95245968887354,48.077549082161866,16.458082582377845,22.767419038272816,19.03827281648675,59.20547599042735,0.0,1921.0,2107.0,1911.0,0,0,1231644.55,47915481,2037.0107884345907,0.9278350515463918,0.07216494845360824,0.6804123711340206,9617298.969072165,-1.8984337921214678,-6.407214048410048,4.398647754193932,-2.7000485697475063,71.85729211480547,31.915030705728373,2.0,0.85,448864.6,-20752.0,-4.62235131384634,0.07414482602493509,2.786728506177759,-0.2,0.0
2021-03-18,,,,2027.8,2035.7,2030.65,1891.35,2007.2578624891298,71.5,53.99061032863849,41.94487677719599,48.286245156809485,-6.341368379613499,2137.7501007419614,1923.549899258039,2030.65,214.20020148392246,-34.03361344537815,51.31823295374261,45.07438411049656,63.805930640234706,44.4011237276066,24.475524475524477,19.380619380619382,53.89112420405778,7.232710981675332,1921.0,2107.0,1911.0,0,0,1258043.8,48808688,2040.2519843638725,0.5277777777777778,0.4722222222222222,0.3055555555555556,24811305.555555556,-1.376364499288052,-6.407214048410048,3.6093499704809666,-2.7000485697475063,71.85729211480547,31.915030705728373,2.0,0.85,449104.0,4593.0,1.072637127303544,0.07379123814372292,2.2101640781704512,-0.1,0.0
2021-03-19,,,,2044.4,2030.5,2037.85,1893.7,2011.8047327282604,69.21428571428571,48.1042654028436,40.765884687483094,46.78217306294421,-6.016288375461116,2129.2997848979735,1946.4002151020263,2037.85,182.89956979594717,-43.69747899159664,59.88265338678626,50.0104738692598,79.62701242183917,28.264705507736856,21.155830753353975,21.981424148606813,47.28625657021321,0.0,2159.0,2107.0,1959.0,0,0,1272670.3,47978691,2043.7863585853042,0.2777777777777778,0.7222222222222222,0.42592592592592593,15370314.814814815,-2.4679639297579103,-6.407214048410048,3.3126259174842723,-2.7000485697475063,71.85729211480547,31.915030705728373,2.0,0.85,445966.05,-58247.0,-13.458490260865553,0.08309181733123366,2.2224913239950808,-0.1,1.0
2021-03-22,,,,2058.2,2032.4,2044.4,1896.0166666666667,2019.2519010398546,70.28571428571429,50.0,42.16962724183941,45.85966389872325,-3.6900366568838407,2130.690573980509,1958.1094260194911,2044.4,172.58114796101768,-28.991596638655462,68.51736960134312,56.17943911328757,93.19323057745422,48.62624521506753,23.272357723577233,21.646341463414632,40.40196439180339,4.349207942322812,1921.0,2107.0,1969.0,0,0,1268840.15,48750644,2048.3169887869644,0.582089552238806,0.417910447761194,0.5223880597014925,11521686.567164179,-0.8068343616515983,-6.407214048410048,3.0286605003224087,-2.7000485697475063,71.85729211480547,31.915030705728373,2.0,0.85,443576.45,47806.0,12.763821510480767,0.08331361162046748,2.0941578067413387,0.2,0.0
2021-03-23,,,,2074.4,2039.3,2050.05,1897.6833333333334,2025.2279104646302,67.78571428571429,49.32432432432432,42.15068334862144,45.11786778870289,-2.9671844400814464,2130.127528223009,1969.9724717769914,2050.05,160.15505644601762,-32.35294117647059,72.9202091758531,61.75969580080941,95.24123592594049,42.36872804473911,18.651211801896732,22.444678609062166,33.91844790828691,2.991467904314899,2159.0,2107.0,1972.0,0,0,1256885.9,48070279,2052.1075827567165,0.4,0.6,0.22857142857142856,19439000.0,-1.1865211200759007,-6.407214048410048,2.6199632138856166,-2.7000485697475063,71.85729211480547,31.915030705728373,2.0,0.85,439260.3,-43266.0,-10.244134590113863,0.08933753862987287,2.016201098887678,0.5,1.0
2021-03-24,,,,2070.8,2040.1,2053.1,1899.6333333333334,2027.4919189918082,69.71428571428571,46.99570815450644,39.02301296677115,43.898896824316544,-4.875883857545396,2127.6848862917204,1978.5151137082794,2053.1,149.16977258344104,-46.21848739495798,69.16902833945763,64.22947331369215,79.04813839098858,-6.693356934661807,18.135245901639344,25.922131147540988,28.838369365241782,0.0,2159.0,2107.0,1972.0,0,0,1264749.85,47148634,2054.1466538488485,0.5540540540540541,0.44594594594594594,0.44594594594594594,12454662.162162162,-2.752728998576137,-6.407214048410048,1.4528443784531866,-2.7000485697475063,71.85729211480547,31.915030705728373,2.0,0.8,435185.95,22828.0,6.021900217102849,0.08879947210944583,2.039108743451267,0.4,0.0
2021-03-25,,,,2065.4,2046.6,2052.7,1901.4833333333333,2029.730783849731,66.35714285714286,43.60730593607306,36.287396422965685,42.376596744046374,-6.089200321080689,2127.237450848136,1978.1625491518635,2052.7,149.07490169627272,-45.378151260504204,67.03861148556435,65.16585270431622,70.7841290480606,-5.8079593573758554,16.57696447793326,25.834230355220665,24.482291591492693,0.0,1921.0,2107.0,1972.0,0,0,1237112.1,47783869,2054.8836008879066,0.6388888888888888,0.3611111111111111,0.05555555555555555,17645416.666666668,-2.6578073089700616,-6.407214048410048,-0.06503550304850685,-2.7000485697475063,71.85729211480547,31.915030705728373,1.0,0.75,431311.2,-28106.0,-6.993090510088051,0.0945260910068605,1.9662168811589935,0.1,0.0
2021-03-26,,,,2081.0,2062.7,2057.15,1905.2833333333333,2039.5659472926138,67.0,56.404958677685954,40.27188606616073,41.955654608469246,-1.6837685423085134,2139.69702009344,1974.60297990656,2057.15,165.0940401868802,-0.9345794392523364,77.60380006210619,69.31183515691288,94.18772987249281,55.71036115501353,20.895522388059703,25.586353944562898,19.253763297118383,53.41199081395276,1921.0,2133.0,1972.0,1,0,1228904.2,48664191,2056.763748345884,0.9805825242718447,0.019417475728155338,0.7961165048543689,8546815.533980582,0.0,-6.407214048410048,1.9638090387461526,-2.7000485697475063,71.85729211480547,31.915030705728373,2.0,0.75,432020.25,83737.0,22.401251989673753,0.09516366312006758,1.9078165873340627,0.2,0.0
2021-03-29,,,,2088.0,2073.1,2059.85,1908.8,2047.7025237409362,64.57142857142857,62.903225806451616,42.29652170038912,42.023828026853224,0.2726936735358976,2147.6686528561254,1972.0313471438742,2059.85,175.6373057122512,-8.52017937219731,81.27678487174344,73.30015172852306,97.23005115818421,77.36440365681257,22.67699115044248,19.800884955752213,15.5654599890695,87.63824138147305,2144.0,2133.0,1972.0,0,0,1205482.8,47881283,2058.0806289535335,0.525,0.475,0.2,19572700.0,-0.37505860290671933,-6.407214048410048,1.2478117262202384,-2.7000485697475063,71.85729211480547,31.915030705728373,2.0,0.75,431048.15,-36559.0,-7.99030471519554,0.09542620101815097,1.9142072118614508,0.1,0.0
2021-03-30,,,,2098.6,2086.5,2062.1,1913.5333333333333,2056.0165690989425,64.42857142857143,61.29807692307692,44.19848384458055,42.458759190398695,1.739724654181856,2155.31147433315,1968.88852566685,2062.1,186.42294866629982,-7.359307359307359,83.58267139597712,76.72765828434108,97.2926976192492,77.81500545644103,23.61419068736142,19.290465631929045,12.695907353243637,91.68140780974748,1921.0,2135.0,1972.0,1,0,1189341.4,48630480,2059.5110890083088,0.6046511627906976,0.3953488372093023,0.23255813953488372,17423186.04651163,0.0,-6.407214048410048,1.0594166517541335,-2.7000485697475063,71.85729211480547,31.915030705728373,2.0,0.75,429992.5,22364.0,5.312328526330035,0.09417993901798148,1.8932273496638612,0.2,0.0
2021-03-31,,,,2111.2,2091.0,2063.3,1917.7833333333333,2061.348324422853,58.142857142857146,66.40625,43.35018086530545,42.63704352538005,0.713137339925396,2158.5118966471573,1968.088103352843,2063.3,190.42379329431424,-18.69158878504673,79.7958550047255,77.75039052446922,83.88678396523804,65.39504330484387,26.044226044226043,11.793611793611792,13.544205506124001,100.0,2152.0,2135.0,1972.0,0,0,1149517.65,47988347,2058.3660418350255,0.05555555555555555,0.9444444444444444,0.6388888888888888,17837027.777777776,-1.0772833723653341,-6.407214048410048,0.6282966244734908,-2.7000485697475063,71.85729211480547,33.12482889860781,2.0,0.75,426839.65,-59874.0,-13.504997214371583,0.09741712316292367,1.769499852661265,0.5,1.0
2021-04-01,,,,2124.2,2094.8,2065.25,1922.1833333333334,2066.5532459063907,58.714285714285715,69.25133689839572,42.510625187920596,42.61175985788817,-0.10113466996757126,2163.2013842893584,1967.2986157106416,2065.25,195.90276857871686,-16.822429906542055,78.19723666981699,77.89933923958515,78.79303153028067,56.69203961050482,25.79075425790754,13.62530413625304,14.569545761024004,100.0,1938.0,2135.0,1972.0,0,0,1101466.3,48665407,2058.491027324213,0.44,0.56,0.08,13541200.0,-0.8899297423887398,-6.407214048410048,0.9375478340886573,-2.7000485697475063,71.85729211480547,34.0886489179068,2.0,0.75,421331.2,-8948.0,-2.3334106964505996,0.0968452151447209,1.791181422518131,0.5,0.0
2021-04-02,,,,2121.0,2101.0,2065.75,1926.4833333333333,2071.3576986772105,55.42857142857143,64.7239263803681,41.44817415648913,42.37904271760836,-0.930868561119226,2164.6957586654717,1966.8042413345281,2065.75,197.89151733094354,-20.0,77.3629725946928,77.72055035795437,76.6478170681697,44.638472874003455,23.45360824742268,14.04639175257732,15.27341165912763,82.34516825892351,1938.0,2135.0,1972.0,0,0,1021955.6,49358757,2056.1061597816315,0.8536585365853658,0.14634146341463414,0.024390243902439025,16910975.609756097,-0.8430913348945968,-6.407214048410048,0.34278182477078784,-2.7000485697475063,71.85729211480547,34.321090590736645,2.0,0.75,411388.6,-48272.0,-12.888859221680793,0.09319459170896299,1.8314147674859442,0.2,0.0
2021-04-06,,,,2127.8,2107.9,2070.15,1931.3333333333333,2079.704584517476,57.0,72.70114942528735,43.49385298762991,42.60200477161267,0.8918482160172374,2177.544550484069,1962.7554495159309,2070.15,214.7891009681382,-11.21951219512195,80.50251812826264,78.64787294805713,84.21180848867365,76.71822327918504,27.94486215538847,13.659147869674186,16.40669821755424,100.00000000000001,1938.0,2159.0,1972.0,1,0,929241.25,49831458,2053.096888240809,0.7325581395348837,0.26744186046511625,0.4883720930232558,5496523.2558139535,0.0,-6.407214048410048,1.9506088667033152,-2.7000485697475063,72.65343743222728,34.321090590736645,2.0,0.75,402513.1,-16411.0,-5.030145316671419,0.10017943825830797,1.764595859303391,0.0,0.0
2021-04-07,,,,2125.4,2112.0,2075.65,1936.1333333333334,2083.827957420574,54.0,58.80503144654088,41.729141496499324,42.427432116590005,-0.6982906200906811,2181.9826953728452,1969.3173046271552,2075.65,212.66539074569005,-33.9080459770115,74.23111598161232,77.17562062590886,68.34210669301922,57.29820474101838,25.396825396825395,14.153439153439153,17.80012006412979,52.23691230793188,2182.0,2159.0,1972.0,0,0,856228.25,49387439,2057.525824198551,0.2545454545454545,0.7454545454545455,0.6545454545454545,8073072.7272727275,-1.6674386289949106,-6.407214048410048,2.561019170264378,-1.7188045711365416,72.65343743222728,34.321090590736645,2.0,0.75,394195.1,-30044.0,-9.696555018364194,0.12021074036896502,1.7440080684700008,-0.1,0.0
2021-04-08,,,,2134.4,2122.8,2081.45,1942.0333333333333,2090.7967233805193,55.07142857142857,61.583577712609966,42.58323771858795,42.45859323698959,0.12464448159835939,2192.3799921476866,1970.520007852313,2081.45,221.85998429537358,-14.367816091954023,77.265188432186,77.20547656133456,77.38461217388885,70.03482786805087,23.476005188067447,13.878080415045398,18.805629519240615,61.787201760403676,2008.0,2159.0,1972.0,0,0,824621.75,50095354,2064.1088038647213,0.575,0.425,0.85,17697875.0,-0.09263547938861416,-6.407214048410048,2.645392301805904,-1.7188045711365416,72.65343743222728,40.94517080420799,2.0,0.75,395061.1,180928.0,64.6637931650691,0.12271224266865315,1.7164083012916014,0.0,0.0
2021-04-09,,,,2128.8,2126.5,2086.55,1947.0333333333333,2090.5303687728506,56.785714285714285,54.263565891472865,37.262848858758844,41.419444361343444,-4.156595502584601,2187.974537672579,1985.1254623274212,2086.55,202.84907534515787,-54.02298850574713,53.510125621457334,69.30702624804215,21.91632436828769,27.06143732703556,22.767295597484278,17.358490566037737,19.631754392552416,36.62719901325622,2182.0,2159.0,1972.0,0,0,779614.5,48997945,2077.695408863398,0.05128205128205128,0.9487179487179487,0.8846153846153846,14069346.153846154,-3.2885595182955196,-6.407214048410048,2.3513496153967526,-1.7440110647217992,72.65343743222728,43.409334681744355,2.0,0.8,398811.6,18103.0,3.929233427243095,0.13030713818149303,1.8132236495420706,-0.1,0.0
2021-04-12,,,,2133.2,2127.1,2094.9,1952.9833333333333,2095.146524127817,56.142857142857146,56.07940446650124,36.738181246542354,40.483191738383226,-3.7450104918408726,2183.274561712554,2006.5254382874466,2094.9,176.7491234251072,-24.71264367816092,54.67341708097156,64.42915652568529,35.161938191544124,35.48121753549543,19.97455470737913,17.557251908396946,19.833237854255223,42.86851455378128,2008.0,2159.0,2001.0,0,0,798688.35,50235249,2086.7960445397757,0.9137931034482759,0.08620689655172414,0.8793103448275862,21332827.586206894,-0.926354793886075,-5.030849549121951,3.6458299427132093,-1.7440110647217992,72.65343743222728,44.49610907453856,2.0,0.85,407512.45,92436.0,19.304595168630144,0.15876886262545178,1.8213658102346801,0.2,0.0
2021-04-13,,,,2134.2,2131.0,2102.05,1959.1666666666667,2101.703998020406,56.92857142857143,59.76190476190476,37.90275014014469,39.96710341873552,-2.064353278590829,2188.36515083199,2015.7348491680104,2102.05,172.63030166397948,-10.344827586206897,63.78227805398104,64.21353036845053,62.91977342504205,71.6116815283822,24.090338770388957,17.314930991217064,20.34272836374573,55.52583257629936,2008.0,2164.0,2001.0,1,0,801957.75,51244055,2096.7354726604985,0.6739130434782609,0.32608695652173914,0.5434782608695652,21930565.217391305,0.0,-5.030849549121951,3.173456888676882,-1.7440110647217992,72.65343743222728,46.54022849543614,2.0,0.85,419956.7,59659.0,10.44331439874664,0.19368304404575062,1.8360287606741903,0.5,0.0
2021-04-14,,,,2142.8,2134.1,2110.3,1965.65,2107.827426780367,53.57142857142857,65.03856041131105,38.542765653478,39.682235865684014,-1.1394702122060139,2186.9484799175793,2033.651520082421,2110.3,153.2969598351583,-10.38961038961039,70.52151870265402,66.31619314651837,78.93216981492532,73.19830518878413,25.599999999999998,10.4,22.096142907857946,73.66250692584846,2008.0,2166.0,2049.0,1,0,792763.25,52040916,2105.541802759735,0.7037037037037037,0.2962962962962963,0.07407407407407407,29513370.37037037,0.0,-3.2885595182955196,3.7091142381193993,-1.7440110647217992,72.65343743222728,47.5199470000288,2.0,0.9,430058.4,20059.0,3.179305272901334,0.22391968101272847,1.763461121425441,0.6,0.0
2021-04-15,,,,2153.6,2144.0,2117.5,1973.5333333333333,2117.653386134618,54.642857142857146,68.51851851851852,42.194712102345875,40.18473111301638,2.0099809893294918,2203.5048958214275,2031.4951041785728,2117.5,172.00979164285468,-1.1049723756906078,79.83877328268537,70.82371985857404,97.86888013090802,102.6348425012138,30.19607843137255,10.196078431372548,24.07379661780676,77.3146470138134,2008.0,2211.0,2049.0,1,0,806426.75,53247064,2116.0862384173975,0.9607843137254902,0.0392156862745098,0.8823529411764706,23649960.784313723,0.0,-3.2885595182955196,3.321710437523203,-1.7440110647217992,72.65343743222728,48.01361366455676,1.0,0.9,445271.5,81476.0,12.515841427502705,0.26423072846634243,1.7854991172384715,0.6,0.0
2021-04-16,,,,2181.8,2155.3,2125.05,1982.4666666666667,2128.2578255503686,49.857142857142854,63.04347826086957,46.01096972351206,41.34997883511552,4.66099088839654,2222.238855761358,2027.8611442386425,2125.05,194.37771152271557,-2.6490066225165565,85.66432760232715,75.77058910649174,105.45180459399796,109.48252496647484,25.78796561604585,11.174785100286533,26.176878089354204,47.61964795058074,2008.0,2229.0,2049.0,1,0,810037.2,54212480,2124.395274645,0.8888888888888888,0.1111111111111111,0.5,26817111.11111111,0.0,-3.2885595182955196,3.4495277800862385,-1.7440110647217992,72.65343743222728,48.561250431562094,1.0,0.9,461219.5,19291.0,2.6337310347746445,0.2949841885272169,1.5839720923352538,1.0,0.0
2021-04-19,,,,2200.0,2166.6,2133.8,1991.3166666666666,2137.9475564503336,50.357142857142854,64.54293628808864,48.55634569766198,42.791252207624815,5.765093490037167,2235.8249711435083,2031.775028856492,2133.8,204.04994228701617,-10.303030303030303,86.9664024506312,79.50252688787157,101.89415357615042,99.49934018648665,26.24113475177305,11.063829787234043,28.5992764688581,55.752264811510855,2008.0,2230.0,2049.0,1,0,816323.45,55168202,2133.44470174986,0.6382978723404256,0.3617021276595745,0.02127659574468085,20334510.638297874,0.0,-3.2885595182955196,4.076147019156444,-1.7440110647217992,72.65343743222728,49.194558797207804,1.0,0.9,480258.55,3574.0,0.47542401064184503,0.31084147188573946,1.4038544860430768,1.0,0.0
2021-04-20,,,,2219.8,2177.0,2142.45,2000.1333333333334,2149.8573129788733,50.142857142857146,66.66666666666666,52.62971609680881,44.75894498546162,7.870771111347189,2257.3604456797,2027.5395543202992,2142.45,229.820891359401,-0.5494505494505495,91.12574978190227,83.37693451921513,106.62338030727653,104.04690597743846,27.635327635327634,11.111111111111109,30.925672143406988,67.27075027183758,2008.0,2263.0,2049.0,1,0,819036.4,55994414,2141.560491979762,0.975,0.025,0.825,20655300.0,0.0,-3.2885595182955196,3.988770778063667,-1.7440110647217992,72.65343743222728,49.86486486486486,1.0,0.9,500002.1,61896.0,8.19462905984716,0.33271420598803486,1.2862682651528323,1.0,0.0
2021-04-21,,,,2236.2,2189.5,2150.75,2008.7666666666667,2159.204235552314,50.642857142857146,68.08510638297872,54.02475312067827,46.61210661250495,7.412646508173317,2271.126383415528,2030.3736165844718,2150.75,240.75276683105608,-9.289617486338798,90.95307812347812,85.90231572063612,101.05460292916212,86.1793269205583,27.503526093088855,11.283497884344147,31.222518154538715,74.96394777632969,2265.0,2263.0,2049.0,0,0,837853.25,54937712,2150.406915312039,0.6046511627906976,0.3953488372093023,0.3488372093023256,24574465.11627907,-0.6628369421122438,-3.2885595182955196,3.833386376222243,-1.7440110647217992,72.65343743222728,50.74418604651163,1.0,0.9,520681.6,-24547.0,-3.0037199285382177,0.33794996066348,1.3080678868817297,0.9,0.0
2021-04-22,,,,2241.2,2197.4,2160.1,2017.15,2166.518117880665,51.214285714285715,65.625,53.54479918643756,47.99864512729148,5.546154059146076,2276.1723912047637,2044.027608795236,2160.1,232.1447824095278,-24.137931034482758,85.7610135563556,85.85521499920928,85.57261067064829,82.00890166452287,29.9860529986053,8.926080892608088,32.88378003085436,61.62105835447627,2285.0,2263.0,2051.0,0,0,857264.4,53627844,2163.5591846576153,0.15517241379310345,0.8448275862068966,0.20689655172413793,22583931.03448276,-1.1931064958020432,-3.2885595182955196,4.478785106138476,-1.7440110647217992,72.65343743222728,51.225007550588955,1.0,0.95,539803.35,-8327.0,-1.0504962323682032,0.3390427329908278,1.3127283625016335,0.8,0.0
2021-04-23,,,,2248.2,2215.0,2170.75,2025.6166666666666,2175.802106653935,50.92857142857143,67.88321167883211,54.792187993667994,49.35735370056679,5.434834293101204,2283.7192552492525,2057.7807447507475,2170.75,225.9385104985049,-10.447761194029852,85.902079213009,85.8708364038092,85.96456483140861,82.65000994372232,30.154277699859747,7.293127629733521,35.45254992268691,73.86893061328152,2084.0,2264.0,2088.0,1,0,870553.15,54528854,2172.657466941182,0.7567567567567568,0.24324324324324326,0.7567567567567568,24351621.62162162,0.0,-3.2885595182955196,5.030236211665918,-1.7440110647217992,72.65343743222728,51.45514255859084,1.0,1.0,560594.7,5286.0,0.6739372674814392,0.33312401922652246,1.2840935036797556,0.8,0.0
2021-04-26,,,,2257.6,2228.8,2177.95,2033.95,2185.440001258322,48.785714285714285,65.44502617801047,56.18211155496056,50.72230527144555,5.459806283515007,2298.864889597219,2057.0351104027804,2177.95,241.82977919443874,-7.211538461538462,87.15311027993704,86.29826102918514,88.86280878144083,81.60074123799261,25.62225475841874,7.613469985358712,36.87024082474701,78.4391262396988,2084.0,2277.0,2088.0,1,0,886500.65,55728126,2182.7366109470236,0.7321428571428571,0.26785714285714285,0.23214285714285715,21415571.42857143,0.0,-3.2885595182955196,3.879998060441067,-1.7440110647217992,72.65343743222728,51.61530627091518,0.0,1.0,577643.45,8885.0,1.1252076916842269,0.3329483401137008,1.3314055319052822,0.8,0.0
2021-04-27,,,,2268.2,2244.0,2187.5,2042.4666666666667,2197.8742868527675,48.92857142857143,75.06493506493507,59.74194213369492,52.526232643895426,7.215709489799494,2320.384595756866,2054.615404243134,2187.5,265.76919151373204,-2.5210084033613445,90.18540685329137,87.59397630388722,95.36826795209964,93.9915098755365,29.92700729927007,7.591240875912408,39.09202513078102,100.00000000000001,2084.0,2316.0,2088.0,1,0,896484.6,56710713,2191.7679128750974,0.8947368421052632,0.10526315789473684,0.6842105263157895,17238368.42105263,0.0,-3.2885595182955196,5.003918947393055,-1.7440110647217992,73.17390655321691,53.521602186961424,0.0,1.0,598795.15,45500.0,5.698062783885627,0.3296371367805175,1.3620407320021228,0.8,0.0
2021-04-28,,,,2284.8,2260.5,2197.3,2052.0,2210.552926200123,47.92857142857143,73.77049180327869,63.04674452861536,54.63033502083942,8.416409507775946,2342.2444176590407,2052.3555823409597,2197.3,289.88883531808096,-1.593625498007968,92.49075432731502,89.22623564502982,99.01979169188542,93.96321911690477,30.99850968703428,7.74962742175857,41.54242195617785,93.7771247129838,2084.0,2331.0,2088.0,1,0,908369.6,57697610,2201.2709645941477,0.8918918918918919,0.10810810810810811,0.40540540540540543,26672891.891891893,0.0,-3.2885595182955196,5.1017008692006725,-1.7440110647217992,74.02938045560997,54.20897477890599,0.0,1.0,618708.4,-2405.0,-0.284946867183955,0.32476513181518263,1.329948760814569,0.6,0.0
2021-04-29,,,,2313.4,2277.3,2210.65,2062.0833333333335,2226.595504657254,46.42857142857143,92.17391304347827,68.74655558413815,57.45357913349916,11.292976450638989,2370.8909698580387,2050.4090301419615,2210.65,320.48193971607725,-2.3333333333333335,93.73935593147166,90.73060907384377,99.75684964672746,104.8728878858813,39.84615384615385,0.30769230769230765,47.61297975087357,100.0,2084.0,2379.0,2088.0,1,0,958217.45,59336700,2217.879651638571,0.8771929824561403,0.12280701754385964,0.8421052631578947,28755964.9122807,0.0,-3.2885595182955196,6.903379014033681,-1.7440110647217992,75.85931349104155,54.393696784851954,0.0,1.0,638726.35,-57780.0,-6.865396405944779,0.3070988961236598,1.4141709887080942,0.4,0.0
2021-04-30,,,,2345.2,2296.7,2226.0,2072.633333333333,2245.3006946898963,46.857142857142854,92.01183431952663,75.93875449562665,61.15061420592467,14.788140289701985,2405.700335353911,2046.299664646089,2226.0,359.4006707078222,-0.3436426116838488,95.66122078599761,92.37414631122837,102.2353697355361,107.75727112258308,45.274390243902445,0.3048780487804878,54.20023185028485,99.49994235919105,2084.0,2423.0,2088.0,1,0,986511.3,60579637,2232.927062788502,0.984375,0.015625,0.6875,19420890.625,0.0,-3.2885595182955196,7.720601127364778,-1.7440110647217992,79.79511832203052,54.85875583541418,0.0,1.0,657878.25,-26269.0,-3.3513559027954942,0.2850184161228023,1.5141017796667224,0.1,1.0
2021-05-06,,,,2395.0,2326.3,2246.45,2084.983333333333,2272.033961862287,51.857142857142854,93.50961538461539,88.92479347761127,66.705450060262,22.21934341734928,2463.1928503039653,2029.7071496960343,2246.45,433.485700607931,-3.316326530612245,95.7404983999185,93.49626367412507,100.22896785150536,129.17866733234956,51.92837465564738,0.27548209366391185,60.09887146924109,100.0,2084.0,2526.0,2088.0,1,0,1000246.0,61547681,2250.2682714552225,0.87,0.13,1.03,9680440.0,0.0,-3.2885595182955196,8.841516242828902,-1.7440110647217992,82.86262626262626,55.78600421155431,1.0,1.0,678523.65,-18402.0,-2.4291049061266223,0.25214234946903646,1.4756574458955538,-0.2,1.0
2021-05-07,,,,2441.6,2354.9,2265.95,2097.4,2298.4116797801644,54.07142857142857,93.82151029748283,99.9204104181681,73.34844213184323,26.571968286324875,2517.0222060116803,2014.8777939883196,2265.95,502.1444120233607,-3.491271820448878,95.77144337772344,94.25465690865786,98.80501631585457,117.74168559268605,52.97225891677675,0.2642007926023778,64.15495875113483,100.0,2084.0,2549.0,2088.0,1,0,1035892.1,62733304,2269.178168604626,0.7586206896551724,0.2413793103448276,0.39655172413793105,20441775.862068962,0.0,-3.2885595182955196,8.419404374116004,-1.7440110647217992,83.0225165562914,56.06168025522864,1.0,1.0,700334.75,6903.0,0.9338966747433952,0.21109217049094556,1.5606557412207323,-0.2,1.0
2021-05-10,,,,2512.0,2398.4,2293.95,2112.65,2335.03913884872,61.57142857142857,94.86692015209125,118.08597456910957,82.2959486192965,35.79002594981307,2597.349319986736,1990.5506800132634,2293.95,606.7986399734727,-0.0,97.18096225181563,95.2300920230438,101.0827027093593,122.97464633261984,55.91647331786544,0.23201856148491878,67.70202950914997,100.0,2084.0,2683.0,2088.0,1,0,1107317.75,64605836,2302.5214736691432,1.0,0.0,0.8589743589743589,12003410.256410256,0.0,-3.2885595182955196,10.732405121181593,-0.7896394621832656,83.11990047930921,56.339847835449014,2.0,1.0,721109.15,-50778.0,-6.806118509940163,0.15250708631453092,1.8647668052357893,-0.2,1.0
2021-05-11,,,,2592.4,2452.9,2325.15,2129.5,2377.5116018155086,73.78571428571429,95.54455445544555,138.79020888031346,93.5948006714999,45.19540820881356,2691.1343396131842,1959.165660386816,2325.15,731.9686792263683,-8.791208791208792,95.01470694768852,95.15829699792538,94.72752684721482,126.83106992404711,59.632139399806384,0.19361084220716357,71.97473430115934,100.0,2084.0,2781.0,2088.0,1,0,1186525.45,66897905,2350.078661608143,0.7294685990338164,0.27053140096618356,0.47342995169082125,11072797.101449275,0.0,-3.2885595182955196,11.133051306547765,-0.7896394621832656,84.0056758143888,56.339847835449014,3.0,1.0,729326.8,-70207.0,-10.097571359124158,0.12964386449956694,2.1799113636591825,-0.2,1.0
2021-05-12,,,,2686.2,2515.7,2365.35,2147.4166666666665,2426.5104968806986,80.42857142857143,96.22905027932961,162.28452113119647,107.33274476343922,54.95177636775725,2793.072130655669,1937.627869344331,2365.35,855.4442613113379,-0.5934718100890207,96.46516649127466,95.59392016237513,98.20765914907372,122.94720613566182,58.703374777975135,0.17761989342806392,76.16846795139043,100.0,2084.0,2892.0,2139.0,1,0,1235904.75,68982900,2402.6783774396854,0.9714285714285714,0.02857142857142857,0.7928571428571428,14892821.42857143,0.0,-1.1931064958020432,16.311309118015814,-0.5402592848280358,87.5554180843386,56.339847835449014,4.0,1.0,738488.0,36974.0,5.915092332329186,0.10301527197521909,2.481627898099306,0.1,1.0
2021-05-13,,,,2750.2,2572.6,2400.7,2164.266666666667,2466.461878130156,90.64285714285714,89.98628257887518,175.17283390745797,120.90076259224298,54.27207131521499,2864.9576870661313,1936.4423129338686,2400.7,928.5153741322627,-13.692946058091286,92.54298064900021,94.57694032458349,88.47506129783363,103.78041522382568,54.60992907801419,0.15760441292356187,80.22399663768509,79.72075489576127,2945.0,2892.0,2164.0,0,0,1298955.35,66484584,2459.112043843539,0.45901639344262296,0.5409836065573771,0.25136612021857924,13652000.0,-1.5905947441217316,-1.5905947441217316,13.159068335408707,-0.7092248322127175,88.21802935010483,56.339847835449014,4.0,1.0,743448.4,8420.0,1.2718015022966433,0.09056415238231572,2.9649372651071895,0.0,1.0
2021-05-14,,,,2790.4,2616.0,2430.0,2179.4166666666665,2493.465508784427,101.21428571428571,80.98765432098764,175.6161235879199,131.84383479137836,43.772288796541545,2905.1965798211077,1954.8034201788923,2430.0,950.3931596422153,-27.158774373259053,84.4767057140521,91.21019545440636,71.00972623334357,76.03179171161442,48.83556810162315,5.363443895553988,82.96615031733877,50.48926706859988,2945.0,2892.0,2166.0,0,0,1371717.75,64020530,2498.1725526503783,0.33507853403141363,0.6649214659685864,0.5026178010471204,12900806.282722512,-4.910096818810528,-4.910096818810528,9.449730979708157,-1.6797227722002441,88.21802935010483,56.339847835449014,4.0,1.0,742166.05,-65196.0,-9.72388149858383,0.09402902594732877,3.461293665918963,-0.1,1.0
2021-05-17,,,,2803.0,2657.5,2459.0,2194.0833333333335,2517.51641270972,108.78571428571429,81.79551122194513,173.6430186528073,140.20367156366416,33.439347089143155,2937.1424584015836,1980.8575415984164,2459.0,956.2849168031671,-28.067700987306065,78.31210580367006,86.91083223749426,61.114652936021656,67.10927213978023,44.12344057780696,4.990151017728168,84.7916703591776,53.113540289990944,2945.0,2892.0,2211.0,0,0,1447126.65,61715491,2528.696252662705,0.3231707317073171,0.676829268292683,0.024390243902439025,14055115.853658536,-5.048409405255894,-5.048409405255894,9.323743742661462,-1.6797227722002441,88.21802935010483,56.339847835449014,4.0,1.0,740736.35,17112.0,2.8271353446438496,0.0972127582069599,3.663364048110213,-0.2,1.0
2021-05-18,,,,2807.4,2699.9,2488.6,2209.633333333333,2544.705325784985,112.07142857142857,82.43080625752106,174.66530944549277,147.0959991400299,27.569310305462864,2975.3193722962087,2001.880627703791,2488.6,973.4387445924176,-20.02820874471086,76.18699016687358,83.33621821395404,61.88853407271267,63.28083706984413,42.829827915869984,4.843849585723391,86.12241716249545,55.17725695511888,2236.0,2892.0,2229.0,0,0,1451783.4,63014774,2553.819349325802,0.9036144578313253,0.0963855421686747,0.6867469879518072,15654012.048192771,-3.0774550484094054,-5.048409405255894,9.323226346142949,-1.6797227722002441,88.21802935010483,56.339847835449014,4.0,1.0,736268.75,20718.0,3.3287863378048232,0.10220252789804338,3.334058997441069,0.1,0.0
2021-05-19,,,,2762.0,2724.1,2510.4,2222.0333333333333,2556.16196142451,121.5,70.2928870292887,162.46721465975634,150.1702422439752,12.296972415781141,2987.115693712273,2033.6843062877274,2510.4,953.4313874245454,-41.1764705882353,62.912538899127846,76.52832510901197,35.6809664793596,42.96521581516446,38.85949441504997,10.170487948265727,86.43157197835328,0.0,2945.0,2892.0,2230.0,0,0,1485263.45,61379757,2573.000434008301,0.18085106382978725,0.8191489361702128,0.7340425531914894,8696898.936170213,-7.849239280774556,-7.849239280774556,5.928073161159073,-3.4506623638110856,88.21802935010483,56.339847835449014,5.0,1.0,727603.25,-64667.0,-10.055402911179634,0.11401296533592595,3.2695210490889304,0.0,-1.0
2021-05-20,,,,2720.0,2735.1,2530.7,2234.116666666667,2563.7655841459855,129.07142857142858,66.91331923890064,148.7454342474589,149.88528064467195,-1.1398463972130628,2991.450920266374,2069.9490797336257,2530.7,921.5018405327482,-47.75888717156105,52.02446159866612,68.36037060556336,19.352643584871657,16.44050621687134,34.91975650249031,16.71278361925844,84.69796625360563,0.0,2945.0,2892.0,2236.0,0,0,1534519.45,59438915,2585.207910572047,0.9241379310344827,0.07586206896551724,0.2,13385117.24137931,-8.85200553250347,-8.85200553250347,5.490564303381303,-3.4506623638110856,88.21802935010483,56.339847835449014,5.0,1.0,718103.85,-13104.0,-2.265403499066454,0.1255783395393966,3.210896589353587,0.3,-1.0
2021-05-21,,,,2681.6,2736.0,2545.45,2244.1,2563.216480893987,133.07142857142858,61.24876114965313,130.07742470224048,145.92370945618566,-15.846284753945184,2988.6714487494637,2102.228551250536,2545.45,886.4428974989278,-62.824675324675326,38.89666890625899,58.53913670579524,-0.38826669281350235,11.155152720109887,33.17230273752013,16.210413311862588,82.86566811695967,0.0,2945.0,2892.0,2236.0,0,0,1572234.3,57858406,2594.0298292372836,0.053763440860215055,0.946236559139785,0.8387096774193549,16994720.430107526,-11.549100968188108,-11.549100968188108,3.880430719170616,-3.4506623638110856,88.21802935010483,56.339847835449014,5.0,1.0,704178.05,-26632.0,-4.71082683572247,0.13550453751214758,2.9834880421676706,0.3,-1.0
2021-05-24,,,,2649.8,2726.4,2562.4,2254.4,2565.4815779517025,140.42857142857142,60.50505050505051,116.28251779698667,139.99547112434587,-23.7129533273592,2983.0808516528455,2141.7191483471547,2562.4,841.3617033056908,-61.1965811965812,34.76068139267369,50.61298493475472,3.0560743085116258,0.5424082554748786,28.840284842319434,20.19328585961343,77.0919125327877,0.0,2360.0,2892.0,2236.0,0,0,1611143.25,59693287,2603.21529963273,0.80625,0.19375,0.18125,11468006.25,-10.546334716459205,-11.549100968188108,4.445903986854091,-3.4506623638110856,88.21802935010483,56.339847835449014,5.0,1.0,692261.8,15644.0,2.904006653004254,0.14245194063920297,2.9047772598699098,0.7,-1.0
2021-05-25,,,,2612.8,2710.1,2581.5,2264.9,2570.483332432493,140.78571428571428,59.97952917093142,106.62231987638052,133.3208408747528,-26.698520998372288,2973.492749664415,2189.507250335585,2581.5,783.98549932883,-64.62450592885375,34.1251907436442,45.11705353771789,12.141465155496817,12.71354008833245,28.767123287671236,20.142059868087266,71.3042444909252,0.0,2360.0,2892.0,2264.0,0,0,1604327.35,60866837,2618.300086263567,0.4411764705882353,0.5588235294117647,0.45588235294117646,17258088.23529412,-9.474412171507618,-11.549100968188108,4.997405401295859,-3.4506623638110856,88.21802935010483,56.339847835449014,5.0,1.0,681038.75,5537.0,0.9988310591902527,0.14733399946059011,2.919924016420236,0.7,-1.0
2021-05-26,,,,2595.0,2678.5,2597.1,2273.516666666667,2571.0087293436845,137.92857142857142,52.72925764192139,94.48829221919505,125.55433114364125,-31.066038924446204,2959.6157129080866,2234.584287091913,2597.1,725.0314258161734,-75.77002053388091,32.13755755224649,40.79055487589409,14.831562904951298,0.7535735909809042,23.407560849300882,22.061108234075608,64.44829339073948,0.0,2945.0,2892.0,2277.0,0,0,1614647.3,59759428,2627.3916862421493,0.2236842105263158,0.7763157894736842,0.5526315789473685,14571171.052631577,-10.926694329183961,-11.549100968188108,4.0498445701998245,-3.4506623638110856,88.21802935010483,56.06168025522864,5.0,0.95,669375.2,-3524.0,-0.6294149691454476,0.1503047447280621,2.7526946254285822,0.7,-1.0
2021-05-27,,,,2577.4,2648.7,2610.65,2281.9166666666665,2568.817421787143,141.35714285714286,49.94571118349619,81.671167505227,116.77769841595841,-35.10653091073141,2941.6798285176374,2279.620171482363,2610.65,662.0596570352745,-81.51950718685832,28.94383536064553,36.841648370811235,13.148209340314125,-20.76005517677239,21.627084386053564,26.023244062657906,58.035324154933036,0.0,2945.0,2892.0,2316.0,0,0,1631365.05,58225801,2636.058653099542,0.7428571428571429,0.2571428571428571,0.26666666666666666,14605971.42857143,-11.894882434301524,-11.894882434301524,3.517827565550712,-3.4506623638110856,88.21802935010483,55.64533990640518,5.0,0.9,658267.5,20002.0,3.5951477547851107,0.1486127644004447,2.5982532266188394,0.4,0.0
2021-05-28,,,,2591.8,2636.7,2626.35,2291.233333333333,2574.644333997891,138.35714285714286,46.95051783659378,77.23984566373974,108.87012786551469,-31.630282201774946,2926.9229791406224,2325.7770208593774,2626.35,601.1459582812449,-64.68172484599589,35.177700028057316,36.28699892322659,32.95910223771877,-4.2229357107195105,19.56633970056789,26.587506453278262,52.03810802959001,0.0,2458.0,2892.0,2331.0,0,0,1638324.85,59347584,2644.963044498369,0.8596491228070176,0.14035087719298245,0.7192982456140351,9840201.754385965,-9.05947441217151,-11.894882434301524,3.8838643928720473,-3.4506623638110856,83.55470789909862,54.20897477890599,5.0,0.9,643781.6,-22064.0,-3.828143027918174,0.13981798650066923,2.4162286063593337,0.2,0.0
2021-05-31,,,,2612.0,2630.9,2644.2,2301.2,2585.4401117123775,132.57142857142858,44.39083232810615,77.51456677751776,102.59901564791531,-25.08444887039755,2911.479156255059,2376.9208437449406,2644.2,534.5583125101184,-52.772073921971256,44.689103804485114,39.08770055031276,55.89191031282982,14.197447898561668,16.433189655172413,27.747844827586203,46.77075126448283,0.0,2458.0,2892.0,2379.0,0,0,1644363.75,60455259,2655.5628555421513,0.6984126984126984,0.30158730158730157,0.4603174603174603,8791071.42857143,-7.0539419087136785,-11.894882434301524,4.299801239949163,-3.4506623638110856,81.92257022906033,53.73833979129507,5.0,0.9,629475.95,1200.0,0.21648965630463035,0.12546248093178533,2.1530361298977327,0.2,0.0
2021-06-01,,,,2626.4,2619.6,2659.75,2311.233333333333,2595.3981963111987,127.21428571428571,35.97222222222223,77.00599139056249,97.48041079644476,-20.474419405882273,2896.509593814387,2422.990406185613,2659.75,473.5191876287736,-52.36139630390144,58.648457262691565,45.60795278777236,84.72946621252996,15.301009789108495,13.812464907355421,28.916339135317237,42.19586156939524,0.0,2458.0,2892.0,2423.0,0,0,1596636.8,61139810,2671.1397427914308,0.6,0.4,0.03076923076923077,10531553.846153846,-6.984785615490985,-11.894882434301524,3.750656525189035,-3.4506623638110856,81.14922570117915,52.51252003758775,5.0,0.9,616703.35,-27119.0,-4.881916979148482,0.11859711818758424,1.9929381801781474,-0.1,1.0
2021-06-02,,,,2642.0,2618.5,2671.3,2320.85,2600.9793204720368,122.07142857142857,36.478873239436616,72.85817886356881,92.55596440986957,-19.697785546300764,2880.346053853151,2462.2539461468496,2671.3,418.09210770630125,-53.22195704057279,61.473400732205334,50.896435435916686,82.62733132478263,8.608926383470637,13.516676418958456,30.83674663545934,37.88340953328572,1.0905433898489865,2877.0,2892.0,2526.0,0,0,1578301.5,60263579,2681.997912006462,0.13513513513513514,0.8648648648648649,0.32432432432432434,7893972.972972973,-8.2295988934993,-11.894882434301524,2.8146547374525976,-3.4506623638110856,79.42699262057147,51.61530627091518,5.0,0.85,604268.95,-19505.0,-3.691472046633104,0.11410665132911221,1.9392277522061128,-0.1,1.0
2021-06-03,,,,2667.2,2622.3,2678.7,2330.3,2607.9336709032714,113.85714285714286,44.00630914826498,70.37361715309135,88.11949495851394,-17.745877805422595,2876.2514323437013,2481.1485676562984,2678.7,395.10286468740287,-45.86466165413534,65.63980140137889,55.81089075773742,85.29762268866183,4.47756434996253,14.491844416562108,28.293601003764117,34.45839033205685,17.293008585751398,2458.0,2892.0,2548.0,0,0,1567434.65,61014286,2687.5449338935227,0.3684210526315789,0.631578947368421,0.2631578947368421,9877723.684210526,-7.538035961272471,-11.894882434301524,1.914279063726861,-3.4506623638110856,75.85931349104155,51.38144881047849,4.0,0.8,592396.95,-7154.0,-1.4058462294276541,0.10942066958841147,1.7063065296511564,0.0,1.0
2021-06-04,,,,2677.8,2634.8,2685.4,2340.5,2615.08284510296,109.07142857142857,45.070422535211264,68.34299339527433,84.16419464586602,-15.821201250591685,2873.2828302286625,2497.5171697713376,2685.4,375.7656604573249,-37.67313019390582,69.11701045806211,60.24626399117898,86.85850339182838,-6.6227266292555464,15.12770137524558,31.95808775376555,31.32017209116332,19.583464502655318,2458.0,2892.0,2548.0,0,0,1551594.9,61883114,2692.617116340526,0.7628865979381443,0.23711340206185566,0.09278350515463918,8956989.69072165,-7.226832641770409,-11.894882434301524,1.7439902785882053,-3.4506623638110856,74.02938045560997,50.74418604651163,4.0,0.75,580015.55,-3285.0,-0.654746363018488,0.09847225321287159,1.6501708580959344,0.0,1.0
2021-06-07,,,,2666.0,2639.0,2682.7,2350.766666666667,2616.4082884264876,111.28571428571429,36.320754716981135,61.66551901641151,79.66445951997511,-17.998940503563603,2872.2724830131865,2493.127516986813,2682.7,379.14496602637337,-52.63157894736842,65.00657840061284,61.83303546099027,71.35366427985797,-8.133423548445313,17.008985879332474,31.322207958921688,27.744152766374366,1.0155179007113668,2819.0,2892.0,2548.0,0,0,1499882.85,61044823,2695.6916511957365,0.02631578947368421,0.9736842105263158,0.47368421052631576,7353429.824561404,-9.094052558782838,-11.894882434301524,-0.48933416182769957,-3.4506623638110856,74.02938045560997,49.98914223669924,3.0,0.7,569406.7,-15327.0,-3.07501865836336,0.09520281017540617,1.5984073688505547,-0.1,-1.0
2021-06-08,,,,2654.8,2640.6,2675.35,2360.65,2618.0836895287266,103.64285714285714,46.91848906560636,56.129998987200906,74.95756741342026,-18.827568426219358,2860.2155556998273,2490.4844443001725,2675.35,369.73111139965476,-39.726027397260275,62.861528457551415,62.17586645984399,64.23285245296628,-32.14103342277775,17.711922811853896,31.21984838042729,25.53647022025834,35.37775935185388,2458.0,2892.0,2548.0,0,0,1424043.6,61820107,2689.1600309967107,0.8641975308641975,0.13580246913580246,0.06172839506172839,9571407.407407407,-8.921161825726143,-11.894882434301524,-1.7515648909228407,-3.4506623638110856,74.02938045560997,49.82143381166182,2.0,0.65,561786.7,-10430.0,-2.1589330772144644,0.10080116205932037,1.6673324975634274,-0.1,-1.0
2021-06-09,,,,2651.2,2646.6,2662.55,2371.483333333333,2619.7900048117053,96.35714285714286,50.0,51.31293914679736,70.22864176009568,-18.915702613298322,2817.242870587244,2507.8571294127564,2662.55,309.3857411744875,-39.04109589041096,57.80982631115049,60.720519743612826,51.98843944622581,-16.78841042875775,20.533728687916973,24.017790956263898,23.57630634292533,55.497225383790116,2458.0,2846.0,2548.0,0,0,1346921.8,62362666,2675.7752319152214,0.5245901639344263,0.47540983606557374,0.03278688524590164,8894409.836065574,-7.378777231201661,-11.894882434301524,-3.4987544199895257,-3.4506623638110856,74.02938045560997,49.82143381166182,1.0,0.6,552670.15,7043.0,1.4900175383294023,0.0981864616788319,1.549150092457193,0.0,0.0
2021-06-10,,,,2645.2,2656.2,2652.45,2382.6833333333334,2622.095718639162,95.71428571428571,60.59113300492611,47.59230321318455,65.70137405071347,-18.109070837528918,2780.854746592031,2524.0452534079686,2652.45,256.8094931840624,-36.3013698630137,52.87680177015768,58.10594708579445,42.41851113888414,-5.944099157716819,22.238805970149254,24.328358208955223,21.44340301436983,100.0,2458.0,2803.0,2548.0,0,0,1252491.6,62972378,2657.5259844989514,0.5,0.5,0.09523809523809523,7258476.190476191,-5.672493756689256,-11.894882434301524,-2.7677724882422505,-3.4506623638110856,74.02938045560997,49.82143381166182,1.0,0.55,543256.4,2476.0,0.5161322599338769,0.08984616774870106,1.5027859679003803,0.3,0.0
2021-06-11,,,,2652.4,2665.1,2650.9,2394.3166666666666,2631.3246978163843,89.78571428571429,64.60176991150442,50.11781861319514,62.58466296320981,-12.466844350014668,2775.0237073924136,2526.7762926075866,2650.9,248.24741478482701,-11.071428571428571,63.02897895788289,59.74695770982393,69.59302145400082,36.30656608622174,26.491646778042956,18.37708830548926,21.475563843740865,100.0,2458.0,2803.0,2548.0,0,0,1156341.2,63513424,2646.312558236848,0.9736842105263158,0.02631578947368421,0.9868421052631579,7119026.315789473,-2.9967891544773417,-11.894882434301524,-0.3022930701171462,-3.0572422133883186,74.02938045560997,49.82143381166182,1.0,0.55,538143.05,20812.0,4.316069332514849,0.08790184385188009,1.369287636646829,0.6,0.0
2021-06-15,,,,2655.8,2660.9,2645.9,2405.0666666666666,2632.7223456433953,91.78571428571429,52.834008097165984,45.701993714477794,59.208129113463414,-13.50613539898562,2761.6690986857966,2530.1309013142036,2645.9,231.53819737159301,-37.142857142857146,56.714659807047376,58.73619174223174,52.67159593667864,13.69007879710721,22.957198443579767,19.766536964980542,20.74936877872531,58.89644523184753,2750.0,2803.0,2548.0,0,0,1062944.15,63076326,2633.6683439106373,0.27586206896551724,0.7241379310344828,0.8390804597701149,5024114.942528736,-5.601141633963613,-11.894882434301524,-1.2624916365544168,-3.0572422133883186,74.02938045560997,49.82143381166182,1.0,0.55,530596.05,-31561.0,-6.2744279437784485,0.08508740613892565,1.207675007646628,0.6,0.0
2021-06-16,,,,2647.8,2651.3,2635.45,2413.85,2629.0345032011674,91.5,51.785714285714285,37.57333325292393,54.88116994135552,-17.307836688431593,2726.630503456175,2544.2694965438245,2635.45,182.3610069123506,-55.714285714285715,43.49159138651643,53.65465829032664,23.165457578896024,-21.429630606593864,23.02888368462139,20.218579234972676,21.00200587296993,55.234865164887054,2750.0,2719.0,2548.0,0,0,1026805.0,62499826,2623.815878152781,0.08333333333333333,0.9166666666666666,0.7222222222222222,8006944.444444444,-4.597278411180595,-11.894882434301524,-2.8563964948265723,-3.0572422133883186,74.02938045560997,49.82143381166182,1.0,0.5,523212.25,23982.0,5.0868704780368645,0.07099283200761938,1.1123633968462685,0.5,0.0
2021-06-17,,,,2650.8,2651.0,2634.75,2423.4,2631.1264552772464,89.35714285714286,59.66228893058161,35.32354704227146,50.96964536153871,-15.646098319267253,2725.1872419793826,2544.3127580206174,2634.75,180.87448395876527,-45.41284403669725,45.471666984950346,50.926994521867876,34.5610119111153,-0.07318626014336235,23.58113509192646,13.98880895283773,22.16672301769655,82.74691226514919,2532.0,2719.0,2548.0,0,0,974743.35,63093610,2617.225856136045,0.8947368421052632,0.10526315789473684,0.75,7812947.368421053,-2.500919455682249,-11.894882434301524,-0.09461884516921036,-2.698521504101136,74.02938045560997,49.82143381166182,0.0,0.5,519222.45,3213.0,0.6485262327145414,0.0676606105655417,1.1243256294684545,0.5,0.0
2021-06-18,,,,2646.8,2646.0,2634.15,2432.883333333333,2630.4477452508418,86.14285714285714,49.37238493723849,31.00450032974004,46.976616355178976,-15.972116025438936,2724.7114650243893,2543.588534975611,2634.15,181.12293004877847,-67.74193548387096,41.67808102026993,47.844023354668565,29.346196351472656,-4.207951665679812,19.154228855721392,14.510779436152571,22.065335552272987,46.80535948541295,2750.0,2719.0,2548.0,0,0,906076.95,62526096,2619.9750082116825,0.391304347826087,0.6086956521739131,0.391304347826087,8224840.579710145,-3.493931592497257,-11.894882434301524,-0.0641294786712607,-2.698521504101136,74.02938045560997,49.831045934244656,0.0,0.45,515076.75,-16222.0,-3.253222740071071,0.06656251871288989,1.1067139802132007,0.4,0.0
2021-06-21,,,,2627.4,2639.9,2637.35,2441.75,2629.643198084095,81.14285714285714,42.18009478672986,27.1077600241415,43.00284508897148,-15.895085064829985,2720.82776256046,2553.8722374395397,2637.35,166.95552512092036,-68.81720430107526,40.09961239992518,45.26255303642077,29.773731126933995,3.746957051809936,14.084507042253522,15.40492957746479,20.555896683897096,21.683446179038384,2750.0,2719.0,2548.0,0,0,859826.3,61870600,2623.8407279470284,0.05357142857142857,0.9464285714285714,0.03571428571428571,11705285.714285715,-3.5674880470761283,-11.894882434301524,1.300929044530659,-2.0462792921856745,74.02938045560997,49.362772814655656,0.0,0.4,513705.75,28862.0,5.982728814191729,0.065865641146657,1.1480023235624301,0.0,0.0
2021-06-22,,,,2635.2,2645.5,2642.25,2451.8,2634.9152744570383,82.78571428571429,49.48240165631471,28.771479043697127,40.15657187991662,-11.385092836219492,2724.7832468893635,2559.7167531106365,2642.25,165.0664937787269,-34.946236559139784,51.37075609270374,47.29862072184843,59.51502683441437,25.806683824382382,15.358067299396028,16.307161345987918,18.24511448289444,46.53880650607751,2564.0,2719.0,2548.0,0,0,798303.9,62475033,2633.235526595824,0.9090909090909091,0.09090909090909091,0.7159090909090909,6868556.818181818,-1.2504597278411134,-11.894882434301524,1.8351503260195179,-2.0462792921856745,74.02938045560997,49.460398312499464,0.0,0.4,513204.3,33035.0,6.461183999499309,0.0648302029465003,1.184662626684795,0.1,0.0
2021-06-23,,,,2653.6,2650.7,2645.65,2462.4166666666665,2639.780486413511,78.21428571428571,53.57142857142857,29.826854582736814,38.09062842048066,-8.263773837743848,2729.5679423760316,2561.7320576239686,2645.65,167.83588475206307,-30.681818181818183,59.126397781609256,51.24121307510204,74.89676719462369,59.1806890964798,15.525114155251142,16.164383561643834,15.599911564334516,60.99736425935688,2564.0,2719.0,2548.0,0,0,762731.25,62937130,2635.9926644979255,0.2978723404255319,0.7021276595744681,0.02127659574468085,9831851.063829787,-1.2136815005516777,-11.894882434301524,1.3152531241027765,-2.0462792921856745,74.02938045560997,49.8530492780599,0.0,0.4,511618.15,-16157.0,-2.968296164565265,0.06185279996039549,1.1269190249422134,0.2,0.0
2021-06-24,,,,2679.2,2665.0,2655.8,2474.55,2653.0394877074623,80.64285714285714,60.076775431861805,37.73261200411844,38.01902513720822,-0.28641313308978056,2752.395957199895,2559.2040428001055,2655.8,193.1919143997893,-5.701754385964913,70.67756662314619,57.71999759111676,96.59270468720506,109.71364357633682,21.523472099202838,15.677590788308237,14.418213078488563,83.99988667832937,2564.0,2779.0,2548.0,1,0,742551.85,63640951,2644.872668532619,0.8818181818181818,0.11818181818181818,0.8454545454545455,6398372.7272727275,0.0,-11.894882434301524,3.457132326355493,-2.0462792921856745,74.02938045560997,49.98914223669924,0.0,0.45,513795.5,71746.0,13.584089730044946,0.07021046488213294,1.1234025149993627,0.2,0.0
2021-06-25,,,,2722.8,2684.8,2670.5,2486.366666666667,2671.035726973418,79.0,63.826086956521735,48.522221243045806,40.119664358375736,8.40255688467007,2785.7105623812595,2555.2894376187405,2670.5,230.42112476251896,-0.7142857142857143,80.19628324046272,65.21209280756541,110.16466410625733,152.45336691076236,26.672694394213384,12.658227848101266,14.410219856740607,97.25723086796086,2564.0,2842.0,2594.0,1,0,690893.4,64141409,2663.805748204668,0.972972972972973,0.02702702702702703,0.8513513513513513,6762945.945945946,0.0,-9.094052558782838,4.893871161255998,-2.0462792921856745,74.02938045560997,49.98914223669924,0.0,0.5,513754.25,-24370.0,-4.062289551064502,0.07007027980864905,1.062035145756251,0.0,0.0
2021-06-28,,,,2759.8,2693.6,2679.35,2497.733333333333,2683.9847053569024,75.21428571428571,66.0071942446043,53.630636216643325,42.82185873002926,10.808777486614062,2807.8838783929455,2550.8161216070544,2679.35,257.0677567858911,-14.43661971830986,81.64028945590596,70.68815835701226,103.54455165369336,119.15128739364674,25.166191832858498,13.295346628679964,14.499457263375092,100.0,2848.0,2842.0,2594.0,0,0,657157.9,63694336,2674.1329904882828,0.32786885245901637,0.6721311475409836,0.5737704918032787,7329065.573770492,-1.2315270935960743,-9.094052558782838,3.080107493495004,-2.0462792921856745,74.02938045560997,49.98914223669924,0.0,0.5,514989.1,3458.0,0.6008291372594066,0.07347615767722902,0.9600538728625615,0.0,0.0
2021-06-29,,,,2784.6,2709.9,2685.4,2508.9666666666667,2695.89092389434,72.71428571428571,65.82278481012658,57.1813244584464,45.69375187571269,11.487572582733705,2826.431388816726,2544.368611183274,2685.4,282.06277763345224,-14.716981132075471,82.85453259324548,74.74361643575666,99.0763649082231,96.85429731052798,26.031434184675835,7.76031434184676,16.389752523306775,99.22605168621654,2583.0,2842.0,2594.0,0,0,623419.85,64127250,2679.0644124501327,0.5,0.5,0.043478260869565216,9411173.913043479,-1.1611541168191408,-9.094052558782838,2.184439252630187,-2.0462792921856745,74.02938045560997,49.98914223669924,0.0,0.5,517521.25,27146.0,4.688460714754505,0.08143187385234157,0.8808085260402898,0.0,0.0
2021-06-30,,,,2810.4,2732.0,2691.65,2520.6833333333334,2707.2346454282124,71.71428571428571,66.06822262118492,59.79019616403593,48.513040733377345,11.277155430658588,2844.152320948675,2539.147679051325,2691.65,305.00464189734976,-12.452830188679245,84.18721827597508,77.89148371582948,96.77868739626629,86.92378422713715,24.800796812749006,7.868525896414344,19.533250294153273,100.0,2583.0,2842.0,2594.0,0,0,610216.05,64547725,2683.3200482025995,0.5531914893617021,0.44680851063829785,0.1276595744680851,8946276.59574468,-0.9500351864883849,-9.094052558782838,2.2499210059169448,-2.0462792921856745,74.02938045560997,49.98914223669924,0.0,0.5,520528.2,-17623.0,-2.9074045355708678,0.08646312782065205,0.8487180545059239,0.0,0.0
2021-07-01,,,,2811.0,2745.1,2698.05,2531.7833333333333,2714.3551553874304,72.85714285714286,61.85567010309279,58.52033557822688,50.51449970234725,8.005835875879626,2854.5895191401437,2541.5104808598567,2698.05,313.079038280287,-29.43262411347518,78.81711987629109,78.20002910265,80.05130142357325,71.55556431364639,25.19607843137255,9.901960784313726,22.325267401812834,82.36549742497549,2865.0,2842.0,2594.0,0,0,599852.9,63878757,2690.218733209425,0.17,0.83,0.33,6689680.0,-2.1111893033075257,-9.094052558782838,2.3380164778490853,-2.0462792921856745,74.02938045560997,49.98914223669924,0.0,0.55,523830.2,-13604.0,-2.3115651321367725,0.08877724180995432,0.8467939995828504,-0.1,0.0
2021-07-02,,,,2809.6,2766.2,2706.1,2543.75,2725.8451405886276,72.07142857142857,60.357142857142854,61.086452377627666,52.62889023740334,8.457562140224326,2873.606669152372,2538.593330847628,2706.1,335.01333830474414,-10.638297872340425,82.03192607137355,79.47732809222452,87.14112202967158,69.95314886450107,22.001982160555006,10.009910802775025,23.709281253714185,76.09239282534028,2583.0,2842.0,2594.0,0,0,584452.7,64321460,2695.5328252682666,0.9696969696969697,0.030303030303030304,0.803030303030303,6707621.212121212,-0.24630541871921707,-9.094052558782838,2.8159860831380277,-2.0462792921856745,74.02938045560997,49.98914223669924,0.0,0.6,527580.5,1812.0,0.31517702616907783,0.09029515201513273,0.826406921209952,0.2,0.0
2021-07-05,,,,2810.8,2785.3,2712.6,2554.65,2734.1456033897107,69.07142857142857,66.40471512770138,60.64581508510582,54.23227520694384,6.413539878161984,2886.3068310628305,2538.8931689371693,2712.6,347.4136621256612,-18.43971631205674,79.04028232046664,79.33164616830523,78.45755462478948,61.520477393357254,23.16442605997932,8.066184074457084,26.62901318223994,100.0,2865.0,2842.0,2594.0,0,0,562136.75,63898951,2702.1920033989354,0.5272727272727272,0.4727272727272727,0.4,7681981.818181818,-1.0204081632653073,-9.094052558782838,2.283403687655123,-2.0462792921856745,74.02938045560997,49.98914223669924,0.0,0.65,529911.85,-31664.0,-5.49029263412325,0.08921513321399956,0.8270077466338618,0.5,0.0
2021-07-06,,,,2821.4,2803.0,2724.25,2566.9666666666667,2746.3222125906905,68.64285714285714,76.48221343873519,63.518297946119674,56.089479754779006,7.4288181913406675,2905.4412336673354,2543.0587663326646,2724.25,362.38246733467076,-5.423728813559322,83.30576644493695,80.65635292718247,88.60459348044591,74.91507659974552,27.36732570239334,4.578563995837669,31.260249606536025,100.0,2583.0,2862.0,2594.0,1,0,544831.15,64391130,2711.7595394157133,0.7575757575757576,0.24242424242424243,0.7424242424242424,7457257.575757576,0.0,-8.921161825726143,4.119520045218471,-2.0012095394326304,75.34839073969509,49.98914223669924,0.0,0.7,533781.7,15443.0,2.8332504682945014,0.08693266387923418,0.8597848398696136,0.5,0.0
2021-07-07,,,,2830.8,2820.6,2735.65,2578.7166666666667,2757.3391447249105,67.42857142857143,73.4966592427617,65.04496345892403,57.88057649560801,7.164386963316019,2921.5614390183964,2549.7385609816038,2735.65,371.82287803679264,-7.986111111111111,82.48162207440241,81.26477597625578,84.91531427069566,70.78189531874354,28.601694915254235,4.131355932203389,34.776347225091804,91.29629797429742,2885.0,2862.0,2594.0,0,0,529893.8,64391130,2725.447482495549,0.6101694915254238,0.3898305084745763,0.0,8076898.305084745,0.0,-7.378777231201661,4.025516193396809,-2.0012095394326304,75.34839073969509,49.98914223669924,0.0,0.75,539036.15,17262.0,3.0797172554798635,0.08357528052802776,0.8818501639423142,0.6,0.0
2021-07-08,,,,2854.8,2832.9,2748.95,2592.2833333333333,2771.116369036824,66.78571428571429,80.08658008658008,68.69069896372639,60.042600989231694,8.648097974494696,2942.737159424692,2555.1628405753077,2748.95,387.5743188493843,-4.8076923076923075,85.03160769872441,82.52038655041198,90.05404999534926,79.56086131189691,31.550802139037433,4.171122994652406,39.26589030641685,100.0,2605.0,2902.0,2594.0,1,0,533943.6,65014685,2739.768072788961,0.75,0.25,0.6666666666666666,10392583.333333334,0.0,-5.672493756689256,4.614310464771268,-2.0012095394326304,77.20308676830417,49.98914223669924,0.0,0.8,546851.0,58251.0,10.082074465875568,0.08722292356915796,0.8452118605083806,0.7,0.0
2021-07-09,,,,2866.4,2838.0,2761.4,2604.85,2782.72433389046,66.42857142857143,78.8912579957356,70.04629573855755,62.04333993909687,8.002955799460679,2958.7587702903593,2564.041229709641,2761.4,394.7175405807184,-7.6923076923076925,84.75791390441276,83.26622900174557,87.74128370974714,66.38926267165614,30.75268817204301,4.838709677419355,44.14675143023238,96.09425198729598,2917.0,2902.0,2594.0,0,0,525754.3,64568759,2751.3388022694253,0.84,0.16,0.18,8918520.0,-0.3101309441764455,-5.601141633963613,4.305576815705138,-2.0012095394326304,79.1303224139045,49.98914223669924,0.0,0.85,552942.8,-31985.0,-5.028937814750822,0.08459726686716068,0.839338614486889,0.6,0.0
2021-07-12,,,,2892.4,2851.6,2772.6,2617.8333333333335,2797.9886830437495,66.0,78.28947368421052,74.29872858791441,64.49441766886038,9.804310919054032,2984.7006712314665,2560.4993287685334,2772.6,424.2013424629331,-8.445945945945946,85.73351895762164,84.0886589870376,89.02323889878971,81.38215962152208,36.25541125541125,3.354978354978355,49.865525293465076,93.22234156820622,2672.0,2943.0,2594.0,1,0,526216.45,65119048,2763.6988475623166,0.6951219512195121,0.3048780487804878,0.6097560975609756,6710841.463414634,0.0,-5.601141633963613,3.9394344177616176,-2.0012095394326304,79.1303224139045,49.98914223669924,0.0,0.85,559829.8,36716.0,6.078465781727527,0.08774091148077728,0.8560713877503267,0.7,0.0
2021-07-13,,,,2920.8,2871.1,2790.5,2631.8,2817.608808468154,67.64285714285714,80.81395348837209,81.64979445464223,67.92549302601675,13.72430142862548,3017.515881660981,2563.484118339019,2790.5,454.031763321962,-0.6172839506172839,90.2123874655237,86.12990181319964,98.37735877017184,91.56253287461755,36.642027455121436,3.2734952481520594,55.69271047429373,100.0,2672.0,3004.0,2594.0,1,0,528869.0,65609197,2778.1413416807063,0.9714285714285714,0.02857142857142857,0.8714285714285714,7002128.571428572,0.0,-4.597278411180595,6.768936123998119,-1.2682122657492154,80.23205476693849,49.98914223669924,0.0,0.85,569887.4,31851.0,4.970893484198213,0.08886144575274296,0.8261991883945168,0.7,0.0
2021-07-14,,,,2962.6,2896.7,2814.35,2646.133333333333,2841.7413028997585,65.57142857142857,79.79591836734694,91.82342390060148,72.7050792009337,19.118344699667787,3054.301113442097,2574.3988865579026,2814.35,479.90222688419453,-0.970873786407767,93.14489197371547,88.46823186670491,102.49821218773661,104.45682850954375,37.25490196078431,3.376906318082789,60.5258340722584,95.0234905167914,2672.0,3071.0,2622.0,1,0,528143.15,66171180,2801.3509105122985,0.9629629629629629,0.037037037037037035,0.8271604938271605,6938061.728395062,0.0,-3.5674880470761283,9.547102199470064,-1.1752530864737691,80.23205476693849,49.98914223669924,0.0,0.9,577324.3,-28432.0,-4.227171829955645,0.0866917175851777,0.8357243751368519,0.6,0.0
2021-07-15,,,,2984.8,2919.8,2832.45,2659.2,2858.051655004543,67.28571428571429,67.62886597938144,94.12101478959357,76.98826631866567,17.132748470927908,3075.117175148873,2589.782824851127,2832.45,485.3343502977459,-19.741100323624597,88.41843372960342,88.45163248767108,88.35203621346812,82.39811823010545,30.78556263269639,5.414012738853502,62.986962117368634,35.54670986266854,3074.0,3071.0,2622.0,0,0,529925.0,65541759,2823.701781918825,0.43478260869565216,0.5652173913043478,0.6304347826086957,6841532.608695652,-1.8886356235753965,-3.5674880470761283,6.8490649355121835,-1.2643825200950292,80.23205476693849,49.98914223669924,0.0,0.9,580796.85,-76074.0,-11.809633807277287,0.08022231482909556,0.8612338058635952,0.5,1.0
2021-07-16,,,,3020.6,2943.5,2854.85,2673.233333333333,2878.427687861253,67.92857142857143,76.03143418467585,99.55507016085994,81.50162708710452,18.053443073755417,3099.2020109660552,2610.4979890339446,2854.85,488.70402193211066,-2.229299363057325,91.40504820425497,89.43610439319903,95.34293582636684,88.22465538062566,31.54574132492113,5.362776025236593,65.84953164660485,76.62138350933706,2765.0,3072.0,2622.0,1,0,523833.2,65987437,2844.0171912547735,0.9,0.1,0.8428571428571429,6366828.571428571,0.0,-3.5674880470761283,8.562654295136568,-1.2643825200950292,80.23205476693849,49.98914223669924,0.0,0.95,583823.65,-25137.0,-4.424788107622845,0.07118643249768275,0.8777511588120979,0.3,1.0
2021-07-19,,,,3039.8,2966.1,2875.7,2686.1666666666665,2893.7202890173244,73.57142857142857,71.2962962962963,100.04551160375058,85.21040399043373,14.83510761331685,3107.2213756187934,2644.178624381206,2875.7,463.04275123758725,-31.155778894472363,82.00494806099688,86.95905228246498,72.0967396180607,90.0010197385471,37.28155339805825,4.8543689320388355,67.48444292544495,53.474383843852024,3163.0,3072.0,2685.0,0,0,520305.6,65402493,2870.217483500722,0.008,0.992,0.264,4679552.0,-1.07421875,-2.1111893033075257,7.7833597014619995,-1.2643825200950292,80.23205476693849,49.98914223669924,0.0,1.0,580779.3,-92561.0,-17.04754327222363,0.08395619991118995,0.9657330897360008,0.2,1.0
2021-07-20,,,,3043.8,2982.3,2892.65,2699.1,2906.127880539484,74.92857142857143,69.03460837887067,98.09305961053178,87.78693511445334,10.30612449607844,3114.835579142628,2670.4644208573723,2892.65,444.37115828525566,-34.92462311557789,73.1528713569039,82.35699197394462,54.74463012282246,58.86543813859585,36.224976167778834,10.200190657769305,67.78645910929116,42.418467268210684,3163.0,3072.0,2686.0,0,0,509967.3,65004826,2888.352084470253,0.6515151515151515,0.3484848484848485,0.22727272727272727,6025257.575757576,-1.5625,-2.1111893033075257,6.399272364869411,-1.2643825200950292,80.23205476693849,49.98914223669924,0.0,1.0,573445.2,-52760.0,-11.714109996292155,0.1105146365015742,1.020000848734338,0.1,0.0
2021-07-21,,,,3030.8,2996.7,2908.65,2711.9333333333334,2915.639510964295,72.64285714285714,70.97378277153558,94.00959369435714,89.03146683043411,4.978126863923023,3113.596488522962,2703.7035114770383,2908.65,409.89297704592354,-40.05102040816327,65.32840996443167,76.68079797077364,42.623633951747735,58.902171169826644,36.97148475909538,8.161258603736481,69.23353079954391,51.89782564729535,3163.0,3072.0,2779.0,0,0,499856.55,64744944,2901.0255606666883,0.029411764705882353,0.9705882352941176,0.2647058823529412,3821794.117647059,-2.148437500000011,-2.148437500000011,5.989809467570052,-1.2643825200950292,80.23205476693849,49.98914223669924,0.0,1.0,566419.45,-9990.0,-2.512341658346684,0.13297779339202287,0.9795995356010796,0.3,-1.0
2021-07-22,,,,3039.6,3012.2,2922.55,2725.15,2929.102414681981,73.85714285714286,70.86466165413533,93.80733870368658,89.98664120508461,3.820697498601973,3128.180711406838,2716.9192885931625,2922.55,411.2614228136754,-27.96833773087071,64.12989063814098,72.49716219322941,47.395347527964105,60.46281492634356,36.847195357833655,8.994197292069632,70.8976874682074,30.951993539139107,2784.0,3072.0,2782.0,0,0,478194.05,65015515,2916.0733342457943,0.7590361445783133,0.24096385542168675,0.6144578313253012,3259891.56626506,-0.4882812500000222,-2.148437500000011,5.544914630137022,-1.2643825200950292,80.23205476693849,49.98914223669924,0.0,1.0,555226.85,-11591.0,-2.990091500772607,0.1548253190500712,0.901908797509589,0.1,0.0
2021-07-23,,,,3033.0,3026.8,2932.4,2737.85,2939.568851378935,74.78571428571429,71.40151515151516,91.14394987961441,90.21810293999057,0.9258469396238382,3140.641155748249,2724.1588442517514,2932.4,416.48231149649746,-35.32763532763533,57.87807687182966,67.62413375276283,38.38596310996334,62.05366650911028,38.87297039159503,8.882521489971346,71.93023240671259,28.613000630911376,3163.0,3072.0,2782.0,0,0,466510.65,64748725,2925.423074835841,0.029411764705882353,0.9705882352941176,0.2647058823529412,3923382.3529411764,-1.0742187500000222,-2.148437500000011,4.05425071622023,-1.2643825200950292,80.23205476693849,49.98914223669924,0.0,1.0,542470.6,-55643.0,-14.796466483715188,0.18524876966451526,0.9042709637886024,0.3,0.0
2021-07-26,,,,3007.4,3023.6,2937.6,2747.766666666667,2936.848008390465,82.35714285714286,54.03624382207578,77.80774553164247,87.73603145832097,-9.928285926678498,3137.6909266992543,2737.5090733007455,2937.6,400.1818533985088,-74.77744807121661,43.540339536174734,59.59620234723347,11.428613914057252,-3.511214880921231,31.916738941890717,22.810060711188203,68.02342874098224,0.0,3163.0,3072.0,2782.0,0,0,480651.3,64018839,2930.8766121441195,0.30985915492957744,0.6901408450704225,0.9014084507042254,5140042.253521127,-5.240885416666686,-5.240885416666686,1.8671201299158886,-2.0047994330514367,80.23205476693849,49.98914223669924,1.0,0.95,532580.55,60782.0,18.969891983159236,0.1995475390723716,1.0274712674332527,0.0,-1.0
2021-07-27,,,,2962.0,3002.9,2937.0,2755.5333333333333,2923.529150448516,89.42857142857143,45.49237170596393,57.378437332728026,81.66451263320238,-24.28607530047435,3138.7794522948734,2735.2205477051266,2937.0,403.5589045897468,-96.3157894736842,30.25496319955509,49.815789298007346,-8.866688997349428,-49.030789221989245,28.833865814696484,27.715654952076676,62.824865853592634,0.0,3163.0,3072.0,2782.0,0,0,490378.6,63391379,2930.463646116151,0.08860759493670886,0.9113924050632911,0.7215189873417721,3971265.8227848103,-8.951822916666696,-8.951822916666696,-0.03454386695182936,-3.9309665971817913,80.23205476693849,49.8530492780599,1.0,0.9,519800.2,-30660.0,-8.043127533152328,0.2157927264777823,1.1854575191017862,0.0,-1.0
2021-07-28,,,,2930.4,2980.6,2938.65,2763.35,2916.3358980248477,89.64285714285714,46.31147540983606,44.787059828362544,74.28902207223442,-29.501962243871873,3136.734803742443,2740.565196257557,2938.65,396.169607484886,-82.89473684210526,25.871729852334973,41.834436149449886,-6.053682741894846,-52.05573388712578,26.215139442231077,27.649402390438247,57.540295518354405,2.318989304946936,2783.0,3072.0,2782.0,0,0,488649.6,63777274,2931.812589668889,0.7894736842105263,0.21052631578947367,0.8947368421052632,6770087.719298245,-7.291666666666707,-8.951822916666696,0.624378781964382,-3.9309665971817913,79.85405071119357,49.460398312499464,1.0,0.85,507769.75,-2625.0,-0.7488553211519533,0.230815318234283,1.2732118455519217,-0.2,-1.0
2021-07-29,,,,2896.0,2967.8,2943.8,2771.05,2913.351526784386,90.71428571428571,49.473684210526315,37.36319358045921,66.90385637387938,-29.540662793420168,3129.7186013173173,2757.881398682683,2943.8,371.8372026346342,-73.15789473684211,26.19518832260928,36.621353540503016,5.342857886821804,-34.58201568214529,29.60629921259843,26.850393700787404,52.68828000509934,11.271614417181244,2783.0,3072.0,2797.0,0,0,474905.65,64171363,2938.5680599223583,0.6666666666666666,0.3333333333333333,0.5606060606060606,5971045.454545455,-6.08723958333337,-8.951822916666696,1.6390490487230902,-3.9309665971817913,79.07219007005787,49.45342435586875,1.0,0.8,497274.8,17106.0,4.916788824696039,0.24177912363705847,1.3452422453537551,0.1,-1.0
2021-07-30,,,,2867.0,2950.0,2946.75,2777.1833333333334,2911.508524233492,89.57142857142857,46.59248956884562,31.838931493578457,59.8908713978192,-28.05193990424074,3127.19141781519,2766.30858218481,2946.75,360.8828356303802,-70.78947368421052,28.954142111553185,34.06561639751974,18.73119353962008,-36.84840498088146,24.641148325358856,27.352472089314194,47.12789533629668,3.1145770018419734,2783.0,3072.0,2797.0,0,0,474703.25,64610018,2941.6242299794662,0.8333333333333334,0.16666666666666666,0.13636363636363635,6646287.878787879,-5.794270833333382,-8.951822916666696,1.0076163741649753,-3.9309665971817913,78.40983054651554,48.888011517109554,1.0,0.75,487008.3,6381.0,1.7481425471760126,0.25019059339286376,1.4149323463793415,0.2,0.0
2021-08-02,,,,2847.6,2927.5,2946.8,2781.6,2902.221998116017,91.78571428571429,37.12737127371274,20.766202719029934,52.065937662061344,-31.29973494303141,3127.0858548907327,2766.5141451092677,2946.8,360.57170978146496,-91.84210526315789,22.511871138550987,30.21436797786349,7.1068774599259825,-65.34699879674591,21.089494163424124,30.272373540856027,42.433674213504126,0.0,3163.0,3072.0,2797.0,0,0,479964.2,64082290,2941.2296162574903,0.22826086956521738,0.7717391304347826,0.8695652173913043,5736173.913043478,-8.398437500000034,-8.951822916666696,0.1660574282517045,-3.9309665971817913,76.84366548783026,46.944112082396295,1.0,0.7,478257.25,-1355.0,-0.36483870359750314,0.2587027563073246,1.3172120866521966,0.5,-1.0
2021-08-03,,,,2833.2,2897.6,2939.95,2782.3,2885.3437125811583,92.5,27.23684210526315,4.7546208846224545,42.603674306573566,-37.84905342195111,3142.8007099477686,2737.099290052231,2939.95,405.7014198955376,-99.54545454545455,15.182434162175353,25.203723372634112,-4.860144258742167,-97.90670252227982,15.675675675675675,35.44401544401544,39.240294126236805,0.0,3163.0,3072.0,2725.0,0,1,479398.9,63601417,2936.4046218434514,0.023255813953488372,0.9767441860465116,1.0348837209302326,5591546.511627908,-11.295572916666707,-11.295572916666707,-1.719680040916283,-3.9309665971817913,76.12159003548771,46.853289166254214,1.0,0.65,468555.35,-3574.0,-0.9658363104728673,0.26580110141089003,1.2216473023788417,0.5,0.0
2021-08-04,,,,2819.8,2875.1,2935.9,2782.3,2875.4062161448574,91.5,34.696569920844325,-3.3770129843251198,33.407536848393825,-36.784549832718945,3148.3126074164893,2723.487392583511,2935.9,424.8252148329784,-84.88888888888889,15.903935699953635,22.10379414840729,3.504218803046328,-84.08187802797667,15.846994535519126,35.050741608118656,36.92901446981564,15.28802167961676,2713.0,3072.0,2725.0,0,0,476604.4,64022064,2932.7181101699157,0.8095238095238095,0.19047619047619047,0.6666666666666666,5007702.380952381,-9.472656250000044,-11.295572916666707,-0.905162222463105,-3.9309665971817913,74.00361423114454,46.53628673704371,1.0,0.6,458006.55,324.0,0.08841153934313617,0.2701655399182391,1.229176612251702,0.8,0.0
2021-08-05,,,,2779.0,2837.5,2924.85,2778.7833333333333,2856.891338416776,94.57142857142857,25.531914893617028,-17.686674699490595,23.188694538816943,-40.87536923830754,3165.7686584721027,2683.931341527897,2924.85,481.83731694420567,-98.56850715746421,11.299141212904415,18.502243169906333,-3.107062701099423,-93.69619482206878,14.274924471299094,36.85800604229607,35.016533384513295,0.0,3163.0,3072.0,2681.0,0,1,469152.1,63547555,2924.363279129874,0.061946902654867256,0.9380530973451328,0.8849557522123894,4199194.690265486,-12.727864583333382,-12.727864583333382,-2.6365032075075736,-3.9309665971817913,71.82054396976447,46.14765466906164,1.0,0.55,444022.9,-10446.0,-2.8479356147353307,0.26629816012157587,1.2795661510955507,0.7,-1.0
2021-08-06,,,,2743.0,2805.0,2915.9,2776.5833333333335,2843.28263951994,90.21428571428571,29.66207759699624,-26.06391194414209,13.338173242225135,-39.40208518636723,3174.4546058582673,2657.345394141733,2915.9,517.1092117165344,-88.86363636363636,13.450635204738209,16.818373848183626,6.715157917847378,-86.85706866779206,8.31353919239905,39.3507521773555,34.17065865052367,9.004139299574678,2665.0,3072.0,2681.0,0,0,465020.7,63910853,2917.7504115408196,0.765625,0.234375,0.515625,5676531.25,-11.653645833333382,-12.727864583333382,-2.0629957330171442,-3.9309665971817913,71.31734006734007,45.4079818718134,1.0,0.5,431338.6,-5998.0,-1.6831955459020165,0.2635829388258305,1.2507398759272177,0.4,-1.0
2021-08-09,,,,2733.0,2790.3,2906.95,2776.8166666666666,2835.7319119466124,91.28571428571429,34.412470023980816,-28.341645831614187,5.00220942745727,-33.34385525907146,3173.8136355894103,2640.0863644105893,2906.95,533.727271178821,-77.5,22.603453772855772,18.74673382307434,30.316893672418637,-60.93064630118526,12.676056338028168,34.42879499217527,33.46508058815408,19.3604371532204,2665.0,3072.0,2681.0,0,0,457638.1,64313490,2909.567495582208,0.7283950617283951,0.2716049382716049,0.6172839506172839,4970827.160493827,-10.026041666666696,-12.727864583333382,-2.01813716001683,-3.9309665971817913,71.03828547648773,44.93450449379024,1.0,0.45,416380.75,-8755.0,-2.4989439072008457,0.24966222650584263,1.2012546537858249,0.2,0.0
2021-08-10,,,,2761.6,2797.4,2900.15,2778.85,2838.8050631897922,95.35714285714286,42.5,-21.506917158475517,-0.2996158897292869,-21.207301268746228,3163.5090904569524,2636.7909095430477,2900.15,526.7181809139047,-53.86363636363637,43.0304016887909,26.84128977831319,75.40862550974633,-28.259630592135572,16.704119850187265,32.958801498127336,31.243337189940092,36.992005622419384,2665.0,3072.0,2681.0,0,0,450833.35,64667544,2902.4664277831266,0.968,0.032,0.832,2832432.0,-6.640625000000034,-12.727864583333382,-1.3550420745908838,-3.9309665971817913,70.88648587761539,44.313927692137916,1.0,0.4,399627.15,-4064.0,-1.1897199298580463,0.21501331314166783,1.1486098484788592,0.0,1.0
2021-08-11,,,,2777.8,2798.8,2889.7,2779.8333333333335,2841.014104790764,93.14285714285714,38.85714285714286,-16.38561216204471,-3.516815144192371,-12.868797017852337,3140.8163286732124,2638.583671326787,2889.7,502.2326573464252,-55.22727272727273,56.04804557030504,36.576875042310476,94.99038662629417,-11.953262073696406,18.098159509202457,32.97546012269939,28.984025436957456,29.050237823320487,3105.0,3072.0,2681.0,0,0,434916.95,64423889,2892.09681564875,0.46153846153846156,0.5384615384615384,0.11538461538461539,4685673.076923077,-6.835937500000011,-12.727864583333382,-2.22993231624612,-3.9309665971817913,70.40724195425804,43.70504731861199,1.0,0.35,383891.95,-8064.0,-2.389128045293887,0.1695025138880232,1.0671539211939447,-0.1,1.0
2021-08-12,,,,2786.0,2782.5,2875.15,2780.7833333333333,2829.6794281440248,99.28571428571429,34.10230692076229,-23.35455426270937,-7.4843629678957715,-15.8701912948136,3129.8814581858132,2620.418541814187,2875.15,509.4629163716263,-83.43023255813954,45.809808157981145,39.6545194142007,58.120385645542044,-43.3721755450058,14.964028776978417,39.352517985611506,27.705501312075715,30.06698403128716,3105.0,3072.0,2681.0,0,0,427229.9,63948209,2876.2473607691472,0.006493506493506494,0.9935064935064936,0.9090909090909091,3088831.1688311687,-11.393229166666675,-12.727864583333382,-3.004101094384417,-4.245900429289951,69.4006190339236,42.43601895734597,2.0,0.3,371920.25,-804.0,-0.24403199125855313,0.13330459854357324,1.0903001067108282,-0.1,0.0
2021-08-13,,,,2788.0,2765.5,2857.75,2782.25,2819.614720701737,91.57142857142857,39.26521239954076,-28.388858708954558,-11.665262116107531,-16.723596592847027,3103.2397360915775,2612.2602639084225,2857.75,490.97947218315494,-78.6231884057971,39.28061284606151,39.529883891487636,38.78207075520926,-56.76225180408028,16.22464898595944,31.513260530421217,28.804493471010073,57.361247300233366,2665.0,3057.0,2681.0,0,0,425561.95,64360528,2859.663636242228,0.46875,0.53125,0.03125,6442484.375,-10.893032384690859,-12.727864583333382,-3.688652792147274,-4.245900429289951,69.4006190339236,41.59711830929204,2.0,0.25,361474.85,5389.0,1.639683442817974,0.08201930685735857,1.1297681067200633,0.2,0.0
2021-08-16,,,,2784.6,2758.8,2843.15,2785.4,2812.6990330158574,86.0,46.794871794871796,-30.174836737107398,-15.367177040307505,-14.807659696799893,3077.742838765373,2608.557161234627,2843.15,469.18567753074603,-66.11570247933884,38.335223378855815,39.13166372061036,36.74234269534672,-41.27384819460405,20.598006644518275,26.578073089700997,29.568683128730406,88.8111342975702,2665.0,3057.0,2681.0,0,0,414775.75,64729748,2839.438913798601,0.3625,0.6375,0.2875,4615250.0,-10.140660778541044,-12.727864583333382,-3.0475816622186973,-4.245900429289951,69.4006190339236,41.59711830929204,2.0,0.2,355388.6,-5378.0,-1.6099386319413211,0.06167817871046268,1.1187011664527122,0.2,0.0
2021-08-17,,,,2763.2,2762.4,2830.0,2788.3,2807.7753155857754,85.85714285714286,44.14535666218035,-30.113425371846915,-18.31642670661539,-11.796998665231527,3050.999642771791,2609.000357228209,2830.0,441.9992855435821,-60.33057851239669,39.7790378081261,39.347455083115605,40.64220325814708,-37.71741779959139,20.632279534109816,26.622296173044926,30.2839213033402,77.74463750854561,2665.0,3057.0,2681.0,0,0,409868.75,65029275,2827.6627432155615,0.6885245901639344,0.3114754098360656,0.22950819672131148,4910278.688524591,-9.682695453058532,-12.727864583333382,-2.7146859345114707,-4.245900429289951,69.4006190339236,41.59711830929204,2.0,0.15,352358.85,8370.0,2.546611819686495,0.05637472649526773,1.086648094677823,0.5,0.0
2021-08-18,,,,2737.8,2757.8,2816.45,2790.25,2800.844333149035,87.42857142857143,39.75409836065574,-31.796212189698508,-21.012383803232012,-10.783828386466496,3024.8882781292086,2608.011721870791,2816.45,416.8765562584176,-70.83333333333333,36.889728909121104,38.52821302511744,33.612760677128435,-38.841218649007835,17.320261437908496,27.45098039215686,31.551513213206793,66.88713866602171,2905.0,3057.0,2681.0,0,0,415487.85,64657011,2817.6254239845202,0.36363636363636365,0.6363636363636364,0.29545454545454547,4230272.727272727,-10.533202486097458,-12.727864583333382,-2.822706231724646,-4.245900429289951,69.4006190339236,39.65632116843274,2.0,0.1,350306.3,9554.0,2.8346615555331356,0.05157019420078669,1.1535500858525558,0.2,0.0
2021-08-19,,,,2728.2,2757.1,2797.3,2791.883333333333,2788.763920468174,91.21428571428571,35.969387755102034,-37.618381779871015,-24.333583398559814,-13.284798381311202,2981.6704508805306,2612.92954911947,2797.3,368.74090176106074,-80.29739776951673,31.160686682908494,36.07237091104779,21.337318226629904,-68.5616775557402,16.601409553641346,32.576350822239625,33.49932410654541,49.08758885208985,2905.0,3039.0,2674.0,0,1,429622.0,64103757,2801.5702009751203,0.44537815126050423,0.5546218487394958,0.5126050420168067,4649193.277310925,-12.01052977953272,-12.727864583333382,-4.115434249917255,-4.245900429289951,69.4006190339236,39.183598491061176,2.0,0.05,349082.1,4976.0,1.435677272674818,0.048780546081041126,1.1788161974091813,-0.1,0.0
2021-08-20,,,,2717.8,2752.9,2778.95,2793.95,2777.6435470902525,88.14285714285714,39.94334277620396,-41.91075531314118,-27.849017781476093,-14.061737531665088,2932.5118853478098,2625.38811465219,2778.95,307.1237706956199,-81.04089219330855,27.09349372416948,33.07941184875502,15.1216574749984,-82.74766434920375,17.179902755267424,29.983792544570502,34.161393995419424,67.77715794427674,2905.0,2911.0,2672.0,0,1,433780.55,63753796,2787.9558456843365,0.7758620689655172,0.22413793103448276,0.034482758620689655,6033810.344827586,-8.210237031947754,-12.727864583333382,-3.944483205148624,-4.245900429289951,69.4006190339236,39.183598491061176,2.0,0.0,350388.5,-5031.0,-1.431001331164028,0.044694694107179016,1.1339293402286585,-0.2,0.0
2021-08-23,,,,2722.8,2753.7,2772.0,2796.3166666666666,2777.1060664149904,90.0,53.27754532775453,-36.81890260771888,-29.642994746724654,-7.175907860994229,2912.4174228205807,2631.5825771794193,2772.0,280.83484564116134,-43.86617100371747,36.7736054815405,34.31080972635018,41.69919699192114,-28.21828143636298,24.12698412698413,23.809523809523807,31.44650519481805,100.0,2621.0,2894.0,2672.0,0,0,417839.8,64164867,2773.097678583993,0.9572649572649573,0.042735042735042736,0.8547008547008547,3513427.3504273505,-4.215618521078024,-12.727864583333382,-1.365580688349228,-3.9649552133753283,69.4006190339236,39.183598491061176,1.0,0.0,348117.15,-10773.0,-3.1087230659575638,0.04073842689091978,1.1541096862971076,-0.2,0.0
2021-08-24,,,,2718.8,2741.0,2769.2,2797.2,2773.6673934230867,88.78571428571429,47.10982658959537,-34.882905159223355,-30.690976829224393,-4.191928329998962,2909.7516949288165,2628.648305071183,2769.2,281.1033898576334,-55.39033457249071,40.26376848375666,36.29512931215234,48.201046826965296,-9.789814668508393,26.146419951729687,23.33065164923572,29.158004877737756,77.77048622917374,2890.0,2894.0,2672.0,0,0,401562.35,63862956,2767.2270600900047,0.14925373134328357,0.8507462686567164,0.4626865671641791,4506134.328358209,-5.286800276433922,-12.727864583333382,-0.5044475302327343,-3.6606216034682815,69.4006190339236,39.183598491061176,1.0,0.0,347014.15,-7293.0,-2.1720354530509134,0.042727329485198674,1.1601968687824376,-0.3,0.0
2021-08-25,,,,2714.8,2726.3,2762.55,2797.616666666667,2768.080022620888,86.28571428571429,52.75080906148868,-35.04264613080932,-31.56131068954138,-3.4813354412679374,2899.953707909805,2625.1462920901954,2762.55,274.80741581960956,-65.05576208178438,44.54496053342722,39.0450730525773,55.54473549512706,-36.36581943317007,26.903973509933774,25.0,26.265349578956357,97.76952854683545,2890.0,2894.0,2672.0,0,0,399804.65,63512215,2761.685867585582,0.44871794871794873,0.5512820512820513,0.3333333333333333,4496679.487179487,-6.185210780925976,-12.727864583333382,-1.4632904875315245,-3.6606216034682815,69.4006190339236,39.65632116843274,1.0,0.0,346210.9,3370.0,1.025953268894142,0.04392181467513461,1.1567738374072722,-0.3,0.0
2021-08-26,,,,2702.2,2715.2,2748.85,2796.9,2753.1200204665174,91.42857142857143,42.52539912917271,-43.06474921531981,-33.86199839469707,-9.20275082062274,2889.4491315388113,2608.2508684611885,2748.85,281.19826307762287,-99.64285714285714,29.87394532015716,35.98803047510392,17.645775010263634,-79.21770294208041,25.390625,28.359374999999996,22.008705060683933,43.926922991157944,2890.0,2894.0,2611.0,0,1,399019.2,63133835,2750.9317105960486,0.007352941176470588,0.9926470588235294,0.7647058823529411,2782205.882352941,-9.778852798894189,-12.727864583333382,-3.082565034317048,-3.8836265641227565,69.4006190339236,39.90549389309432,1.0,0.0,345479.85,18550.0,5.5899591676837,0.04224176895690179,1.0580156902667235,-0.3,0.0
2021-08-27,,,,2695.8,2706.8,2736.15,2796.3333333333335,2742.346685183992,89.5,40.7185628742515,-46.545716028365405,-36.39874192143074,-10.146974106934664,2867.1000105504077,2605.1999894495925,2736.15,261.90002110081514,-87.10801393728222,26.240749871557764,32.73893694058854,13.244375733496213,-90.8343840058309,21.388667198723063,29.529130087789305,19.852137833661903,34.50416528368478,2603.0,2868.0,2611.0,0,0,394358.65,63479279,2738.6398960692254,0.6851851851851852,0.3148148148148148,0.5370370370370371,6397111.111111111,-7.949790794979017,-12.727864583333382,-2.7972706788017527,-3.8836265641227565,69.4006190339236,39.90549389309432,1.0,0.0,344738.85,6182.0,1.7642945818290734,0.03929696403362467,1.0497975242583844,-0.2,0.0
2021-08-30,,,,2676.6,2699.7,2729.25,2796.2166666666667,2736.027953261707,86.21428571428571,34.0,-45.870738847379926,-38.293141306620576,-7.577597540759349,2857.4420844916312,2601.0579155083688,2729.25,256.3841689832625,-74.56445993031359,29.972465726337656,31.816779869171576,26.283837440669814,-48.05781221277636,20.215410107705054,30.654515327257663,18.980077659053347,0.0,2603.0,2868.0,2611.0,0,0,385966.05,63839155,2729.5370244351802,0.45569620253164556,0.5443037974683544,0.45569620253164556,4555392.405063291,-6.694560669456006,-12.727864583333382,-1.4743060480183496,-3.8836265641227565,69.4006190339236,39.65632116843274,1.0,0.0,343358.6,-14140.0,-3.965482911124385,0.03544323208820906,1.0151285703778694,-0.2,0.0
2021-08-31,,,,2648.6,2683.7,2723.05,2795.75,2723.1681481891633,89.42857142857143,30.493273542600903,-50.80207309193656,-40.79492766368378,-10.007145428252784,2863.5146050190283,2582.585394980972,2723.05,280.9292100380562,-93.19727891156462,23.053840438142156,28.895800058828435,11.369921196769596,-86.40394489583213,18.05111821086262,34.26517571884984,19.113166036416533,0.0,2875.0,2868.0,2601.0,0,1,381017.0,63457263,2722.609060225659,0.20618556701030927,0.7938144329896907,0.7731958762886598,3937030.9278350514,-9.309623430962278,-12.727864583333382,-1.3679662711863487,-3.8836265641227565,69.4006190339236,39.65632116843274,1.0,0.0,342670.15,10262.0,2.9967556076008206,0.03250784758963071,1.0478567672835033,-0.5,0.0
2021-09-01,,,,2628.6,2671.7,2714.75,2795.4333333333334,2712.8664197901953,82.57142857142857,40.14732965009208,-52.96990393206579,-43.229922917360184,-9.739981014705606,2860.3216499293435,2569.1783500706565,2714.75,291.143299858687,-78.87931034482759,22.40945684381891,26.733685653825262,13.760999223806209,-87.34741721326115,19.55017301038062,28.28719723183391,17.21054833748014,42.37158070499239,2566.0,2868.0,2601.0,0,0,375990.75,63777385,2715.1637866534397,0.8448275862068966,0.15517241379310345,0.2413793103448276,5519344.827586207,-8.821478382147763,-12.727864583333382,-1.91488215136236,-3.8836265641227565,69.4006190339236,39.65632116843274,1.0,0.0,341598.5,-7340.0,-2.081094644441861,0.028175499560331586,1.0218533809361017,-0.4,0.0
2021-09-02,,,,2630.2,2666.2,2711.65,2795.15,2703.926760762558,83.57142857142857,40.366972477064216,-53.74561295003514,-45.333060923895175,-8.412552026139963,2862.782252992967,2560.517747007033,2711.65,302.2645059859342,-77.15517241379311,22.554580424614905,25.340650577421812,16.982440119001097,-69.10492226276861,21.794871794871796,25.64102564102564,15.502117217284313,43.335591444695964,2566.0,2868.0,2601.0,0,0,369346.25,64119004,2710.6371562366394,0.5641025641025641,0.4358974358974359,0.05128205128205128,4379730.76923077,-8.682008368200755,-12.01052977953272,-0.6776020682709591,-3.8836265641227565,69.4006190339236,39.65632116843274,1.0,0.0,340914.6,-2691.0,-0.779189191536922,0.026359797469058886,1.0052677250621376,-0.3,0.0
2021-09-03,,,,2652.0,2673.9,2713.4,2796.9,2708.219450213743,88.92857142857143,50.15337423312883,-43.37050619260299,-44.94054997763674,1.5700437850337536,2865.45456084471,2561.34543915529,2713.4,304.10912168942014,-21.120689655172413,41.32949039801913,30.67026385095425,62.6479434921489,-1.6062653444298705,26.586345381526105,24.096385542168672,14.947601533642048,86.28803622040083,2566.0,2868.0,2601.0,0,0,371946.85,64534314,2711.028061401784,0.8709677419354839,0.12903225806451613,0.8387096774193549,2679419.35483871,-4.149232914923218,-12.01052977953272,0.599095419716348,-3.8836265641227565,69.4006190339236,39.65632116843274,2.0,0.05,340239.15,-5829.0,-1.7010634199866925,0.025701070148693453,1.0581046844230466,-0.6,1.0
2021-09-06,,,,2655.0,2665.8,2709.75,2796.4333333333334,2706.579502574339,91.21428571428571,44.97126436781609,-39.37439114113886,-43.82731821033717,4.45292706919831,2860.1863827774096,2559.3136172225904,2709.75,300.8727655548191,-46.12068965517241,47.585044880730706,36.308524194213064,70.13808625376598,3.047801497702682,26.31166797180893,23.492560689115113,14.44648160653222,63.543794428616046,2798.0,2868.0,2601.0,0,0,370779.25,64155029,2709.041747302022,0.10752688172043011,0.8924731182795699,0.6236559139784946,4078333.3333333335,-6.171548117154724,-12.01052977953272,-0.673423754029488,-3.8836265641227565,69.4006190339236,39.65632116843274,2.0,0.05,340078.95,1550.0,0.46016049210453325,0.0257227046376941,1.0720904517373013,-0.7,0.0
2021-09-07,,,,2677.8,2663.2,2702.1,2797.5833333333335,2707.381454710116,89.78571428571429,48.559077809798275,-33.88029084564732,-41.8379127373992,7.957621891751877,2832.936820827333,2571.2631791726667,2702.1,261.6736416546664,-35.775862068965516,55.6015683820256,42.739538923483906,81.32562729910899,0.5759419063161686,25.855210819411298,23.70723945902943,13.139776688856136,79.2906810344896,2566.0,2862.0,2601.0,0,0,371846.95,64530437,2703.1604658404035,0.7058823529411765,0.29411764705882354,0.35294117647058826,5520705.882352942,-5.136268343815442,-12.01052977953272,-1.705077785687973,-3.8836265641227565,69.4006190339236,39.65632116843274,2.0,0.1,340649.8,10557.0,3.1197822624257965,0.026252567133382646,1.0707032095360414,-0.3,0.0
2021-09-08,,,,2674.8,2651.7,2689.0,2797.6833333333334,2697.1546494996287,90.92857142857143,45.05347593582888,-38.36348530535497,-41.14302725099036,2.779541945635387,2803.9242313324794,2574.0757686675206,2689.0,229.8484626649588,-85.34482758620689,42.51643020340168,42.665169350123165,42.21895190995872,-54.77964271445072,25.530243519245875,23.40926944226237,11.129047542119793,63.90462039131526,2798.0,2772.0,2600.0,0,1,382865.6,64066409,2693.933300397494,0.1111111111111111,0.8888888888888888,0.8518518518518519,3437244.4444444445,-6.20490620490618,-12.01052977953272,-2.8808428444903256,-4.268525274988321,69.4006190339236,39.65632116843274,2.0,0.1,342341.45,14352.0,4.112957305714926,0.02882487525126471,1.1407712455654735,-0.4,0.0
2021-09-09,,,,2659.0,2644.6,2679.9,2795.8333333333335,2682.1875400234735,94.85714285714286,41.811414392059554,-46.22509366774284,-42.15944053434086,-4.06565313340198,2811.4429087488106,2548.3570912511896,2679.9,263.08581749762106,-86.2876254180602,33.31398377196476,39.54810749073703,20.84573633442021,-112.06669937727153,24.472891566265062,28.915662650602407,9.784319925454062,49.675236304166724,2798.0,2772.0,2540.0,0,1,390463.25,63438776,2677.5962999505505,0.36283185840707965,0.6371681415929203,0.5309734513274337,5554274.336283186,-8.36940836940835,-12.01052977953272,-2.2170292684047066,-3.8508287292817647,69.4006190339236,39.65632116843274,1.0,0.1,344336.5,5264.0,1.448948246343229,0.031749736007169765,1.2819682591375006,-0.5,0.0
2021-09-10,,,,2622.0,2637.0,2671.9,2794.8333333333335,2670.9315838307616,90.07142857142857,35.75342465753424,-49.943161830095505,-43.71618479349179,-6.226977036603714,2811.3725402137516,2532.4274597862486,2671.9,278.94508042750294,-78.26086956521739,30.08811039343105,36.39477512496837,17.474780930356417,-92.04035447970476,18.477398889770022,30.452022204599523,11.48510607137636,23.633124657802135,2499.0,2772.0,2540.0,0,0,386001.35,63761857,2669.930040831895,0.76,0.24,0.48,6461620.0,-7.503607503607479,-12.01052977953272,-1.9022553781857576,-3.8508287292817647,69.4006190339236,39.183598491061176,1.0,0.1,346096.45,687.0,0.1864001172122931,0.034594913617590296,1.2103692413880125,-0.2,0.0
2021-09-13,,,,2569.4,2612.2,2655.95,2791.6,2647.7952425135463,97.28571428571429,31.257485029940113,-63.13602820424512,-47.600153475642465,-15.535874728602657,2828.338148328713,2483.5618516712866,2655.95,344.7762966574264,-95.05494505494505,21.70709191063902,31.49888072019192,2.123514291533212,-123.88692091840825,15.712187958883995,36.710719530102786,13.939746464118821,3.433495530943663,2774.0,2772.0,2428.0,0,1,391409.55,63284473,2653.878820534655,0.10714285714285714,0.8928571428571429,0.8095238095238095,2841571.4285714286,-12.409812409812382,-12.409812409812382,-3.637211546949037,-4.2891516765643,69.4006190339236,38.511188540456835,2.0,0.1,348570.0,8894.0,2.4086727384502016,0.03795026903891062,1.2386868517284717,-0.2,0.0
2021-09-14,,,,2501.8,2589.8,2636.75,2786.4666666666667,2622.005219417018,98.57142857142857,30.34883720930233,-76.82119669448502,-53.44436211941098,-23.376834575074042,2842.2346645577536,2431.2653354422464,2636.75,410.9693291155072,-94.52380952380952,16.296791432489506,26.431517624291118,-3.972660951113717,-133.24269174277498,15.507246376811596,36.59420289855072,16.568647709519592,0.0,2774.0,2772.0,2377.0,0,1,396348.6,62886165,2637.0459246397404,0.23958333333333334,0.7604166666666666,0.53125,4149041.666666667,-14.249639249639234,-14.249639249639234,-4.435939401512711,-4.2891516765643,69.4006190339236,36.8957745699906,2.0,0.1,350638.6,271.0,0.07166600994861216,0.04136461197911383,1.234034445229743,-0.6,0.0
2021-09-15,,,,2452.0,2563.4,2617.55,2780.883333333333,2596.195198520159,94.71428571428571,33.37595907928389,-88.74181364046262,-60.50385242362131,-28.237961216841313,2853.833037233318,2381.2669627666824,2617.55,472.56607446663565,-90.7725321888412,13.94035022537927,22.267795157987173,-2.714539639836538,-123.26104819636329,16.13876319758673,36.27450980392157,18.91821987902651,15.284991849795217,2774.0,2772.0,2351.0,0,1,403172.0,62377433,2614.023255335192,0.524390243902439,0.47560975609756095,0.3170731707317073,6204048.780487805,-15.187590187590171,-15.187590187590171,-4.481502153204655,-4.2891516765643,69.4006190339236,35.92619513558847,2.0,0.1,350816.8,-28254.0,-7.466425660784215,0.04125688773372716,1.2691525135873234,-0.3,-1.0
2021-09-16,,,,2406.0,2532.5,2599.35,2773.0666666666666,2568.9385129468105,97.14285714285714,29.2191435768262,-100.340680892833,-68.47121811746365,-31.869462775369357,2870.7853853517313,2327.9146146482685,2599.35,542.8707707034628,-95.27720739219713,10.867831019520471,18.467807111831608,-4.332121165101803,-109.49415866000263,15.73529411764706,36.397058823529406,20.60720741500592,0.0,2774.0,2772.0,2310.0,0,1,401495.6,61857707,2590.8209544513065,0.26136363636363635,0.7386363636363636,0.4659090909090909,5905977.272727273,-16.66666666666665,-16.66666666666665,-4.352413777173594,-4.2891516765643,69.4006190339236,35.54205371019626,2.0,0.1,350282.4,-9276.0,-2.6490747087045907,0.04179658391451697,1.2334961171698189,0.0,-1.0
2021-09-17,,,,2365.4,2493.7,2583.8,2765.05,2549.134845047114,102.57142857142857,30.53152039555006,-104.21625288950099,-75.62022507187112,-28.596027817629874,2872.777580627379,2294.8224193726214,2583.8,577.9551612547575,-73.61853832442068,16.696050820165624,17.87722168127628,14.333709097944315,-95.70839609113669,10.584958217270195,39.62395543175488,23.272576399322077,6.269047285617575,2213.0,2772.0,2310.0,0,0,418077.35,62539303,2565.3045472725726,0.9548387096774194,0.04516129032258064,0.32903225806451614,4397393.548387096,-14.82683982683981,-16.66666666666665,-3.5308558873211937,-4.2891516765643,69.4006190339236,34.63974994147162,2.0,0.1,348387.9,-32233.0,-9.455709273535861,0.049803274273095124,1.5001638429676754,-0.3,-1.0
2021-09-22,,,,2357.8,2463.6,2564.7,2758.1,2533.979145518818,105.42857142857143,36.173001310615994,-103.75162977703849,-81.2465060129046,-22.505123764133884,2851.792942955284,2277.6070570447155,2564.7,574.1858859105687,-68.44919786096257,22.76778141462718,19.50740825905991,29.288527725761718,-74.11860639008343,12.262872628726287,34.552845528455286,24.45970424810855,33.21764170825265,2213.0,2749.0,2310.0,0,0,419457.6,62977979,2545.6133332268464,0.948905109489051,0.051094890510948905,0.2116788321167883,3202014.598540146,-13.059294288832312,-16.66666666666665,-4.574809468460771,-4.2891516765643,69.4006190339236,34.63974994147162,2.0,0.1,346191.95,-16802.0,-5.443688826538717,0.06167208289938418,1.5482937046713894,-0.2,0.0
2021-09-23,,,,2351.8,2426.8,2545.0,2750.4,2516.171607850359,112.64285714285714,33.08080808080808,-105.63545349488686,-86.12429550930105,-19.51115798558581,2835.2108126680714,2254.7891873319286,2545.0,580.4216253361428,-76.11408199643493,26.373174243001245,21.79599692037369,35.527528888256356,-55.94823447115536,17.057704502219405,31.38871274571972,25.26807120281674,18.446651168521736,2774.0,2749.0,2310.0,0,0,441843.6,62228348,2524.8627298965816,0.1320754716981132,0.8679245283018868,0.27044025157232704,4714660.377358491,-14.623499454347044,-16.66666666666665,-4.773646867694763,-4.2891516765643,69.4006190339236,34.35043740333711,2.0,0.1,344399.8,783.0,0.26828942364029995,0.07034390884982906,1.8501162911654163,-0.2,0.0
2021-09-24,,,,2330.6,2391.3,2521.5,2740.9,2490.3457404360393,115.21428571428571,28.98876404494382,-114.04431306305969,-91.70829902005278,-22.336014043006912,2829.3314644839024,2213.6685355160976,2521.5,615.6629289678049,-94.29590017825312,20.504490591224577,21.365494810657317,18.782482152359094,-80.59000844618875,14.879107253564786,35.70985740855549,27.6300970942544,0.0,2774.0,2749.0,2245.0,0,1,456089.6,61592687,2500.5948064079225,0.0,1.0,0.8947368421052632,5575973.684210527,-18.33393961440524,-18.33393961440524,-5.575068187318039,-4.3938855125572704,69.4006190339236,34.08184553660983,2.0,0.1,342478.7,791.0,0.2703053664671051,0.07788551580455687,1.9928179073595644,-0.5,-1.0
2021-09-27,,,,2319.0,2362.5,2503.55,2732.0666666666666,2467.6461461087974,115.0,17.60104302477184,-118.77439605165046,-97.12151842637232,-21.652877625278137,2830.670434927805,2176.429565072195,2503.55,654.2408698556101,-87.73109243697479,19.768240176940026,20.83307659941822,17.638567331983637,-79.10548549227184,7.701863354037267,39.87577639751552,32.109467388589536,0.0,2179.0,2749.0,2245.0,0,0,472262.7,62294529,2476.0590255169423,0.48026315789473684,0.5197368421052632,0.046052631578947366,4617381.578947368,-18.079301564205164,-18.33393961440524,-4.449399330394529,-4.3938855125572704,69.4006190339236,33.87519181585678,2.0,0.1,338347.15,-25659.0,-8.744713263786409,0.09271403364112117,2.2121138615678766,-0.7,-1.0
2021-09-28,,,,2304.8,2335.1,2486.05,2722.983333333333,2450.727465527007,116.0,23.15930388219546,-118.0954081247437,-101.3162963660466,-16.7791117586971,2819.815423455942,2152.2845765440584,2486.05,667.5308469118836,-80.03597122302158,25.270330052600535,22.312161083812327,31.186667990176943,-69.34545418527848,7.327586206896552,39.532019704433495,36.61410910345613,17.954178603455798,2179.0,2749.0,2245.0,0,0,485364.4,62902007,2456.7953527631335,0.9532710280373832,0.04672897196261682,0.35514018691588783,5677364.485981309,-16.6969807202619,-18.33393961440524,-4.225789205324459,-4.3938855125572704,69.4006190339236,33.31692887958873,2.0,0.1,333473.7,-8656.0,-3.2326974499932826,0.10695118604954897,2.2393520227975996,-0.7,-1.0
2021-09-29,,,,2273.0,2315.4,2463.8,2713.2833333333333,2429.801040238721,117.5,19.05370843989769,-120.92417361648631,-105.23787181613454,-15.686301800351771,2803.525957671439,2124.0740423285615,2463.8,679.4519153428773,-90.38817005545286,22.511374719162884,22.37856562892918,22.776992899630287,-64.84338978657927,7.659574468085107,38.17629179331307,41.060136314745975,5.2915725896948045,2720.0,2749.0,2231.0,0,1,492209.95,62405220,2438.193348895121,0.20224719101123595,0.797752808988764,0.6629213483146067,5581876.4044943815,-18.84321571480537,-18.84321571480537,-5.48416450256886,-4.3938855125572704,69.4006190339236,32.71614347063449,2.0,0.1,329028.35,-5578.0,-2.152770273399507,0.12093624786679875,2.3306295803706254,-0.5,-1.0
2021-09-30,,,,2252.0,2301.9,2445.85,2702.95,2411.9152268826524,114.35714285714286,23.59882005899705,-120.88489673831918,-108.36727680057149,-12.517619937747696,2792.910604445219,2098.7893955547806,2445.85,694.1212088904385,-85.45034642032333,21.870328244147807,22.209153167335387,21.192678397772653,-58.65124915326205,7.8700811992504685,34.603372891942534,45.24637260701569,24.77358543260189,2179.0,2749.0,2231.0,0,0,496997.95,62882872,2422.0528440476132,0.4065934065934066,0.5934065934065934,0.12087912087912088,5248923.076923077,-18.44307020734812,-18.84321571480537,-4.495253026509398,-4.3938855125572704,67.9100144592793,31.112292103062103,2.0,0.1,322873.75,-23923.0,-9.435964185697943,0.13969097716843412,2.234353069694005,-0.4,-1.0
2021-10-08,,,,2267.0,2298.8,2431.1,2693.9166666666665,2403.161395750971,117.35714285714286,34.19540229885058,-113.25429637236675,-109.34468071493055,-3.9096156574362055,2772.927226287733,2089.272773712267,2431.1,683.6544525754662,-64.66165413533835,29.939695953614876,24.786000762761883,40.247086335320866,-32.19029913383438,13.816189896530737,28.484479610468657,47.128849700094406,89.3516936591831,2179.0,2749.0,2231.0,0,0,501382.9,63290693,2412.398880642585,0.43795620437956206,0.5620437956204379,0.5693430656934306,2976795.620437956,-15.605674790833024,-18.84321571480537,-3.352407042339888,-4.3938855125572704,56.75476825353695,31.112292103062103,2.0,0.1,317880.3,15883.0,6.917472028291827,0.15075604041931925,2.1333308868726935,0.0,1.0
2021-10-11,,,,2302.2,2310.6,2421.55,2686.016666666667,2405.5269771080216,122.92857142857143,41.282051282051285,-97.36987390476997,-106.94971935289844,9.579845448128467,2751.748329556785,2091.3516704432154,2421.55,660.3966591135695,-37.59398496240601,47.08398030894587,32.21866061148988,76.81461970385786,-6.218210554071868,16.153399186519465,27.19349215572342,47.19998621454175,100.0,2179.0,2749.0,2231.0,0,0,509869.75,63802049,2405.151401477207,0.8230088495575221,0.17699115044247787,0.9557522123893806,4525274.336283186,-11.67697344488905,-18.84321571480537,-1.8436478065335522,-4.3938855125572704,53.429285026618786,31.112292103062103,2.0,0.15,313107.15,1715.0,0.698602794411185,0.15978961917572,2.022816648616523,0.3,1.0
2021-10-12,,,,2316.4,2310.6,2402.15,2677.15,2401.286312621543,119.35714285714286,45.28832630098453,-89.15991471899179,-103.39175842611712,14.231843707125336,2694.801238453567,2109.4987615464333,2402.15,585.3024769071335,-40.52287581699346,51.21502826696609,38.55078316331528,76.54351847426769,-7.192651078349096,17.115499700777974,21.06523040095751,45.07775801291628,100.0,2485.0,2715.0,2231.0,0,0,514476.35,63294607,2391.8920336830515,0.17796610169491525,0.8220338983050848,0.5677966101694916,4300355.93220339,-13.038674033149178,-18.84321571480537,-4.304052098988826,-4.3938855125572704,52.85615631474185,31.112292103062103,1.0,0.1,309213.85,11768.0,4.76042151250986,0.1652754439384532,1.9458051509948873,0.2,0.0
2021-10-13,,,,2360.0,2316.5,2390.05,2668.9166666666665,2405.8304733242535,130.57142857142858,54.81283422459894,-74.6916000894621,-97.65172675878613,22.960126669324026,2650.674735264257,2129.4252647357434,2390.05,521.2494705285135,-11.764705882352942,63.65154889928887,46.91770507530647,97.11923654725368,-1.3255202006660558,17.067833698030633,22.155361050328224,43.113317462806414,100.0,2179.0,2715.0,2231.0,0,0,536737.45,64119114,2380.16512303486,0.8616600790513834,0.1383399209486166,0.34782608695652173,3258920.948616601,-9.79742173112339,-18.84321571480537,-2.4277318287302982,-4.3938855125572704,52.85615631474185,31.112292103062103,1.0,0.15,303799.05,-28880.0,-11.151741687357363,0.17620579705667913,2.2705819465088406,0.0,1.0
2021-10-14,,,,2392.8,2322.4,2374.6,2658.95,2405.8466187219437,131.5,53.594771241830074,-65.93503905391071,-91.30838921781105,25.37335016390034,2586.127178793661,2163.0728212063386,2374.6,423.05435758732256,-25.81699346405229,67.24310910225816,53.692839750957035,94.34364780486041,14.67735658087446,16.94731124388919,19.500271591526342,40.86954637365262,96.72667468161403,2485.0,2600.0,2231.0,0,0,546733.25,63543790,2370.4720930179387,0.4631578947368421,0.5368421052631579,0.45263157894736844,6056042.105263158,-7.4615384615384635,-18.84321571480537,-3.175337858981598,-4.3938855125572704,52.85615631474185,31.112292103062103,1.0,0.15,298015.9,3190.0,1.3863959355564948,0.18332396031294776,2.347762716876198,-0.1,0.0
2021-10-15,,,,2402.2,2334.6,2362.95,2647.2166666666667,2402.1469407484255,131.14285714285714,53.73525557011795,-61.434200190684805,-85.3335514123858,23.899351221700996,2545.9489646217044,2179.9510353782953,2362.95,365.9979292434091,-38.56209150326797,64.9863970591631,57.45735885369239,80.0444734701045,5.844243229206328,16.99346405228758,19.825708061002178,38.58804790033468,97.10420106171617,2485.0,2564.0,2231.0,0,0,545436.4,63105699,2359.361465699759,0.37349397590361444,0.6265060240963856,0.46987951807228917,5278204.819277108,-7.683307332293299,-18.84321571480537,-2.549191494294484,-4.3938855125572704,52.85615631474185,31.112292103062103,1.0,0.2,291242.85,-5446.0,-2.3345035857735064,0.1871664648147585,2.4000773973565996,-0.2,1.0
2021-10-18,,,,2376.4,2339.3,2350.9,2635.3166666666666,2392.3234225819087,129.14285714285714,46.02564102564102,-62.63229851504411,-80.79330083291747,18.161002317873354,2515.6389002729525,2186.1610997270477,2350.9,329.47780054590476,-60.78431372549019,54.55485013024254,56.489855945875775,50.68483849897609,-26.070663476199584,17.25663716814159,20.63053097345133,35.09296011963386,76.38599778287818,2485.0,2564.0,2231.0,0,0,538178.0,62623234,2346.043029939289,0.36220472440944884,0.6377952755905512,0.5354330708661418,3798937.0078740157,-10.335413416536676,-18.84321571480537,-2.6918741888488156,-4.3938855125572704,50.67286119880081,31.112292103062103,1.0,0.2,284767.3,11214.0,4.921939807845077,0.1843533954656293,2.390017585774777,-0.6,-1.0
2021-10-19,,,,2382.4,2349.4,2342.25,2623.9666666666667,2392.1973823360127,133.07142857142858,50.05931198102017,-55.51818981173574,-75.73827862868113,20.220088816945392,2474.922727534948,2209.577272465052,2342.25,265.34545506989616,-30.718954248366014,58.59212230905058,57.19061140026737,61.395144126617,1.6513269868231228,17.069243156199676,21.63177670424047,32.534176219410284,87.2257634198462,2179.0,2449.0,2231.0,0,0,555701.4,63296783,2339.7746139983333,0.875,0.125,0.4791666666666667,3508067.7083333335,-2.3683135973866953,-18.84321571480537,-1.6989424875659882,-4.3938855125572704,50.07812443144191,31.112292103062103,1.0,0.25,277844.4,-8260.0,-3.4553296158560287,0.17935373230731533,2.5818170338310034,-0.5,0.0
2021-10-20,,,,2353.8,2356.9,2336.15,2611.75,2383.9881078278213,128.57142857142858,47.68361581920904,-56.09239877852542,-71.80910265864999,15.71670388012457,2463.3270833377587,2208.9729166622415,2336.15,254.35416667551726,-58.36065573770492,49.66167030054202,54.680964367025595,39.623082167574864,-3.8670974626372128,12.777777777777775,22.388888888888886,32.373392072496756,80.84150701828342,2484.0,2449.0,2231.0,0,0,562310.1,62687225,2333.613986274359,0.11827956989247312,0.8817204301075269,0.9139784946236559,6554387.096774193,-5.839118007349953,-18.84321571480537,-1.27836811265492,-3.594546692548417,49.590809764625085,31.112292103062103,0.0,0.25,269751.65,-14503.0,-6.284040538842506,0.16924501842892986,2.428798227099989,-0.3,-1.0
2021-10-21,,,,2307.8,2350.3,2326.1,2597.616666666667,2364.179716606124,133.71428571428572,46.22124863088719,-66.27341835332072,-70.70196579758414,4.428547444263415,2470.3116865108336,2181.888313489166,2326.1,288.42337302166743,-100.0,33.107780200361354,47.48990297813752,4.3435346448090115,-78.64727585601821,12.286324786324784,23.557692307692307,31.678330143105036,76.91165806135216,2484.0,2449.0,2176.0,0,1,569983.75,62135444,2326.8877029388996,0.0,1.0,0.6989247311827957,2966564.5161290322,-11.147407104940799,-18.84321571480537,-2.120469015784058,-4.410548277940392,48.74199908994389,31.112292103062103,1.0,0.25,261726.5,1623.0,0.7503883710608061,0.149768015630125,2.4419848243450857,-0.3,-1.0
2021-10-22,,,,2246.8,2324.5,2311.65,2581.883333333333,2335.4006959769695,133.35714285714286,40.68627450980392,-82.58876510447544,-73.0793256589624,-9.509439445513038,2497.3144114637844,2125.985588536216,2311.65,371.3288229275686,-99.76359338061465,22.150655673369354,39.04348720988147,-11.635007399654882,-138.60146626571637,12.319228709159077,26.245313336904122,29.427408016203795,60.49523190290421,2484.0,2449.0,2062.0,0,1,574221.7,61541953,2314.6875843133994,0.006802721088435374,0.9931972789115646,0.7755102040816326,4037353.7414965983,-15.802368313597393,-18.84321571480537,-3.031465492656309,-5.258895432630986,47.858708217326885,31.112292103062103,1.0,0.25,255274.35,3206.0,1.471242846850318,0.13387233640083684,2.594231276180392,-0.6,-1.0
2021-10-25,,,,2188.0,2282.2,2296.4,2564.35,2303.933963026782,134.21428571428572,36.28488931665063,-98.97727022171148,-78.25891457151222,-20.718355650199257,2527.2423020614615,2065.5576979385387,2296.4,461.6846041229228,-93.73776908023483,16.854514088834627,31.64716283619919,-12.730783405894499,-140.6371528380133,12.24055348589675,30.761043108036187,27.594832699351667,48.18680686015237,2484.0,2449.0,2005.0,0,1,580388.35,60898894,2298.1298882607366,0.2689075630252101,0.7310924369747899,0.4789915966386555,5403857.142857143,-18.129848917925685,-18.84321571480537,-3.258689492358345,-5.258895432630986,47.2245844355181,31.112292103062103,1.0,0.25,249166.05,-2399.0,-1.084945978825691,0.11444818991980235,2.7786066859815968,-0.3,-1.0
2021-10-26,,,,2115.0,2248.7,2279.65,2547.4666666666667,2277.464061786136,135.07142857142858,39.760239760239756,-109.01410733382772,-84.40995312397533,-24.604154209852396,2537.760767735549,2021.539232264451,2279.65,516.2215354710982,-84.81481481481481,16.564477878586306,26.619601183661565,-3.545768731564209,-118.1675537880375,11.792702273929137,32.099418297197246,26.143890621072654,51.776165716784774,1944.0,2449.0,2005.0,0,0,570766.2,61388047,2284.621522758939,0.8118811881188119,0.18811881188118812,0.2079207920792079,4843099.009900991,-17.27235606369947,-18.84321571480537,-3.596574401428669,-5.258895432630986,46.85786275381651,31.112292103062103,1.0,0.25,244055.6,-12276.0,-5.612706773105092,0.108061934281351,2.6688083147016695,-0.3,-1.0
2021-10-27,,,,2045.0,2199.4,2257.95,2531.55,2246.848436854123,137.21428571428572,36.50943396226416,-121.21944572840493,-91.77185164486124,-29.44759408354369,2547.997164948596,1967.9028350514036,2257.95,580.0943298971924,-93.78330373001776,13.385689402323937,22.208297256549024,-4.259526306126233,-107.6266430844658,11.608537220197814,32.37896928682978,25.020873366833683,11.22366583649863,2484.0,2449.0,1956.0,0,1,571943.5,60925825,2269.5606280748593,0.2892561983471074,0.7107438016528925,0.5785123966942148,3820016.5289256196,-20.130665577786854,-20.130665577786854,-4.741924042564473,-5.258895432630986,46.63296601405086,31.112292103062103,1.0,0.25,240102.9,6353.0,3.0773776653975515,0.10289082783984317,2.539583678224846,-0.6,0.0
2021-10-28,,,,1984.4,2146.1,2234.25,2516.15,2211.243823820397,134.14285714285714,29.014084507042256,-136.0216972258272,-100.62182076105444,-35.399876464772774,2567.8516376332104,1900.6483623667896,2234.25,667.2032752664209,-95.7680250783699,10.505515254742027,18.30736992261336,-5.098194081000642,-111.63419077043355,6.496272630457933,37.11395101171459,27.558824167888286,0.0,2484.0,2449.0,1873.0,0,1,561536.05,60384343,2243.6007317488043,0.24107142857142858,0.7589285714285714,0.7410714285714286,4834660.714285715,-23.51980400163334,-23.51980400163334,-5.2204516791351105,-5.258895432630986,46.63296601405086,30.52387102496023,1.0,0.25,235303.7,-16147.0,-7.5880542305975185,0.09877727817905892,2.583867756631583,-0.3,-1.0
2021-10-29,,,,1933.6,2090.2,2212.4,2498.8166666666666,2172.8396501232164,133.71428571428572,19.66731898238747,-151.253983188471,-110.74825324653776,-40.505729941933254,2596.46490679514,1828.3350932048604,2212.4,768.1298135902796,-96.02272727272727,8.473493109460565,15.029410984895762,-4.638342641409828,-107.49761071587648,3.792735042735042,40.758547008547005,31.66628503948209,0.0,2484.0,2449.0,1808.0,0,1,553147.9,59916445,2223.8440325513902,0.22950819672131148,0.7704918032786885,0.5327868852459017,3835229.5081967213,-26.17394855042876,-26.17394855042876,-5.070443248341414,-5.258895432630986,46.63296601405086,30.464386275941187,1.0,0.25,231450.6,19713.0,10.024510801025176,0.08262330160054293,2.4795720499325213,-0.3,-1.0
2021-11-01,,,,1881.6,2034.8,2187.05,2479.8166666666666,2132.0930167781485,131.64285714285714,19.744597249508843,-166.49005927671305,-121.89661445257283,-44.59344482414022,2623.469631475054,1750.630368524946,2187.05,872.8392629501079,-99.06166219839142,6.007969765281402,12.022263911690978,-6.020618527537749,-102.86177690532104,3.309820944112859,43.678784590341834,37.06395736794999,0.21988087694488237,2484.0,2449.0,1745.0,0,1,540110.45,59475352,2203.352654319747,0.07865168539325842,0.9213483146067416,0.7078651685393258,4956101.123595506,-28.74642711310741,-28.74642711310741,-5.9541314289186555,-5.258895432630986,46.295496818478874,30.211485286841114,1.0,0.25,229772.15,17834.0,8.242705478344071,0.07458869090721124,2.268235029921991,-0.6,0.0
2021-11-02,,,,1801.8,1958.4,2153.9,2458.7,2083.988919942134,125.5,10.782442748091597,-185.94293872731055,-134.70587930752038,-51.23705941979017,2653.536457310376,1654.263542689624,2153.9,999.2729146207521,-98.57482185273159,4.540788411124683,9.528438744835546,-5.434512256297044,-103.99858738802817,1.9920318725099602,46.613545816733065,42.69485503876809,0.0,2484.0,2449.0,1627.0,0,1,536916.15,58931760,2173.517079342836,0.0718562874251497,0.9281437125748503,0.7065868263473054,3255041.9161676643,-33.56472029399756,-33.56472029399756,-7.669652683081258,-5.6937029848632035,46.064762546690254,29.573490792962232,2.0,0.25,228334.95,-3831.0,-1.6358163069237208,0.06872860804440122,2.2662877921750884,-0.4,0.0
2021-11-03,,,,1756.4,1900.7,2128.8,2440.616666666667,2050.1804513762168,128.64285714285714,19.42186088527552,-190.92803871023125,-145.95031118806256,-44.97772752216869,2661.4733372438545,1596.1266627561458,2128.8,1065.3466744877087,-85.82089552238806,9.435286709159005,9.497388066276699,9.311083994923617,-83.98313796258415,1.943364797334814,45.474736257634646,48.75191273517005,20.11374242935168,1615.0,2449.0,1627.0,0,0,540294.0,59496104,2145.7676508839018,0.7279411764705882,0.27205882352941174,0.75,4149588.235294118,-29.399755002041662,-33.56472029399756,-4.981820417762203,-5.6937029848632035,46.064762546690254,29.17813176286941,3.0,0.25,226508.15,-13370.0,-5.803858241739157,0.06490301213734567,2.3520055126270094,-0.3,0.0
2021-11-04,,,,1718.8,1851.6,2100.95,2423.2833333333333,2015.4013607689578,129.21428571428572,19.334532374100718,-196.1678972300665,-155.99382839646336,-40.174068833603144,2665.965314184612,1535.9346858153876,2100.95,1130.0306283692244,-91.25,11.181875276406492,10.05888380298663,13.427858223246215,-76.2300289754524,1.9347705914870093,43.83637368711996,54.74145459427712,21.773857726010654,2415.0,2449.0,1627.0,0,0,539995.9,59024414,2121.558940046273,0.34065934065934067,0.6593406593406593,0.4835164835164835,5183406.593406593,-31.19640669661088,-33.56472029399756,-5.629111680887919,-5.6937029848632035,46.064762546690254,29.17813176286941,3.0,0.25,226254.0,7530.0,3.470142031576917,0.06492084528629556,2.2214624712778708,-0.6,0.0
2021-11-05,,,,1698.4,1816.0,2070.25,2405.366666666667,1985.9345645052474,126.14285714285714,22.159624413145536,-196.36245422161755,-164.0675535614942,-32.294900660123346,2651.6374059432756,1488.8625940567244,2070.25,1162.774811886551,-88.625,14.5088470834958,11.542204896489686,20.442131457508026,-69.73808767039164,1.9818799546998869,41.61947904869762,60.598881838565696,28.966620525639158,1615.0,2449.0,1627.0,0,0,542648.8,59485293,2095.2513494608916,0.9166666666666666,0.08333333333333333,0.25,5486654.761904761,-30.338913842384663,-33.56472029399756,-6.290256103941266,-5.6937029848632035,46.064762546690254,29.00902041462257,3.0,0.25,225214.25,171.0,0.07616112308705958,0.06204715953161274,2.199172751593488,-0.2,0.0
2021-11-08,,,,1687.0,1784.3,2033.25,2388.8166666666666,1957.5598440761762,118.78571428571429,14.530776992936424,-195.71303358284285,-170.39664956576394,-25.316384017078917,2612.960227069005,1453.5397729309948,2033.25,1159.4204541380104,-90.55627425614489,15.371237634118199,12.818549142365857,20.47661461762288,-60.18720530223597,2.285027059530968,42.393265183403486,66.16902584959952,10.157764463533137,2388.0,2449.0,1627.0,0,0,541623.3,58994447,2062.7976171815358,0.29213483146067415,0.7078651685393258,0.20224719101123595,5515123.5955056185,-31.073907717435713,-33.56472029399756,-8.158616037982267,-5.6937029848632035,46.064762546690254,29.00902041462257,3.0,0.2,224271.8,3661.0,1.6293197445426122,0.05803432830778698,2.2523795211444164,-0.2,-1.0
2021-11-09,,,,1700.4,1751.1,1999.9,2371.8166666666666,1932.4589065451116,116.5,16.447368421052644,-192.49524779938338,-174.81636921248784,-17.678878586895536,2576.9578371085495,1422.8421628914507,1999.9,1154.1156742170988,-89.42436412315931,17.92484841302729,14.520648899253,24.733247440575873,-54.545344900198955,2.3298589822194975,43.225015328019616,70.6290989975207,15.985091855792994,1615.0,2449.0,1627.0,0,0,536853.65,59406496,2033.6098388266523,0.34375,0.65625,0.09375,6438265.625,-30.828909759085366,-33.56472029399756,-7.382289758776557,-5.6937029848632035,46.064762546690254,27.910775247754472,3.0,0.2,222622.1,-2377.0,-1.0409185657482167,0.04565727999913904,2.145116743530047,-0.4,0.0
2021-11-10,,,,1676.8,1716.6,1958.0,2352.6,1901.8437725884341,112.0,17.341040462427742,-194.40159514511265,-178.73341439901282,-15.668180746099836,2519.2336036756105,1396.7663963243897,1958.0,1122.4672073512208,-93.86792452830188,15.889292881412135,14.976863559972713,17.714151524290983,-61.608120528147644,2.423469387755102,43.75,74.77603891567699,21.932298732142787,2208.0,2406.0,1611.0,0,1,521897.45,58881113,1985.0994994323119,0.3170731707317073,0.6829268292682927,0.6747967479674797,4271406.5040650405,-33.04239401496262,-33.56472029399756,-9.862776934183495,-5.6937029848632035,46.064762546690254,23.51091682363673,3.0,0.15,222720.4,6080.0,2.690515490377421,0.04601968901035761,2.077770869962648,-0.5,0.0
2021-11-11,,,,1681.8,1700.3,1923.2,2333.3,1883.5729371038215,111.28571428571429,29.294117647058826,-185.7823334342727,-180.1431982060648,-5.639135228207891,2452.896874587101,1393.503125412899,1923.2,1059.3937491742022,-73.46153846153847,28.632077607215933,19.52860157572045,46.8390296702069,-47.00546328390915,5.263157894736842,36.649550706033374,77.5456127993397,63.88227128241222,1572.0,2391.0,1611.0,0,0,521974.1,59457970,1945.1185672494735,0.7883211678832117,0.2116788321167883,0.7226277372262774,4210635.03649635,-28.48180677540778,-33.56472029399756,-6.918803778474817,-5.6937029848632035,46.064762546690254,23.51091682363673,4.0,0.1,222042.0,-12344.0,-5.319336892772963,0.04484960615963162,2.1826976714784467,-0.4,0.0
2021-11-12,,,,1683.4,1690.9,1890.55,2314.1666666666665,1867.423133570124,108.78571428571429,31.744040150564615,-176.59308470430665,-179.43317550571317,2.840090801406518,2384.350503080018,1396.7494969199818,1890.55,987.6010061600361,-69.97885835095137,41.62773427782649,26.89497914308913,71.09324454730121,-40.82808972871217,5.384110308601444,31.71372291529875,79.53876597053545,72.33675283764819,1572.0,2391.0,1611.0,0,0,530782.4,60072227,1913.0044730822522,0.8214285714285714,0.17857142857142858,0.047619047619047616,7312583.333333333,-28.314512756168973,-33.56472029399756,-6.4842312260714206,-5.6937029848632035,46.064762546690254,23.51091682363673,4.0,0.05,221889.55,5073.0,2.308900166124306,0.044563630706225626,2.318992531317363,-0.4,0.0
2021-11-15,,,,1684.0,1685.5,1860.15,2296.983333333333,1850.6209303729693,109.92857142857143,29.036295369211516,-169.2158318850536,-177.38970678158128,8.173874896527678,2321.895099423999,1398.4049005760014,1860.15,923.4901988479976,-74.68085106382979,47.10141634781928,33.63045821133251,74.04333262079282,-34.39645795233807,8.447043534762834,29.499675113710204,80.19693681438049,70.95214698508615,2042.0,2391.0,1611.0,0,0,543833.45,59328741,1881.4429048084482,0.26495726495726496,0.7350427350427351,0.19658119658119658,6354581.196581196,-29.276453366792133,-33.56472029399756,-6.18233891307157,-5.6937029848632035,46.064762546690254,23.51091682363673,4.0,0.05,221867.05,13813.0,6.144900973361578,0.04438481150831837,2.51230153402954,-0.4,0.0
2021-11-16,,,,1686.4,1693.4,1825.9,2280.016666666667,1836.8475084326865,106.42857142857143,33.1989247311828,-160.3109662074612,-173.97395866675728,13.662992459296078,2218.258536357506,1433.5414636424944,1825.9,784.7170727150115,-65.28497409326425,53.189562118058376,40.150159513574465,79.2683673270262,-28.456792446285437,8.724832214765101,28.926174496644293,80.65659781702793,100.0,1572.0,2306.0,1611.0,0,0,538632.4,59898269,1844.1022206425014,0.17391304347826086,0.8260869565217391,0.21739130434782608,8254028.985507246,-26.019080659150042,-33.56472029399756,-7.185673444648548,-5.6937029848632035,46.064762546690254,23.51091682363673,4.0,0.0,222429.15,3432.0,1.4383845834677889,0.047971245688651167,2.618242637232129,-0.1,0.0
2021-11-17,,,,1698.2,1687.5,1794.1,2262.0666666666666,1820.9572695343354,105.5,35.43758967001435,-154.37910886795225,-170.05498870699628,15.675879839044029,2120.104133005724,1468.0958669942754,1794.1,652.0082660114488,-70.3030303030303,51.39466742829908,43.89832881848267,66.38734464793191,-37.100959722599484,8.801624915368992,28.36831415030467,79.40185464191005,100.0,1902.0,2176.0,1611.0,0,0,538662.1,59288117,1807.164644496058,0.3939393939393939,0.6060606060606061,0.36363636363636365,6163151.515151515,-23.253676470588236,-33.56472029399756,-6.916098551065806,-5.6937029848632035,45.43578924591583,23.51091682363673,4.0,0.0,223124.85,-11831.0,-4.8881764056967425,0.04796540999155069,2.6955427991727197,0.2,0.0
2021-11-18,,,,1690.2,1686.0,1768.8,2243.883333333333,1806.5803867215416,99.92857142857143,39.082278481012665,-147.9723362074485,-165.63845820708673,17.66612199963822,2044.70051601404,1492.89948398596,1768.8,551.80103202808,-61.568627450980394,50.19807096845955,45.99824286847496,58.59772716842872,-36.93212959283802,9.292351679771267,25.23230879199428,76.7730082957394,100.0,1902.0,2062.0,1611.0,0,0,529548.15,59288117,1780.0027735910323,0.4318181818181818,0.5681818181818182,0.0,8397772.727272728,-19.01066925315228,-33.56472029399756,-5.851405935846086,-5.315130941345018,45.43578924591583,23.51091682363673,3.0,0.0,223413.75,-6513.0,-2.829254307086815,0.04758828942527069,2.500818292019526,0.3,0.0
2021-11-19,,,,1691.6,1687.5,1751.75,2226.983333333333,1798.4298737004424,98.85714285714286,48.064516129032256,-137.19811447961865,-159.95038946159315,22.752274981974494,1991.0822948713612,1512.4177051286388,1751.75,478.66458974272246,-29.047619047619047,57.69302292206247,49.89650288633746,73.28606299351247,-21.754743432538273,12.210982658959537,22.471098265895954,72.74951494920911,100.0,1572.0,2026.0,1611.0,0,0,522627.0,59743185,1757.981372438342,0.8243243243243243,0.17567567567567569,0.6891891891891891,6149567.567567567,-15.054294175715688,-33.56472029399756,-3.9307025825904063,-4.992772400821373,46.064762546690254,23.51091682363673,3.0,0.0,222593.45,-18978.0,-8.484100693373387,0.05131307499383115,2.3988926771870807,0.0,0.0
2021-11-22,,,,1699.6,1691.8,1738.05,2211.266666666667,1792.007980967067,91.28571428571429,60.15625,-126.39554059622333,-153.2394196885192,26.84387909229588,1945.6026312452168,1530.497368754783,1738.05,415.1052624904337,-22.4390243902439,64.31567381796035,54.70289319687842,83.5412350601242,-4.5940393548001595,15.64945226917058,14.710485133020343,66.41305100753983,100.0,1572.0,2026.0,1611.0,0,0,509311.65,60119937,1740.3180061428664,0.4426229508196721,0.5573770491803278,0.16393442622950818,6176262.295081967,-14.560710760118445,-33.56472029399756,-3.16818519507627,-4.992772400821373,46.39896422262883,23.51091682363673,3.0,0.0,221959.4,1326.0,0.6477424271289722,0.05400281161452495,2.1414012025048277,0.4,1.0
2021-11-23,,,,1699.8,1693.1,1722.1,2195.1833333333334,1783.9119827797272,86.07142857142857,47.465437788018434,-118.40611045286528,-146.27275784138843,27.86664738852315,1879.4342402589637,1564.7657597410362,1722.1,314.6684805179275,-34.146341463414636,62.877115878640225,57.42763409079902,73.77607945432266,-1.130598912132738,17.012448132780083,15.601659751037346,60.16465251161287,72.18480954703348,1777.0,1956.0,1611.0,0,0,504940.0,59718217,1726.9678951624617,0.045454545454545456,0.9545454545454546,0.36363636363636365,6086666.666666667,-12.730061349693234,-33.56472029399756,-3.7612158836113934,-4.992772400821373,47.180948829279984,23.51091682363673,3.0,0.0,222181.85,4854.0,2.355887534763168,0.05275702920056984,2.0517551381439243,0.0,0.0
2021-11-24,,,,1720.6,1709.4,1713.0,2178.55,1782.967984419753,87.35714285714286,59.737417943107225,-105.4524986829656,-138.10870600970387,32.65620732673827,1828.994555225992,1597.005444774008,1713.0,231.98911045198383,-7.339449541284404,71.89711289183981,62.250793691145944,91.18975129322754,26.172339908807803,18.39738348323794,17.252657399836465,53.855017901220386,99.082021447037,1572.0,1873.0,1611.0,0,0,504501.45,60171668,1716.6573923623014,0.8532110091743119,0.14678899082568808,0.6146788990825688,4160100.917431193,-5.285638013881444,-33.56472029399756,-1.9680350784653318,-4.992772400821373,47.180948829279984,23.51091682363673,3.0,0.05,222116.3,593.0,0.2811879122390337,0.0530372096520623,1.950481461664004,0.1,1.0
2021-11-25,,,,1745.4,1717.8,1709.05,2162.766666666667,1784.018652570253,84.85714285714286,59.64912280701754,-92.50647808053145,-128.9882604238694,36.481782343337954,1805.9046931176683,1612.1953068823316,1709.05,193.70938623533675,-10.121457489878543,76.83211781441803,67.11123506556997,96.27388331211412,88.60113426446942,21.380471380471377,15.656565656565657,48.465407511609996,98.88849986737901,1572.0,1808.0,1611.0,0,0,497671.85,60576558,1710.26008978942,0.4897959183673469,0.5102040816326531,0.40816326530612246,8263061.224489797,-0.7743362831858058,-33.56472029399756,-0.7621294738175853,-4.992772400821373,47.50907339425655,23.51091682363673,3.0,0.1,222934.4,1526.0,0.7215675890374751,0.046680633113970034,2.000270832513002,0.3,1.0
2021-11-26,,,,1760.2,1725.9,1708.4,2147.4333333333334,1785.0644951826098,82.42857142857143,62.18678815489749,-81.22960748796322,-119.43652983668818,38.20692234872496,1802.5966587851508,1614.2033412148494,1708.4,188.3933175703014,-10.080645161290322,80.14557413377428,71.4560147549714,97.52469289138,98.94507445009393,18.80415944540728,16.55112651646447,42.50836116682713,100.00000000000001,1572.0,1795.0,1611.0,0,0,497054.95,61032118,1708.4311956521776,0.5454545454545454,0.45454545454545453,0.01818181818181818,8282909.09090909,0.0,-33.56472029399756,0.0716401719864657,-4.992772400821373,47.50907339425655,23.51091682363673,3.0,0.15,223088.65,6436.0,3.0214543918125836,0.046289735634529205,1.9708662616598218,0.6,0.0
2021-11-29,,,,1784.0,1741.8,1713.65,2134.75,1791.248828974742,85.35714285714286,65.98360655737704,-67.08129454520486,-108.96548277839153,41.88418823318668,1826.3270419803614,1600.9729580196388,1713.65,225.35408396072262,-8.250825082508252,83.34841554273476,75.42014835089253,99.2049499264192,122.44982791636117,22.761506276150623,15.983263598326358,37.345747065784096,100.00000000000001,1572.0,1850.0,1611.0,1,0,499805.25,61528217,1711.8304621983596,0.7619047619047619,0.23809523809523808,0.5238095238095238,4724752.380952381,0.0,-33.56472029399756,1.6807483115384696,-4.992772400821373,47.75979588117368,23.51091682363673,3.0,0.2,222270.8,-1608.0,-0.7327542994631897,0.0451912292917341,2.060628476811941,0.3,0.0
2021-11-30,,,,1807.0,1753.4,1723.4,2121.116666666667,1794.1775119295285,81.78571428571429,74.364896073903,-57.46559301403863,-98.66550482552096,41.19991181148232,1838.2333346063447,1608.5666653936555,1723.4,229.66666921268916,-23.61111111111111,79.41498274676042,76.75175981618183,84.74142860791758,109.55650782929294,25.06550218340611,7.947598253275109,34.656396310134994,100.0,1890.0,1850.0,1611.0,0,0,493926.4,61102202,1719.5322303754838,0.0684931506849315,0.9315068493150684,0.3835616438356164,5835821.917808219,-1.5135135135135092,-33.04239401496262,3.4152358921491626,-2.662564708019258,48.16342846518546,23.51091682363673,2.0,0.25,221104.75,-10795.0,-4.955517402840648,0.04704995076901183,2.091177629277784,0.6,0.0
2021-12-01,,,,1834.8,1777.7,1732.6,2108.4,1805.4939393648115,79.0,73.88235294117646,-42.01778591111315,-87.3359610426394,45.318175131526246,1875.3996756592667,1589.8003243407331,1732.6,285.59935131853354,-2.422145328719723,85.37921926707105,79.6275796331449,96.88249853492334,116.85820598004796,24.68354430379747,8.227848101265822,32.87888591853578,98.93545548456211,1631.0,1913.0,1611.0,1,0,485278.65,61493591,1726.8560942254517,0.9285714285714286,0.07142857142857142,0.9285714285714286,3993765.306122449,0.0,-33.04239401496262,3.1956403250083563,-2.662564708019258,48.85912464404266,23.51091682363673,1.0,0.3,219961.4,-12916.0,-6.238317644160873,0.0546045412907638,2.06557976092324,0.3,1.0
2021-12-02,,,,1862.4,1803.9,1744.95,2097.25,1817.5421356157817,78.42857142857143,74.77272727272728,-27.920298455418106,-75.45282852519514,47.53253006977704,1911.2122848645838,1578.6877151354163,1744.95,332.5245697291675,-7.668711656441718,87.23348917321646,82.16288281316875,97.37470189331185,116.01176144902732,28.233151183970854,8.287795992714026,31.710315561873706,100.0,1631.0,1932.0,1611.0,1,0,483356.3,61926834,1737.2320652832427,0.6710526315789473,0.32894736842105265,0.25,5700565.7894736845,0.0,-33.04239401496262,4.4033660644492585,-2.249671622207059,50.07812443144191,23.51091682363673,1.0,0.35,218401.1,-809.0,-0.41673749658728276,0.0610818593880528,2.1336371671950283,0.0,1.0
2021-12-03,,,,1891.2,1825.7,1756.6,2085.983333333333,1829.1095512714217,74.85714285714286,79.24528301886792,-15.998673828244819,-63.56199758580508,47.56332375756026,1942.8249912562546,1570.3750087437452,1756.6,372.44998251250945,-14.681440443213296,85.80839256778204,83.37805273137317,90.66907224059975,109.56634311928777,28.33969465648855,8.683206106870228,31.539839236899432,100.0,1631.0,1939.0,1611.0,1,0,484195.0,62404487,1750.422267027403,0.208955223880597,0.7910447761194029,0.1044776119402985,7129149.253731343,0.0,-33.04239401496262,4.1353501866387985,-2.249671622207059,50.84165363486909,23.51091682363673,1.0,0.4,217250.05,8356.0,4.322411777485802,0.06331603588857827,2.1921344157892624,0.0,1.0
2021-12-06,,,,1905.8,1844.9,1768.35,2074.383333333333,1838.0514987693814,75.07142857142857,75.52941176470588,-7.752401840251423,-52.40007843669436,44.647676596442935,1965.6744989723986,1571.0255010276012,1768.35,394.64899794479743,-19.113573407202217,83.1434299862384,83.29984514966159,82.83059965939202,86.7660137713668,28.258801141769744,10.561370123691724,30.963699690171648,91.51776555644814,1992.0,1939.0,1611.0,0,0,476699.3,62063555,1759.6372313042345,0.24,0.76,0.21333333333333335,4545760.0,-0.8251676121712181,-33.04239401496262,4.218312381653296,-2.249671622207059,53.62286810748765,23.51091682363673,1.0,0.45,215136.7,-15585.0,-7.727818161984191,0.07035921345845023,2.103077465406982,0.2,1.0
2021-12-07,,,,1916.0,1861.5,1777.3,2059.7833333333333,1841.3799274580117,73.85714285714286,73.12072892938497,-5.191904962589888,-42.95844374187347,37.76653877928358,1976.652742116694,1577.9472578833058,1777.3,398.70548423338823,-34.89736070381232,71.28798416116334,79.29589148682884,55.27216950983234,56.33866803672499,28.72340425531915,9.381044487427467,30.829432230448585,84.75075717079304,1992.0,1939.0,1611.0,0,0,475143.8,61682616,1767.379948975447,0.2073170731707317,0.7926829268292683,0.6097560975609756,4645597.560975609,-3.403816400206283,-33.04239401496262,3.181845047062933,-2.715081094388992,53.95077130101415,23.51091682363673,1.0,0.5,212191.85,-19007.0,-10.21392989376051,0.08630168701532168,2.1475447269969825,0.2,1.0
2021-12-08,,,,1895.6,1865.2,1787.3,2045.1166666666666,1838.486601033439,77.64285714285714,64.07185628742515,-8.07251960302483,-35.98125891410374,27.90873931107891,1970.9771767616476,1603.6228232383523,1787.3,367.35435352329523,-54.51807228915663,54.28009516764781,70.9572927137685,20.92570007540644,16.580304649210053,27.322907083716654,16.283348666053357,29.339909618982425,52.25456064614956,1992.0,1939.0,1670.0,0,0,469607.5,61267959,1777.5086587203143,0.3888888888888889,0.6111111111111112,0.6888888888888889,4607300.0,-6.601340897369779,-29.276453366792133,3.8694304898444627,-2.6356086811545056,55.780091941082674,23.51091682363673,1.0,0.55,207373.05,-31399.0,-18.792568918255704,0.1179442057824181,2.3555292572989206,0.4,-1.0
2021-12-09,,,,1874.2,1868.3,1793.05,2030.2833333333333,1837.202162839778,76.14285714285714,61.206896551724135,-9.120607773132178,-30.609128685909432,21.488520912777254,1973.7136595851764,1612.3863404148235,1793.05,361.3273191703529,-53.69774919614148,44.44498837002347,62.119857932520155,9.095249245030104,13.939061537291789,24.20262664165103,16.604127579737337,28.55686364197093,43.23953960092456,1681.0,1939.0,1670.0,0,0,453119.8,61515062,1784.6043183281772,0.6792452830188679,0.32075471698113206,0.2641509433962264,4662320.754716981,-5.87931923671996,-29.276453366792133,2.544187194358162,-2.6356086811545056,59.66678183423548,23.51091682363673,0.0,0.6,202553.85,-12352.0,-9.10357229719272,0.151162227972413,2.3080264438496583,0.4,-1.0
2021-12-10,,,,1842.2,1866.7,1796.3,2016.6,1831.65909971218,79.14285714285714,54.800000000000004,-13.50733659275329,-27.188770267278205,13.681433674524914,1973.277072556018,1619.3229274439818,1796.3,353.95414511203626,-68.48874598070739,32.87857981730378,52.372765227448035,-6.109791002984721,-0.43231385371951925,22.021660649819495,18.95306859205776,28.870878161898524,23.079288645690845,1992.0,1939.0,1670.0,0,0,444251.05,61078180,1791.3885628407631,0.22330097087378642,0.7766990291262136,0.44660194174757284,4241572.81553398,-8.251676121712215,-29.276453366792133,1.4747454698506257,-2.6356086811545056,59.66678183423548,23.51091682363673,0.0,0.6,199525.4,40888.0,33.153059652479925,0.1568301615566627,2.366410629824676,0.0,-1.0
2021-12-13,,,,1823.4,1864.6,1803.2,2004.75,1831.4058521205438,81.42857142857143,61.59695817490494,-12.801698641256735,-24.311355942073913,11.509657300817178,1973.5267448170482,1632.8732551829519,1803.2,340.65348963409633,-52.41157556270097,32.6134976559803,45.78634270362546,6.267807560689974,3.8812841613521667,20.964912280701757,18.771929824561404,28.95609702271013,27.80478413630455,1681.0,1939.0,1670.0,0,0,425316.05,61442966,1799.372943093338,0.7857142857142857,0.21428571428571427,0.5102040816326531,3722306.12244898,-5.673027333677139,-26.019080659150042,2.8785697899419795,-2.6356086811545056,59.82118435448578,23.51091682363673,0.0,0.65,195962.15,3117.0,1.8980751313794286,0.15645337519798178,2.4359846656889994,0.1,-1.0
2021-12-14,,,,1816.2,1866.1,1809.75,1992.6333333333334,1831.9386281090635,76.5,56.74518201284796,-11.464783452577194,-21.74204144417457,10.277257991597377,1974.3162560537576,1645.1837439462424,1809.75,329.13251210751514,-64.58333333333333,33.547887326209086,41.70685757782,17.229946822987245,13.225866378482518,20.448179271708682,17.833800186741364,29.21454410259377,7.957289802480844,1681.0,1939.0,1670.0,0,0,412013.8,61746449,1805.9545017262367,0.725,0.275,0.2,7587075.0,-5.26044352759153,-23.253676470588236,2.7268756586604086,-2.6356086811545056,59.82118435448578,23.51091682363673,0.0,0.7,192513.45,5723.0,3.4200650188841664,0.15084891534666872,2.3307219804220307,0.2,0.0
2021-12-15,,,,1810.6,1853.1,1815.4,1981.8833333333334,1827.277806384391,77.85714285714286,48.902195608782435,-14.59438228249951,-20.31250961183956,5.718127329340049,1967.0136363814752,1663.786363618525,1815.4,303.2272727629502,-87.08333333333333,26.67081377302828,36.69484297622276,6.622755366639325,-9.95879854701606,17.431192660550458,20.550458715596328,28.697259454874338,0.0,1992.0,1939.0,1670.0,0,0,400822.85,61360116,1815.498643769103,0.11764705882352941,0.8823529411764706,0.7941176470588235,5681367.647058823,-8.045384218669405,-19.01066925315228,2.3847798521707344,-2.9581065021343056,59.82118435448578,23.51091682363673,0.0,0.7,190225.25,11379.0,6.575214233296167,0.14554271041212105,2.1384375442557912,-0.1,0.0
2021-12-16,,,,1807.2,1840.7,1822.3,1972.4,1825.4418248239726,77.85714285714286,51.23809523809524,-14.885727436626667,-19.227153176796982,4.341425740170315,1957.7510593301374,1686.8489406698625,1822.3,270.90211866027494,-76.66666666666667,25.967677018276163,33.11912099024056,11.664789074347368,-17.17026501286765,17.339449541284402,20.917431192660548,28.910114381017458,7.698292522917082,1752.0,1939.0,1707.0,0,0,399768.85,61708538,1821.3823268121066,0.7636363636363637,0.23636363636363636,0.45454545454545453,6334945.454545455,-6.756059824651873,-15.054294175715688,2.8451290452041795,-2.9581065021343056,59.82118435448578,23.51091682363673,0.0,0.7,188416.35,3073.0,1.6661425519686857,0.14087253715822404,2.109350726728723,0.2,0.0
2021-12-17,,,,1816.4,1829.3,1827.5,1963.6333333333334,1825.3997462693087,73.64285714285714,47.43326488706366,-13.588226033887395,-18.099367748215066,4.511141714327671,1954.2845250393202,1700.7154749606798,1827.5,253.56905007864043,-69.58333333333333,30.39422195483644,32.21082131177252,26.761023240964278,-2.2261937952143196,15.615906886517944,22.114451988360813,28.890760806277363,0.0,1752.0,1939.0,1707.0,0,0,395357.25,62075374,1828.2481381080024,0.5,0.5,0.3695652173913043,7974695.652173913,-5.87931923671996,-14.560710760118445,2.208868427169223,-2.9581065021343056,59.82118435448578,23.51091682363673,0.0,0.7,187673.9,2351.0,1.2537931108041578,0.13997245122958338,1.9637021348540393,0.6,0.0
2021-12-20,,,,1806.8,1815.1,1830.0,1954.8166666666666,1821.171199005565,76.78571428571429,45.9244532803181,-15.92678503705315,-17.664851205982686,1.7380661689295351,1950.5932703017777,1709.4067296982223,1830.0,241.1865406035554,-87.91666666666667,27.53098506262279,30.650875895389277,21.291203397089816,-17.356746384959383,17.023255813953487,24.372093023255815,26.455114887485383,0.0,1992.0,1939.0,1707.0,0,0,406018.85,61485390,1831.4228525760975,0.1111111111111111,0.8888888888888888,0.37606837606837606,5042598.290598291,-8.148530170190805,-12.730061349693234,1.132766664295125,-2.9581065021343056,59.82118435448578,23.51091682363673,0.0,0.7,187474.45,12186.0,6.418345956536853,0.13941754193801087,2.1117136808275068,0.2,0.0
2021-12-21,,,,1804.8,1810.5,1836.0,1945.9166666666667,1821.726322909797,75.21428571428571,40.6113537117904,-13.907971890962699,-16.91347534297869,3.00550345201599,1941.8678421427983,1730.1321578572017,1836.0,211.73568428559656,-68.75,37.15098252295153,32.8175781045767,45.817791359701204,-28.487809887241077,14.529914529914532,26.02089268755936,24.907774639910937,0.0,1752.0,1939.0,1774.0,0,0,404389.2,61854517,1835.4035919274465,0.9342105263157895,0.06578947368421052,0.6052631578947368,4856934.2105263155,-5.776173285198549,-8.251676121712215,2.433632613245946,-2.9581065021343056,59.82118435448578,23.51091682363673,0.0,0.7,186646.15,-7723.0,-3.822359043395629,0.13722935561372848,2.140892751419405,-0.1,0.0
2021-12-22,,,,1807.4,1809.0,1837.1,1936.0166666666667,1819.2761969183878,73.35714285714286,35.531914893617014,-14.640719746407967,-16.458924223664546,1.8182044772565789,1940.6880505198296,1733.5119494801702,1837.1,207.17610103965944,-81.66666666666667,35.79489060427345,33.810015604475616,39.76464060386911,-28.015913178889516,12.366114897760466,26.679649464459594,23.62526662423584,0.0,1992.0,1939.0,1779.0,0,0,398532.35,61518203,1839.3132772450385,0.06,0.94,0.62,6726280.0,-7.374935533780302,-8.251676121712215,0.5998975930530717,-2.9581065021343056,59.82118435448578,23.51091682363673,0.0,0.65,186403.6,12308.0,6.333719284703454,0.13619758544378538,2.047481002156892,-0.1,0.0
2021-12-23,,,,1806.4,1806.8,1837.55,1926.95,1817.7260829261604,71.35714285714286,35.531914893617014,-14.48955957906287,-16.06505129474421,1.5754917156813413,1940.425448454475,1734.674551545525,1837.55,205.75089690894993,-77.63157894736842,36.645215290067014,34.75508216633941,40.42548153752222,-33.58404704808789,9.209209209209208,27.927927927927925,23.43323299304362,0.0,1752.0,1939.0,1779.0,0,0,393531.65,61823079,1840.3367668140543,0.38461538461538464,0.6153846153846154,0.1794871794871795,7817333.333333333,-7.013924703455398,-8.251676121712215,0.3453931160617795,-2.9581065021343056,59.82118435448578,23.51091682363673,0.0,0.6,186121.9,743.0,0.3595747049116138,0.134893643844893,1.969884767307852,-0.1,0.0
2021-12-24,,,,1791.6,1804.0,1835.35,1918.7166666666667,1811.3712178855737,72.0,33.003952569169954,-18.3541542105836,-16.52287187791209,-1.8312823326715097,1943.7882433994178,1726.911756600582,1835.35,216.87648679883569,-86.57407407407408,30.360613874359604,33.290259402346145,24.501322818386527,-75.34180412246174,9.126984126984127,32.242063492063494,24.168023312048923,0.0,1938.0,1939.0,1751.0,0,1,396889.4,61300364,1837.722110534236,0.34523809523809523,0.6547619047619048,0.6190476190476191,6222797.619047619,-9.695719443011875,-9.695719443011875,-0.6545863866697345,-2.9581065021343056,59.82118435448578,23.51091682363673,0.0,0.55,187796.85,45569.0,21.974095363012115,0.15098343128789782,1.9967642309644813,-0.5,0.0
2021-12-27,,,,1790.8,1798.8,1831.7,1910.8,1808.097768563138,70.14285714285714,40.04149377593361,-19.09873229270852,-17.038043960871377,-2.0606883318371416,1942.9400912203384,1720.4599087796616,1831.7,222.4801824406768,-66.25766871165644,31.487853012354257,32.68945727234885,29.084644492365072,-68.61409646008437,9.368635437881874,28.105906313645626,24.11363607492057,22.65212764460985,1722.0,1939.0,1751.0,0,0,392607.6,61710827,1833.9895778465147,0.9821428571428571,0.017857142857142856,0.4642857142857143,7329696.428571428,-8.35482207323366,-9.695719443011875,-1.229329035265241,-2.9581065021343056,59.82118435448578,27.93103161743322,0.0,0.5,188453.35,-21977.0,-8.68845005831307,0.15507822420075026,1.7681888875093446,-0.4,0.0
2021-12-28,,,,1774.8,1789.8,1827.95,1901.75,1802.2789334618867,66.57142857142857,42.888888888888886,-21.857604211265652,-18.001956010950234,-3.855648200315418,1945.447547566674,1710.452452433326,1827.95,234.99509513334806,-84.66257668711657,26.104376445863984,30.494430330187225,17.32426867721751,-67.26169995313342,9.871244635193133,21.030042918454935,24.884682890271183,34.57116910345472,1885.0,1939.0,1747.0,0,1,387495.75,61387049,1830.0688901319131,0.3404255319148936,0.6595744680851063,0.6382978723404256,6888893.617021277,-9.902011346054696,-9.902011346054696,-1.2869458159200984,-2.9581065021343056,59.82118435448578,29.031853196777664,0.0,0.45,190053.25,8073.0,3.49528939073811,0.16369744443231157,1.6591794915450007,-0.5,0.0
2021-12-29,,,,1767.4,1787.4,1820.25,1893.8833333333334,1798.1571302750403,64.78571428571429,42.63392857142857,-22.812759085220478,-18.964116625804284,-3.848642459416194,1934.416775515257,1706.083224484743,1820.25,228.33355103051417,-77.30061349693251,24.96937979826515,28.652746819546536,17.602645755702383,-58.27015420673337,10.14332965821389,21.609702315325247,26.133998708552518,33.67948139151591,1722.0,1939.0,1747.0,0,0,380874.85,61646020,1824.6944085001498,0.7142857142857143,0.2857142857142857,0.42857142857142855,9248964.285714285,-9.283135636926287,-9.902011346054696,-3.2624504243900208,-2.9581065021343056,59.82118435448578,29.242553191489364,0.0,0.4,192181.15,-2356.0,-0.9856049798988464,0.1707418894242475,1.5524930829283012,-0.4,0.0
2021-12-30,,,,1753.8,1780.1,1810.4,1885.4333333333334,1792.1421654869412,61.07142857142857,44.83568075117371,-25.21565525045321,-20.21442435073407,-5.00123089971914,1917.761465202829,1703.0385347971712,1810.4,214.72293040565773,-92.02453987730061,19.304739906409896,25.536744515167655,6.840730688894382,-61.16827902642688,9.941520467836257,20.584795321637426,28.089492537052575,41.37979877019515,1885.0,1939.0,1735.0,0,1,373059.45,61369085,1816.0459397735847,0.17647058823529413,0.8235294117647058,0.47058823529411764,5430098.039215686,-10.520887055183126,-10.520887055183126,-4.260704304341237,-2.9581065021343056,59.82118435448578,31.25405564986346,0.0,0.35,194962.9,12268.0,5.183260451655158,0.18048142946506393,1.4809407318122183,-0.8,0.0
2021-12-31,,,,1744.6,1768.1,1798.7,1875.1833333333334,1783.842911631042,58.214285714285715,34.72906403940887,-29.20407070469014,-22.012353621525286,-7.191717083164853,1897.7313081806542,1699.668691819346,1798.7,198.0626163613083,-89.55223880597015,17.272342327543704,22.781943785959673,6.253139410711768,-91.54089693141093,10.429447852760735,26.257668711656443,30.776996030775475,7.266310594114114,1885.0,1923.0,1705.0,0,1,367521.7,61002187,1801.9345813684834,0.3620689655172414,0.6379310344827587,0.5172413793103449,6325827.586206897,-11.336453458138374,-11.336453458138374,-5.1030841203317925,-2.9581065021343056,59.82118435448578,31.25405564986346,0.0,0.3,197338.5,233.0,0.0935919631416482,0.18855838228115432,1.3621146623575542,-0.8,0.0
2022-01-04,,,,1729.8,1760.3,1787.7,1863.1,1776.1435867137998,57.714285714285715,33.25,-32.155631864508905,-24.04100927012201,-8.114622594386894,1876.992187434364,1698.407812565636,1787.7,178.584374868728,-90.54726368159204,15.498123396559535,20.354003656159627,5.786362877359352,-96.18548643598324,10.51980198019802,26.485148514851485,33.37089206051456,1.3493775676624566,1885.0,1873.0,1703.0,0,1,360996.05,60791768,1792.8273666706325,0.3333333333333333,0.6666666666666666,0.06060606060606061,6376333.333333333,-9.076348104644993,-11.336453458138374,-4.806815339503318,-2.9581065021343056,59.82118435448578,31.25405564986346,0.0,0.25,201579.65,21726.0,8.718788374948838,0.20113500060082065,1.1620274225481453,-0.9,0.0
2022-01-05,,,,1727.0,1750.9,1780.7,1852.6333333333334,1772.034673693438,55.785714285714285,43.351063829787236,-31.708500216338507,-25.574507459365314,-6.133992756973193,1863.5545967976288,1697.8454032023712,1780.7,165.7091935952576,-75.62189054726367,21.753993686284446,20.820666999534566,23.620647059784204,-71.85428746974081,13.188220230473751,23.175416133162614,34.74605122808034,56.74580619713412,1684.0,1837.0,1703.0,0,0,354785.85,61048503,1785.2463384602288,0.7560975609756098,0.24390243902439024,0.7317073170731707,6261829.268292683,-5.661404463799724,-11.336453458138374,-3.012141506261443,-2.9581065021343056,59.82118435448578,31.25405564986346,0.0,0.2,206145.25,-12518.0,-4.620688636900539,0.20171924436282407,1.0898458758993645,-0.8,0.0
2022-01-06,,,,1736.4,1751.9,1780.45,1841.9166666666667,1775.2694666750153,57.642857142857146,49.76415094339623,-25.173471144793893,-25.49430019645103,0.32082905165713527,1862.9490590056241,1697.950940994376,1780.45,164.99811801124815,-39.30348258706468,46.523659832851045,29.388331277306726,80.79431694393968,2.2832687149961646,21.18959107806691,21.313506815365553,34.09883888550126,100.0,1684.0,1837.0,1703.0,0,0,352389.8,61415239,1783.1873089591884,0.9382716049382716,0.06172839506172839,0.9012345679012346,4527604.9382716045,-1.6875340228634128,-11.336453458138374,0.05005691232924013,-2.8868567508757983,59.82118435448578,31.25405564986346,0.0,0.2,211467.3,-16270.0,-6.296585834036394,0.18352545110358925,1.1739464770174568,-0.8,0.0
2022-01-07,,,,1760.2,1757.0,1781.9,1832.7166666666667,1782.7676127059663,58.07142857142857,53.18681318681318,-15.937497129825033,-23.58293958312583,7.645442453300799,1868.607979357046,1695.1920206429543,1781.9,173.41595871409163,-15.422885572139304,63.771071873153105,40.84924480925552,109.61472600094827,72.06089092446936,23.370233702337025,21.156211562115622,33.22374783585866,100.0,1684.0,1854.0,1703.0,1,0,357879.25,61772131,1784.7287622850445,0.9423076923076923,0.057692307692307696,0.9230769230769231,6863307.692307692,0.0,-11.336453458138374,0.7438847990514599,-2.8868567508757983,59.82118435448578,31.25405564986346,0.0,0.2,216851.1,-11117.0,-4.591449009598392,0.15203337565817596,1.2604547711681566,-0.7,1.0
2022-01-10,,,,1798.0,1771.3,1787.65,1824.8333333333333,1793.361173400636,54.0,62.527716186252775,-5.328828062486764,-19.932117278998017,14.603289216511254,1887.7641979518912,1687.535802048109,1787.65,200.22839590378226,-8.695652173913043,72.94883052413105,51.54910671421403,115.74827814396512,110.4325539925248,27.77777777777778,18.253968253968257,33.433522563262215,100.0,1684.0,1894.0,1703.0,1,0,359995.35,62251335,1790.7968997377327,0.6551724137931034,0.3448275862068966,0.6896551724137931,8262137.931034482,0.0,-11.336453458138374,2.524756901660908,-2.8868567508757983,60.36637931034483,31.25405564986346,0.0,0.25,220199.5,180.0,0.07791971671853304,0.1392456253639088,1.3805371955413448,-0.3,1.0
2022-01-11,,,,1842.0,1785.9,1792.35,1818.5666666666666,1805.7077283148612,53.857142857142854,61.05990783410139,5.356924945399214,-14.874308834118573,20.231233779517787,1908.2233882530184,1676.4766117469815,1792.35,231.7467765060369,-10.82089552238806,78.35892184195802,60.485711756795354,114.10534201228336,115.61907377409514,32.891246684350136,16.71087533156499,33.7394571576663,95.0283833349008,1684.0,1923.0,1703.0,1,0,362742.7,62671068,1797.154685906383,0.6081081081081081,0.3918918918918919,0.3918918918918919,5672067.567567567,0.0,-11.336453458138374,2.102779721572182,-2.8868567508757983,61.089305577625936,31.25405564986346,0.0,0.25,224012.2,12403.0,5.364921037947634,0.12677875038779338,1.5698184991788962,0.1,1.0
2022-01-12,,,,1888.2,1807.6,1798.7,1811.45,1820.7831827610648,54.42857142857143,68.91891891891892,16.938561348211124,-8.511734797652633,25.450296145863756,1936.6856590564212,1660.714340943579,1798.7,275.97131811284225,-0.7092198581560284,85.33620794192001,68.76921048517025,118.47020285541953,115.92055557815345,32.93963254593175,16.53543307086614,33.48932462616821,100.0,1684.0,1964.0,1703.0,1,0,363480.75,62989312,1802.2577966875365,0.9655172413793104,0.034482758620689655,0.7068965517241379,5486965.517241379,0.0,-11.336453458138374,2.7054100631191993,-2.8868567508757983,61.2849088763603,31.25405564986346,0.0,0.25,228462.7,18479.0,7.586107804097053,0.1178804035685162,1.6139729738186794,0.4,0.0
2022-01-13,,,,1915.4,1825.9,1806.65,1805.3833333333334,1832.3276415457253,57.285714285714285,65.14161220043573,24.06447520969391,-1.9964927961833236,26.060968005877235,1958.4563517150207,1654.8436482849795,1806.65,303.61270343004117,-22.289156626506024,82.79441975244467,73.44428024092839,101.49469877547722,107.2936223778578,37.53117206982544,15.08728179551122,32.93573289527931,89.48263884838754,2016.0,1964.0,1703.0,0,0,371338.8,62445818,1814.267435156251,0.06329113924050633,0.9367088607594937,0.27848101265822783,6879670.886075949,-1.1201629327902252,-11.336453458138374,3.595692063623624,-2.4346150631747645,61.71492417090345,31.25405564986346,0.0,0.3,232162.85,-3628.0,-1.3843682388989142,0.11033577091399929,1.7316348476193029,0.6,0.0
2022-01-14,,,,1958.2,1859.2,1819.65,1803.5833333333333,1854.77262806518,60.642857142857146,79.73733583489681,39.42449917285353,6.287705597624048,33.13679357522948,2011.2562574518615,1628.0437425481387,1819.65,383.2125149037229,-1.2853470437017995,88.09216784896137,78.32690944360604,107.62268465967202,118.88818121326531,42.16725559481743,6.4782096584216715,34.18504130050947,100.0,1684.0,2068.0,1703.0,1,0,383821.0,63043884,1831.8242466757506,0.959349593495935,0.04065040650406504,1.024390243902439,4862325.203252032,0.0,-11.336453458138374,4.663493086017121,-2.4346150631747645,62.25497376116855,31.25405564986346,1.0,0.35,236436.35,14540.0,5.6260423075286115,0.10528768302795515,1.8608208936717243,0.9,0.0
2022-01-17,,,,1993.0,1895.5,1831.8,1803.6833333333334,1875.079996820877,61.142857142857146,78.69822485207101,51.00942393974083,15.232049266047405,35.77737467369342,2053.31782629936,1610.2821737006398,1831.8,443.0356525987204,-6.569343065693431,89.77136889676305,82.14172926132504,105.03064816763904,111.84156242236571,44.39252336448598,6.425233644859812,35.95023013466381,97.76474395840562,2095.0,2068.0,1703.0,0,0,391951.6,63043884,1847.892278493909,0.5714285714285714,0.42857142857142855,0.0,8403936.507936507,0.0,-11.336453458138374,4.342786723888406,-2.4346150631747645,62.836544206487254,31.25405564986346,1.0,0.4,240258.7,-6672.0,-2.4441261479736687,0.09646241974349042,1.8438805583726836,0.7,0.0
2022-01-18,,,,2025.4,1933.7,1847.0,1805.0166666666667,1895.0723780760318,62.07142857142857,84.21052631578948,60.86075332758992,24.357790078355908,36.502963249234014,2094.084899110395,1599.9151008896054,1847.0,494.1697982207895,-2.4330900243309004,92.26767058870962,85.5170430371199,105.76892569188905,96.91975499512783,43.72842347525892,6.329113924050633,38.70748246088166,100.00000000000001,1684.0,2085.0,1703.0,1,0,385351.45,63501865,1863.9884435364133,0.8333333333333334,0.16666666666666666,0.2833333333333333,7633016.666666666,0.0,-11.336453458138374,5.681776592107955,-1.7868554011006281,64.28580747002727,31.25405564986346,1.0,0.45,243747.45,5514.0,2.0705270944654464,0.09172827326717756,1.8362280504977164,0.7,0.0
2022-01-19,,,,2058.8,1973.5,1862.2,1806.7666666666667,1917.541675402124,65.35714285714286,85.22727272727273,71.55497716903733,33.7972274964922,37.75774967254513,2139.64215139087,1584.7578486091304,1862.2,554.8843027817395,-5.894736842105263,92.20857888588174,87.74755498670719,101.13062668423086,100.3964047405,48.52459016393443,6.0109289617486334,41.69639679749139,99.99999999999999,1684.0,2131.0,1703.0,1,0,392720.7,64018377,1884.0784238858134,0.582089552238806,0.417910447761194,0.6865671641791045,7709134.328358209,0.0,-11.336453458138374,5.584551967536876,-1.7868554011006281,65.310011071824,31.25405564986346,1.0,0.5,247830.8,4169.0,1.5337186330810937,0.08155490264608074,1.9676525685004715,0.7,0.0
2022-01-20,,,,2095.6,2005.5,1878.7,1809.6,1937.3948491733502,65.5,88.40864440078585,78.71934083776091,42.78165016474594,35.93769067301497,2177.9588036782225,1579.4411963217774,1878.7,598.5176073564451,-8.298755186721992,90.5046439884373,88.66658465395057,94.18076265741075,88.6474572032121,48.091603053435115,4.580152671755725,45.10659645956512,100.0,2166.0,2131.0,1703.0,0,0,398544.0,63565597,1901.429290157841,0.24528301886792453,0.7547169811320755,0.09433962264150944,8543018.867924528,-0.2346316283434957,-11.336453458138374,6.2687373137717755,-1.7868554011006281,66.57066902968543,31.25405564986346,1.0,0.55,251471.45,3454.0,1.2514855503058087,0.07522415397222355,1.8711137655190666,0.4,0.0
2022-01-21,,,,2120.0,2039.1,1898.05,1814.8833333333334,1961.4524825854119,68.28571428571429,94.65930018416206,88.54077287635914,51.933474707068584,36.60729816929056,2225.4251911636675,1570.6748088363324,1898.05,654.750382327335,-2.9239766081871346,92.14071067119062,89.82462665969724,96.77287869417736,86.09314489339528,50.20920502092049,0.5230125523012552,49.020477289627024,100.0,1692.0,2190.0,1703.0,1,0,408599.9,64071591,1921.4744021800625,0.845360824742268,0.15463917525773196,0.6597938144329897,5216432.989690722,0.0,-11.336453458138374,7.061290639878689,-1.7868554011006281,69.75928092101213,32.75197008544889,1.0,0.6,255364.15,5784.0,2.0698095517559745,0.06777418977988853,1.7877368613653328,0.4,0.0
2022-01-24,,,,2133.4,2063.2,1917.25,1820.3333333333333,1977.9808175772773,71.35714285714286,86.24161073825503,90.8391509934786,59.714609964350586,31.12454102912801,2253.2411496327745,1581.2588503672255,1917.25,671.982299265549,-13.916500994035784,86.90413259111922,88.8511286368379,83.01014049968188,70.56706679207994,48.048048048048045,0.5005005005005004,52.934358119688945,83.59388269016327,2205.0,2190.0,1703.0,0,0,404477.25,63631329,1944.1674180686305,0.27631578947368424,0.7236842105263158,0.7236842105263158,5792921.052631579,-2.511415525114158,-11.336453458138374,7.298426756681818,-1.7682220730856764,73.27305373174327,33.15993029878023,1.0,0.65,256106.9,-17430.0,-6.110857904147526,0.06839065849037546,1.718916658278772,0.5,0.0
2022-01-25,,,,2140.2,2082.8,1934.35,1826.5666666666666,1991.4112159032509,74.42857142857143,83.16151202749141,90.32831731323358,65.83735143412719,24.490965879106398,2275.0652075143607,1593.634792485639,1934.35,681.4304150287217,-18.105263157894736,80.5729043144775,86.09172052938443,69.53527188466362,53.41306965378167,44.33781190019194,5.566218809980807,56.52203804539703,74.38968719090393,2205.0,2190.0,1703.0,0,0,409787.25,63114666,1963.7901403716196,0.6904761904761905,0.30952380952380953,0.19047619047619047,6150750.0,-3.2420091324200873,-11.336453458138374,6.407835417348585,-1.7682220730856764,73.97886156772176,33.23978494623656,1.0,0.7,257415.35,-10663.0,-3.9817027632561564,0.06404325228088559,1.7838047981394787,0.4,0.0
2022-01-26,,,,2141.0,2099.9,1953.75,1835.0333333333333,2005.0863381981792,72.35714285714286,81.33333333333333,90.17506223824694,70.70489359495114,19.470168643295793,2293.7332039194644,1613.7667960805359,1953.75,679.9664078389285,-17.5,77.89827607893271,83.36057237923386,66.9736834783304,52.11494049795206,38.89437314906219,5.725567620927937,61.8109479022782,67.86793410368519,1805.0,2190.0,1703.0,0,0,413438.75,63511474,1979.6914311168623,0.8653846153846154,0.1346153846153846,0.3076923076923077,7630923.076923077,-2.511415525114147,-11.336453458138374,7.551293462085686,-1.7682220730856764,74.44646231366785,34.433251231527095,1.0,0.75,258521.75,4032.0,1.5680357163690983,0.06158285549345786,1.7133805648190037,0.4,0.0
2022-01-27,,,,2159.4,2127.5,1976.7,1843.1833333333334,2025.3638297983525,75.78571428571429,82.5,95.64843718247948,75.69360231245682,19.954834870022665,2323.235393498766,1630.1646065012342,1976.7,693.0707869975317,-4.485488126649076,82.47405597380407,83.06506691075727,81.29203409989768,67.36751600975865,41.564561734213,5.466540999057493,66.9381715682368,63.81095212235258,1805.0,2218.0,1703.0,1,0,420846.95,63918609,1997.212855330582,0.8131868131868132,0.18681318681318682,0.9120879120879121,4474010.989010989,0.0,-11.336453458138374,8.377459674578013,-1.7682220730856764,74.924064171123,35.29588454389325,1.0,0.8,259635.55,-2208.0,-0.8454295877382112,0.058038418444986854,1.703762421337857,0.5,1.0
2022-01-28,,,,2169.4,2144.7,2001.95,1852.4333333333334,2045.805369817557,77.0,81.91881918819189,100.60166898001262,80.67521564596798,19.926453334044638,2347.9250371280655,1655.9749628719346,2001.95,691.9500742561308,-7.653061224489796,84.06071816693321,83.39695066281591,85.38825317516782,70.08330833552745,38.868274582560296,5.380333951762524,70.86614917871279,62.081216043339644,1805.0,2240.0,1703.0,1,0,425518.95,64288984,2015.7071114772525,0.6103896103896104,0.38961038961038963,0.2857142857142857,4810064.935064934,0.0,-11.336453458138374,9.547348623911741,-1.7682220730856764,76.16317438217892,35.51304984889648,1.0,0.85,258486.75,-32984.0,-12.737053069767256,0.06465434601988601,1.6767640869009781,0.2,1.0
2022-02-07,,,,2211.0,2172.2,2033.85,1863.05,2074.1096203111233,81.5,84.0909090909091,111.55247259369207,86.8506670355128,24.701805558179274,2382.1851531892034,1685.5148468107964,2033.85,696.6703063784071,-7.249466950959488,85.78731422099345,84.19373851554175,88.97446563189686,87.5971673020284,42.76950043821209,5.083260297984225,74.16145331435304,64.19641301486917,1805.0,2343.0,1703.0,1,0,420888.2,64563267,2039.2037415161556,0.6964285714285714,0.30357142857142855,0.9196428571428571,2448955.3571428573,0.0,-9.076348104644993,11.883456684202882,-1.1897255624064218,78.8076364854304,35.531914893617014,1.0,0.9,258683.7,27148.0,12.013612004761542,0.06424784619634062,1.564682415190931,0.3,1.0
2022-02-08,,,,2252.0,2196.1,2064.9,1873.65,2097.9087040910163,80.64285714285714,80.3030303030303,117.34523927000873,92.94958148241199,24.395657787596747,2399.499776638141,1730.3002233618588,2064.9,669.1995532762824,-12.045454545454545,84.93415884775091,84.4405452929448,85.92138595736313,80.93998188132288,41.98405668733392,5.137289636846768,77.37852403207194,51.363840253861845,2377.0,2343.0,1733.0,0,0,425203.8,64266536,2057.5552429211593,0.32608695652173914,0.6739130434782609,0.41304347826086957,6450673.913043478,-0.8109261630388387,-5.661404463799724,11.447248241223408,-1.1897255624064218,79.3436935820737,38.372205763533536,1.0,0.95,258052.95,5172.0,2.0432592592592558,0.0634321205435433,1.3925838021292793,0.0,0.0
2022-02-09,,,,2279.8,2210.4,2091.95,1883.3166666666666,2114.679303701396,81.92857142857143,76.68810289389067,116.55786000763555,97.6712371874567,18.886622820178857,2399.9920169562993,1783.9079830437004,2091.95,616.0840339125989,-24.12177985948478,79.09112699554703,82.65740586047889,71.95856926568331,63.58616526253717,36.96599825632084,11.07236268526591,78.18195031308744,0.0,2377.0,2343.0,1806.0,0,0,433143.35,63851010,2078.22703792328,0.35051546391752575,0.6494845360824743,0.5154639175257731,4283773.195876289,-2.944942381562088,-3.2420091324200873,9.38907628822741,-2.1694606213503675,79.3436935820737,39.84965071694942,1.0,1.0,258527.4,9586.0,3.7112316441925364,0.06388532916075551,1.3989425941998948,-0.4,0.0
2022-02-10,,,,2308.0,2233.7,2119.6,1895.7833333333333,2137.94794144412,84.85714285714286,75.04302925989673,121.39329950283991,102.41564965053335,18.977649852306556,2418.7161717635904,1820.4838282364094,2119.6,598.232343527181,-17.839195979899497,79.64702052638998,81.65394408244926,75.63317341427143,78.58295005368223,38.72053872053871,10.690235690235689,76.99362986609133,0.0,2032.0,2359.0,1854.0,1,0,442578.6,64406451,2107.4775799146187,0.5872093023255814,0.4127906976744186,0.4941860465116279,3229308.1395348837,0.0,-3.2420091324200873,9.338827586233961,-2.1694606213503675,79.3436935820737,40.49738172461904,1.0,1.0,260165.3,6999.0,2.612707786608337,0.06314383748214288,1.4886357847395892,-0.1,0.0
2022-02-11,,,,2293.8,2231.6,2135.35,1903.4333333333334,2140.9052803542036,97.78571428571429,56.549935149156944,108.64165466856639,103.66085065413996,4.980804014426425,2407.5420954805354,1863.1579045194644,2135.35,544.384190961071,-66.07594936708861,62.8541112452356,75.38733313671138,37.78766746228405,40.25718617628151,31.99415631848064,16.43535427319211,73.95177651997834,0.0,2430.0,2359.0,1894.0,0,0,461500.2,63671127,2128.7744054065415,0.036885245901639344,0.9631147540983607,0.7786885245901639,3013622.950819672,-8.054260279779568,-8.054260279779568,4.250736151778272,-2.7885577628474283,79.3436935820737,42.22941359950094,2.0,1.0,262368.0,179.0,0.06511885099789172,0.05801618462516244,1.6954994310012939,-0.2,0.0
2022-02-14,,,,2273.8,2242.4,2152.8,1912.25,2150.6285869871367,104.42857142857143,59.54106280193237,103.31610210987856,103.59190094528769,-0.27579883540913386,2403.7641198929928,1901.8358801070078,2152.8,501.92823978598494,-50.67750677506775,56.90274083015707,69.22580236785994,32.25661775475132,28.997320331041873,29.95896032831737,16.963064295485637,70.59350147174652,7.848799501193325,2061.0,2359.0,1923.0,0,0,474434.85,64409024,2148.28760172937,0.6928104575163399,0.30718954248366015,0.48366013071895425,4822856.209150327,-4.917337855023318,-8.054260279779568,4.511753216407957,-2.7885577628474283,79.3436935820737,42.837896825396825,2.0,1.0,263618.35,-18867.0,-6.859205776173283,0.051018411372682586,2.054827495674506,-0.5,0.0
2022-02-15,,,,2244.6,2248.3,2165.55,1920.3666666666666,2153.235388226457,108.07142857142857,52.77449822904368,92.78108398429822,101.42973755308981,-8.648653568791588,2392.0775398616465,1939.0224601383538,2165.55,453.0550797232927,-68.29268292682927,44.34541696369446,60.93234056647145,11.171569758140492,3.765509889378596,24.719101123595507,17.647058823529413,66.21755546339374,0.0,2430.0,2359.0,1942.0,0,0,484356.25,63790863,2159.729503817352,0.6060606060606061,0.3939393939393939,0.6565656565656566,6244050.5050505055,-7.672742687579481,-8.054260279779568,3.286731103298599,-3.1557223764499724,79.3436935820737,43.25862884160757,2.0,1.0,263030.35,-24364.0,-9.509980717737342,0.055433153121537515,2.3583561406086404,-0.2,-1.0
2022-02-16,,,,2226.2,2253.0,2176.45,1928.3,2155.9748750620324,108.85714285714286,53.3096926713948,83.7889064330966,97.90157132909117,-14.11266489599457,2382.1666932816033,1970.733306718396,2176.45,411.43338656320725,-67.20867208672087,36.40121814673648,52.755299759893134,3.6930549204231795,10.890824499820013,25.393700787401574,17.51968503937008,61.627550334896384,1.2777771825795117,2061.0,2359.0,1942.0,0,0,496821.1,64358404,2168.7226652611976,0.140625,0.859375,0.0625,8867828.125,-7.503179313268326,-8.054260279779568,2.827250858447732,-3.1557223764499724,79.3436935820737,44.53875736689642,2.0,1.0,262152.35,12679.0,5.469093732476393,0.05782431393239009,2.512355803339878,0.2,-1.0
2022-02-17,,,,2169.4,2238.7,2183.1,1935.05,2148.2629821989817,109.71428571428571,43.53205849268842,67.25328121283201,91.77191330583935,-24.51863209300734,2364.008700439524,2002.1912995604755,2183.1,361.8174008790486,-96.2059620596206,24.454220127702943,43.32160654916308,-13.280552715217325,-40.32410869138391,22.656250000000004,23.567708333333336,54.772813667469144,0.0,2430.0,2359.0,2068.0,0,0,502512.1,63701090,2175.7680864799077,0.019417475728155338,0.9805825242718447,1.0388349514563107,6381689.320388349,-12.038999576091546,-12.038999576091546,1.7876713328291687,-5.061283133145713,79.3436935820737,44.57495629947665,2.0,0.95,261233.9,-4437.0,-1.8146571291854263,0.06098835270475941,2.655822691157739,0.1,-1.0
2022-02-18,,,,2146.2,2220.0,2182.35,1941.4333333333334,2139.19031722765,109.21428571428571,45.21028037383178,51.7766143740173,83.77285351947495,-31.99623914545765,2365.379793375665,1999.320206624335,2182.35,366.05958675133,-95.20202020202021,17.90214001779523,34.84845103870713,-15.99048202402858,-67.45102960217365,22.759973839110533,26.226291693917595,48.28266774880685,4.137745168786864,2430.0,2359.0,2053.0,0,1,497785.5,63197556,2178.8180809137,0.2753623188405797,0.7246376811594203,0.3188405797101449,7297594.202898551,-12.971598134802875,-12.971598134802875,0.05809045951756321,-5.061283133145713,79.3436935820737,45.135360449300165,1.0,0.9,258964.9,-12471.0,-5.194691592522238,0.0669603709931532,2.5636310132653337,0.4,-1.0
2022-02-21,,,,2108.2,2191.0,2181.6,1946.9666666666667,2130.981715586922,109.07142857142857,46.07142857142858,39.060973809429925,74.83047757746596,-35.76950376803603,2366.713791462047,1996.4862085379525,2181.6,370.2275829240946,-86.2700228832952,16.511419050765088,28.736107042726452,-7.937956933157636,-78.00406463143844,22.789783889980356,25.47478716437459,43.130581029555955,6.260951780649224,2430.0,2359.0,2053.0,0,0,502652.55,63197556,2176.178090213608,0.7317073170731707,0.2682926829268293,0.0,7643768.292682926,-12.971598134802875,-12.971598134802875,0.05809045951756321,-5.061283133145713,79.3436935820737,45.135360449300165,1.0,0.85,257355.35,6517.0,2.8633441856582342,0.07033144939323456,2.5230325987339355,0.5,-1.0
2022-02-22,,,,2073.6,2159.1,2177.6,1951.5333333333333,2118.983456959596,111.14285714285714,42.54587155963303,24.824378223961958,64.82925770676516,-40.004879482803204,2374.57972110422,1980.6202788957796,2177.6,393.95944220844035,-97.25400457665904,11.922944508290382,23.13171953124776,-10.49460553762438,-79.53417834227932,22.943444730077122,25.0,38.127242533133405,0.0,2430.0,2359.0,2005.0,0,1,511686.9,62558888,2171.774103753682,0.024691358024691357,0.9753086419753086,0.5925925925925926,7884790.12345679,-15.006358626536665,-15.006358626536665,-0.7294080427448834,-5.061283133145713,79.3436935820737,44.57495629947665,1.0,0.8,256470.4,20006.0,8.545263499602761,0.06934729937730583,2.4923872177259985,0.2,0.0
2022-02-23,,,,2041.8,2134.0,2172.2,1956.8,2109.8421753443963,106.92857142857143,37.918215613382905,14.823348882367554,54.82807594188564,-40.00472705951809,2380.17327763563,1964.2267223643698,2172.2,415.94655527125997,-93.13501144164759,10.381719696524488,18.881719586340004,-6.618280083106544,-76.8272593297899,17.635270541082164,26.18570474281897,34.03857739798505,0.0,1993.0,2359.0,2005.0,0,0,508522.55,63012113,2167.3269728484343,0.5609756097560976,0.43902439024390244,0.43902439024390244,11054268.292682927,-14.243323442136502,-15.006358626536665,-1.0678115068438403,-5.061283133145713,79.3436935820737,43.49585956010819,1.0,0.75,255710.3,6666.0,2.623128866222779,0.06735466557385299,2.375736600591855,0.2,0.0
2022-02-24,,,,2020.8,2095.1,2164.4,1960.0666666666666,2096.5238729306443,106.21428571428571,33.89021479713604,2.590937302686598,44.380648214045834,-41.789710911359236,2390.574036389729,1938.225963610271,2164.4,452.3480727794579,-98.2905982905983,7.73415459443096,15.165864589036989,-7.1292653947811,-83.40282478126515,15.400134498991259,28.9172831203766,30.81139289843247,0.0,2430.0,2359.0,1970.0,0,1,516578.6,62398212,2158.0286877285794,0.11940298507462686,0.8805970149253731,0.7910447761194029,9162701.492537314,-16.49003815175921,-16.49003815175921,-1.644933360975559,-5.061283133145713,79.3436935820737,43.25862884160757,1.0,0.7,255039.85,5247.0,2.011963648912918,0.06468141524978678,2.289654716624022,-0.1,0.0
2022-02-25,,,,1988.4,2067.3,2149.45,1961.6833333333334,2076.9501707467734,108.35714285714286,22.235872235872222,-13.324381596523835,32.8396422519319,-46.164023848455734,2405.98847562045,1892.9115243795497,2149.45,513.0769512409004,-88.79736408566721,10.631143320602925,13.6542908328923,4.584848296024177,-102.34031825463,8.042188529993407,37.50823994726434,29.80669846806097,0.0,2430.0,2359.0,1891.0,0,1,535454.0,61514710,2136.3958660003163,0.40718562874251496,0.592814371257485,0.47305389221556887,5290431.137724551,-19.838914794404406,-19.838914794404406,-3.389380292344542,-5.061283133145713,79.3436935820737,42.837896825396825,1.0,0.65,253567.85,-10247.0,-3.851719873551418,0.058747783424028324,2.5379865129866914,-0.1,0.0
2022-02-28,,,,1957.2,2032.7,2137.55,1963.3833333333334,2059.812059247081,109.28571428571429,23.3458177278402,-25.163171257198428,21.239079550105835,-46.40225080730426,2417.8869964505707,1857.2130035494297,2137.55,560.673992901141,-87.80889621087314,13.045560925490516,13.451380863758372,12.233921048954802,-88.3434104732625,7.973856209150325,37.189542483660134,28.841939040030486,2.038383879879732,1823.0,2359.0,1891.0,0,0,541697.05,62079833,2123.7654128508425,0.3728813559322034,0.6271186440677966,0.1016949152542373,9578355.932203392,-19.584569732937684,-19.838914794404406,-2.705899275350607,-5.061283133145713,79.3436935820737,42.61631716906946,1.0,0.6,252452.3,-10301.0,-4.027131631416392,0.0578614095431152,2.4629453959828433,-0.2,0.0
2022-03-01,,,,1942.8,2008.2,2128.25,1964.7666666666667,2047.7347202711685,109.28571428571429,28.33545108005083,-31.280021603798787,10.73525931932491,-42.0152809231237,2423.1411485169806,1833.3588514830194,2128.25,589.7822970339612,-81.87808896210873,19.08419831293324,15.328986680149994,26.59462157849973,-74.12394462052393,9.607843137254902,33.529411764705884,28.952835403195447,11.55066697001624,1823.0,2359.0,1891.0,0,0,544952.95,62661614,2113.5134064020267,0.7319587628865979,0.26804123711340205,0.3711340206185567,5997742.268041237,-18.058499364137347,-19.838914794404406,-2.0145445780836746,-5.061283133145713,79.3436935820737,42.158967990064504,1.0,0.55,251751.9,-2360.0,-0.9613465369120444,0.058415826683676564,2.438880630501479,-0.1,-1.0
2022-03-02,,,,1923.2,1982.5,2117.75,1966.4833333333333,2036.045699292962,102.71428571428571,19.436619718309856,-36.35413487701794,1.3173804800563396,-37.671515357074284,2426.268957875202,1809.2310421247983,2117.75,617.0379157504037,-82.44406196213426,24.86565601814597,18.507876459481984,37.58121513547394,-60.646990019432685,5.771905424200279,35.674547983310156,30.05415824828423,0.0,2404.0,2359.0,1891.0,0,0,556135.05,62041164,2103.538365816001,0.2125,0.7875,0.1,7755625.0,-18.397626112759635,-19.838914794404406,-2.3112228433615196,-5.061283133145713,79.3436935820737,40.49738172461904,1.0,0.5,251577.45,14551.0,5.9848886804947155,0.05806991141305175,2.572868402818295,-0.5,0.0
2022-03-03,,,,1911.2,1966.0,2102.35,1966.4333333333334,2024.0413469793466,89.57142857142857,25.79439252336448,-41.11186881042886,-7.1684693780407,-33.94339943238816,2420.4001615518173,1784.2998384481825,2102.35,636.1003231036348,-81.37044967880085,27.688215123208423,21.5679893473908,39.92866667484367,-60.944489265971114,6.618819776714514,34.2902711323764,32.590917441390175,15.853038506975183,2404.0,2359.0,1891.0,0,0,567399.35,61408743,2089.8105991838024,0.2833333333333333,0.7166666666666667,0.25,10540350.0,-19.033488766426444,-19.838914794404406,-3.6583071657154567,-5.061283133145713,79.3436935820737,39.61683814342347,1.0,0.45,252636.15,22455.0,8.71429680223532,0.0628727113593448,2.562864491960681,-0.5,0.0
2022-03-04,,,,1920.2,1954.3,2087.15,1966.5,2015.6564567908374,83.64285714285714,18.48049281314168,-42.29685273192831,-14.194146048818222,-28.10270668311009,2406.5555498314593,1767.7444501685409,2087.15,638.8110996629184,-72.70531400966183,32.89048313450165,25.342153943094416,47.98714151731612,-54.23306388053649,7.087959009393681,35.95217762596072,35.402824517145646,0.0,1823.0,2359.0,1891.0,0,0,579336.55,62017862,2076.333949785607,0.8142857142857143,0.18571428571428572,0.37142857142857144,8701700.0,-17.931326833403993,-19.838914794404406,-3.5478856282793436,-5.061283133145713,79.3436935820737,37.44095546942973,1.0,0.4,255042.75,-6026.0,-2.1511057168865033,0.05985834451184238,2.316497488176111,-0.7,0.0
2022-03-07,,,,1935.2,1946.2,2068.6,1967.05,2011.498699001234,80.92857142857143,27.510917030567683,-39.87144865068785,-19.32960656919215,-20.5418420814957,2367.9019246601024,1769.2980753398974,2068.6,598.603849320205,-64.00966183574879,44.70986337407143,31.79805708675342,70.53347594870746,-34.51931291439197,13.150926743159753,35.4810238305384,37.49024221141629,25.927739523669118,1823.0,2359.0,1891.0,0,0,600541.7,62716248,2064.493197336116,0.5057471264367817,0.4942528735632184,0.41379310344827586,8027425.287356322,-16.405256464603646,-19.838914794404406,-4.550287938177326,-5.061283133145713,78.90604704863617,35.531914893617014,1.0,0.35,256306.7,4295.0,1.5668949213633931,0.06290042569980134,2.35779839496708,-0.4,0.0
2022-03-08,,,,1936.0,1939.4,2049.25,1967.2833333333333,2004.40358481064,87.28571428571429,24.94887525562372,-40.30885059671664,-23.52545537469705,-16.78339522201959,2328.3891842979137,1770.1108157020863,2049.25,558.2783685958275,-67.70538243626062,48.25317752446186,37.28309723265623,70.1933381080731,-49.433078039066224,10.55646481178396,41.243862520458265,40.41117666198246,23.443867577196144,2176.0,2359.0,1891.0,0,0,629979.9,61830753,2047.679386913773,0.7254901960784313,0.27450980392156865,0.22875816993464052,5787549.019607844,-17.888935989826194,-19.838914794404406,-4.80474366522792,-5.061283133145713,78.90604704863617,35.37134472277538,1.0,0.3,255989.75,-26446.0,-9.499145127225184,0.06306076727036414,2.582111314164994,-0.2,0.0
2022-03-09,,,,1926.6,1924.9,2029.45,1967.3666666666666,1992.3651481620077,84.71428571428571,27.664399092970527,-44.89873701486772,-27.800111702731183,-17.098625312136537,2297.4197351331795,1761.4802648668206,2029.45,535.939470266359,-80.35714285714286,41.71739612741902,38.76119686424383,47.62979465376941,-49.40004149742033,10.87689713322091,34.06408094435076,43.95567064275264,33.285954344881084,2176.0,2359.0,1878.0,0,1,639139.0,61232045,2033.1694106707096,0.0136986301369863,0.9863013698630136,0.8082191780821918,8201479.452054795,-20.389995760915646,-20.389995760915646,-5.0037842859581785,-5.061283133145713,78.90604704863617,34.5612941909543,1.0,0.25,255510.75,6345.0,2.5182768556664126,0.062274924067141545,2.564115333495841,-0.2,0.0
2022-03-10,,,,1945.6,1928.4,2011.75,1970.6,1993.5684673846736,90.21428571428571,45.6043956043956,-37.852081222651805,-29.810505606715306,-8.041575615936498,2230.269299400543,1793.2307005994571,2011.75,437.03859880108575,-30.268199233716476,58.72696874815845,45.41645415888203,85.34799792671129,-22.30358676798929,15.676959619952495,29.21615201900238,45.60442983490302,98.30729565997882,1823.0,2243.0,1878.0,0,0,649607.65,61996859,2015.6933001276489,0.9041095890410958,0.0958904109589041,0.8698630136986302,5238452.05479452,-10.610789121712006,-20.389995760915646,-3.760665771721716,-5.061283133145713,78.90604704863617,34.5612941909543,2.0,0.2,253832.9,-16978.0,-6.572900818031535,0.061167559269904775,2.7464493847121494,-0.1,1.0
2022-03-11,,,,1959.2,1939.7,2003.5,1973.5833333333333,1994.5619466813714,89.71428571428571,45.52102376599634,-31.979606385756824,-30.244325762523612,-1.735280623233212,2209.0989965160306,1797.9010034839696,2003.5,411.19799303206105,-30.65134099616858,65.87803922549904,52.23698251442103,93.16015264765505,1.5023633240633274,18.073248407643316,26.11464968152866,46.50693730457467,99.69262595047294,2084.0,2243.0,1878.0,0,0,645693.5,61339818,2002.299925119271,0.41333333333333333,0.5866666666666667,0.013333333333333334,8760546.666666668,-10.655372269282214,-20.389995760915646,-2.1073414020668855,-4.054832571059008,78.90604704863617,34.5612941909543,1.0,0.2,251425.3,-14416.0,-5.973686936703615,0.06281157977139933,2.8811366852819065,0.1,1.0
2022-03-14,,,,1945.4,1940.3,1986.5,1975.65,1985.8417612831456,92.92857142857143,41.5,-35.07120466014703,-31.209701542048297,-3.861503118098735,2162.865052033913,1810.134947966087,1986.5,352.7301040678258,-64.44444444444444,55.48025437856092,53.318073135801,59.80461686408077,-28.522955810763026,16.756341275941583,31.129900076863947,48.34454495660617,84.8679755417828,2084.0,2182.0,1878.0,0,0,641388.8,60688015,1986.4366999392569,0.05555555555555555,0.9444444444444444,0.8015873015873016,5173039.682539683,-12.786434463794693,-20.389995760915646,-4.514476242121889,-4.910566127140767,78.90604704863617,34.5612941909543,1.0,0.15,249445.9,-10303.0,-4.540586755042774,0.07034298390971262,2.9812626341363604,0.0,-1.0
2022-03-15,,,,1935.0,1935.5,1971.85,1976.5833333333333,1976.2377840180843,93.92857142857143,38.5,-38.52962262828555,-32.67368575929575,-5.855936868989801,2128.851206834042,1814.8487931659579,1971.85,314.00241366808405,-72.44444444444444,45.845695111232814,50.82728046094494,35.88252441180855,-50.094492157978536,16.577946768060837,32.167300380228134,49.23519382297894,73.80762031529473,2084.0,2182.0,1878.0,0,0,634815.35,60201323,1974.0094491518937,0.18181818181818182,0.8181818181818182,0.32727272727272727,8848945.454545453,-13.611365719523382,-20.389995760915646,-4.016777684003486,-4.910566127140767,78.90604704863617,34.5612941909543,1.0,0.1,248148.35,-10727.0,-4.952309723645698,0.07955075030029082,2.7511658901967486,0.0,-1.0
2022-03-16,,,,1945.0,1935.8,1959.15,1978.1,1971.6437093496954,94.85714285714286,46.440677966101696,-37.36992590670434,-33.61293378877747,-3.7569921179268704,2081.940836277229,1836.359163722771,1959.15,245.58167255445824,-53.333333333333336,45.87911205613719,49.177890992675685,39.281554183060194,-41.60507660797451,17.31927710843373,29.969879518072286,48.967396225217975,100.0,1823.0,2075.0,1878.0,0,0,628282.5,60638207,1961.7204781288672,0.825,0.175,0.5375,5461050.0,-7.084337349397596,-20.389995760915646,-3.310180672121569,-4.910566127140767,78.90604704863617,34.5612941909543,1.0,0.05,245741.2,-9513.0,-4.620675250996942,0.0931522221749144,2.732564675438143,0.1,1.0
2022-03-17,,,,1927.6,1936.6,1951.3,1980.35,1966.5347846497245,86.35714285714286,52.591170825335894,-36.83318430538907,-34.25698389209979,-2.5762004132892784,2062.426480808217,1840.1735191917828,1951.3,222.25296161643428,-58.55855855855856,44.399888517905275,47.58522350108555,38.029218551544716,-34.33518021022558,19.023986765922245,21.42266335814723,44.770368626523016,100.0,2048.0,2053.0,1878.0,0,0,613079.2,60284959,1952.5808150616322,0.5416666666666666,0.4583333333333333,0.20833333333333334,7359333.333333333,-6.575742815392105,-20.389995760915646,-2.212384156158421,-4.061640678034792,78.90604704863617,34.5612941909543,1.0,0.05,243824.8,5378.0,2.7387633297006664,0.10214949285147015,2.448913337251541,0.0,-1.0
2022-03-18,,,,1910.0,1934.6,1944.45,1982.15,1961.7219480164174,85.28571428571429,51.83752417794971,-36.152453030223114,-34.636077719724454,-1.5163753104986597,2045.625147770056,1843.2748522299441,1944.45,202.3502955401118,-59.45945945945946,43.11343919211703,46.09462873142938,37.15106011349232,-37.5237248526756,19.26298157453936,22.278056951423785,40.668169182719545,97.79058438206135,2048.0,2053.0,1878.0,0,0,606311.2,59916785,1946.6890545647186,0.7045454545454546,0.29545454545454547,0.045454545454545456,8367590.90909091,-6.673161227471991,-20.389995760915646,-1.9229644503549552,-4.061640678034792,78.90604704863617,34.5612941909543,1.0,0.05,243001.1,9383.0,4.65094377032278,0.1058849518031455,2.2185606004572387,-0.3,-1.0
2022-03-21,,,,1900.8,1923.1,1934.65,1982.6833333333334,1951.748429157711,84.21428571428571,42.96296296296296,-39.91367550090263,-35.69159727596009,-4.2220782249425355,2029.3145601444658,1839.9854398555344,1934.65,189.32912028893134,-86.03603603603604,31.466651769103663,41.21863641065414,11.962682486002706,-71.80133703118473,17.387616624257845,25.275657336726038,38.02777776499214,71.77362508323363,2048.0,2023.0,1857.0,0,1,598355.75,59449105,1938.9045466959526,0.2073170731707317,0.7926829268292683,0.7195121951219512,5703414.634146341,-8.205635195254546,-20.389995760915646,-2.7916179339769265,-4.061640678034792,78.90604704863617,34.5612941909543,1.0,0.05,243294.9,28867.0,13.672813046176003,0.10545569430172176,2.0064708564853397,-0.6,0.0
2022-03-22,,,,1896.0,1915.5,1927.45,1984.0166666666667,1943.1057216188813,82.21428571428571,44.02985074626866,-42.086557202991344,-36.97058926136634,-5.1159679416250015,2021.488010232021,1833.411989767979,1927.45,188.0760204640419,-84.23423423423424,25.04662543605346,35.82796608578725,3.483944136585876,-80.33933718565638,15.291051259774111,26.324934839270203,34.76820054575343,74.90134885033169,1826.0,2023.0,1857.0,0,0,581012.15,59740901,1931.904885437135,0.5,0.5,0.07692307692307693,5611461.538461538,-8.007909045971306,-20.389995760915646,-2.054554133333102,-4.061640678034792,78.90604704863617,34.5612941909543,1.0,0.05,241510.2,-21564.0,-8.985224630615763,0.10807618540265468,1.8008523966543506,-0.8,0.0
2022-03-23,,,,1890.2,1917.6,1921.25,1985.2166666666667,1938.9051767027975,81.21428571428571,49.01610017889088,-40.2779994800926,-37.632071305111594,-2.645928174981009,2004.494408694662,1838.005591305338,1921.25,166.48881738932414,-67.11711711711712,26.713399742971475,32.78977730484866,14.5606446192171,-49.76958190826073,16.710642040457344,25.329815303430085,31.401112439621063,89.5192037954597,1826.0,2005.0,1857.0,0,0,572150.7,60016897,1927.231573925075,0.9565217391304348,0.043478260869565216,0.8260869565217391,5999913.043478261,-5.286783042393973,-20.389995760915646,-1.6822884061419479,-4.061640678034792,78.90604704863617,34.5612941909543,1.0,0.05,238262.25,-22599.0,-10.346106304079106,0.1157383927900608,1.6377549221087437,-0.8,0.0
2022-03-24,,,,1901.6,1914.6,1921.5,1988.2,1942.3427789215787,84.78571428571429,53.20197044334975,-32.33935169742176,-36.573527383573634,4.234175686151872,2005.3883970395864,1837.6116029604136,1921.5,167.77679407917276,-32.88288288288288,42.764369882123574,36.11464149727363,56.063826651823476,88.22373359270081,25.94776748104465,23.08340353833193,27.028143320702018,100.0,1826.0,2005.0,1857.0,0,0,567620.85,60540201,1926.8160587594107,0.08333333333333333,0.9166666666666666,1.5833333333333333,10902166.666666666,-1.4962593516208988,-20.389995760915646,0.2802181689441676,-4.061640678034792,78.90604704863617,34.5612941909543,1.0,0.1,241443.1,133823.0,68.33596315190138,0.14038016666534467,1.6050474359678462,-0.4,0.0
2022-03-25,,,,1935.4,1922.7,1931.2,1992.9,1955.9291809290476,88.07142857142857,58.27232796486091,-16.97614501074304,-32.654050909007516,15.677905898264477,2041.0776352895293,1821.3223647104708,1931.2,219.75527057905856,-8.156028368794326,59.03461044644624,43.75463114699783,89.59456904534305,133.38893119775145,26.84509326845093,22.222222222222225,24.421355619045478,100.0,1826.0,2085.0,1857.0,1,0,563117.95,61333645,1938.0101777966765,0.8217054263565892,0.17829457364341086,0.8527131782945736,6150728.682170543,0.0,-20.389995760915646,2.9346377384213307,-3.177361352451671,78.90604704863617,34.5612941909543,1.0,0.15,247737.35,52021.0,15.78048499335667,0.1863486104754517,1.672046701808231,0.0,0.0
2022-03-28,,,,1975.2,1938.0,1939.15,1997.9833333333333,1965.4597351262812,81.07142857142857,58.788774002954206,-7.059374586584454,-27.535115644522904,20.47574105793845,2060.9682857243483,1817.3317142756518,1939.15,243.6365714486965,-19.047619047619047,66.34053394842448,51.28326541414005,96.45507101699334,110.56132040670484,29.162995594713657,15.154185022026434,22.44768646269045,100.0,2108.0,2085.0,1857.0,0,0,570649.9,60617883,1947.4647002771167,0.38181818181818183,0.6181818181818182,0.5272727272727272,13013854.545454545,-1.3908872901678526,-20.389995760915646,2.432521835878527,-3.177361352451671,78.90604704863617,37.2803852985881,1.0,0.2,256326.5,35597.0,9.326521254994425,0.2329707232274969,1.6253709766493505,0.0,0.0
2022-03-29,,,,2016.8,1956.4,1945.95,2002.85,1975.3207127333021,79.71428571428571,65.13470681458003,1.8276606413069203,-21.66256038735694,23.49022102866386,2080.8081711123446,1811.0918288876555,1945.95,269.716342224689,-14.285714285714286,72.79845120371155,58.45499401066388,101.48536558980689,90.83814372584936,29.659498207885306,16.57706093189964,20.783388386027088,100.0,1835.0,2085.0,1857.0,0,0,575694.9,61300564,1955.3690111724109,0.8703703703703703,0.12962962962962962,0.24074074074074073,12642240.74074074,-0.7673860911270869,-20.389995760915646,2.0990177816069284,-3.177361352451671,78.90604704863617,37.2803852985881,1.0,0.25,267068.65,40700.0,9.753829636304378,0.2795878602300069,1.6563274226249867,0.3,0.0
2022-03-30,,,,2062.0,1976.1,1955.95,2009.15,1989.575882949178,76.85714285714286,60.714285714285715,13.23684595499617,-14.682679118886318,27.91952507388249,2112.2270481851087,1799.6729518148913,1955.95,312.5540963702174,-4.29042904290429,80.43549112150627,65.78182638094468,109.74282060262945,104.05221927705942,30.11152416356877,16.821561338289964,20.651824209201237,83.40353009677379,1835.0,2125.0,1857.0,1,0,589912.05,62205357,1967.123475609627,0.8773584905660378,0.12264150943396226,0.5283018867924528,8535783.018867925,0.0,-20.389995760915646,2.922815463040323,-3.177361352451671,78.90604704863617,37.2803852985881,1.0,0.3,279049.9,39333.0,8.588516328509165,0.32469908028928496,1.738334313978265,0.6,0.0
2022-03-31,,,,2089.2,1995.4,1966.0,2015.0166666666667,2001.140084573066,77.0,59.3368237347295,20.90800999329963,-7.564541296449129,28.472551289748758,2135.156420915138,1796.843579084862,1966.0,338.31284183027583,-15.596330275229358,81.75821732259439,71.10729002816124,103.06007191146068,99.5094113132982,29.591836734693874,16.790352504638218,21.323381480758513,78.23184944286031,2162.0,2125.0,1857.0,0,0,608306.8,61205041,1982.1572595166344,0.33766233766233766,0.6623376623376623,0.18181818181818182,12991116.883116884,-0.6588235294117673,-20.389995760915646,2.9584832655389155,-3.177361352451671,78.90604704863617,37.2803852985881,1.0,0.35,290289.0,7612.0,1.5306502046028125,0.35736314773498107,1.8170773698697364,0.2,0.0
2022-04-01,,,,2096.2,2015.8,1975.2,2021.4333333333334,2012.4600765184882,73.07142857142857,72.55717255717255,27.397862046178034,-0.5720606279236966,27.96992267410173,2157.0265222966764,1793.373477703324,1975.2,363.65304459335243,-12.844036697247706,83.55746598264703,75.2573486796565,100.15770058862807,80.06290851530456,31.182795698924732,12.121212121212123,22.32352486121415,100.0,1835.0,2125.0,1857.0,0,0,629194.2,62231908,1995.28880932151,0.7746478873239436,0.22535211267605634,0.1267605633802817,14462915.492957747,-0.23529411764706687,-20.389995760915646,2.708893608244427,-3.177361352451671,78.90604704863617,37.2803852985881,1.0,0.4,301780.9,-970.0,-0.19211078256425873,0.3779830016565675,1.8088376925951828,-0.1,0.0
2022-04-06,,,,2092.8,2034.0,1978.55,2027.0,2014.9876882786323,76.14285714285714,64.15441176470588,25.708739158306116,4.684099329322267,21.02463982898385,2162.5837211662397,1794.5162788337605,1978.55,368.06744233247923,-37.61467889908257,75.68326179516316,75.39931971815872,76.25114594917204,52.56783822718379,29.924953095684803,12.570356472795497,22.956208635925595,71.60674027898095,2162.0,2125.0,1857.0,0,0,638533.25,61346741,2001.6435274122373,0.05102040816326531,0.9489795918367347,0.826530612244898,9032316.326530611,-4.047058823529426,-20.389995760915646,1.1017898583195473,-3.8817129891161093,78.90604704863617,38.38364312267658,1.0,0.45,316307.0,64979.0,12.894014648365793,0.406306569582552,1.776941565220967,-0.1,0.0
2022-04-07,,,,2081.8,2049.3,1982.4,2032.1833333333334,2014.8936227282863,74.64285714285714,58.17490494296578,22.098073201616216,8.166894103781058,13.931179097835159,2165.9949775714226,1798.8050224285776,1982.4,367.18995514284506,-45.25993883792049,57.95987086518731,69.58617010050159,34.70727239455874,19.939353522843383,29.37799043062201,15.98086124401914,23.155085251798095,51.40175118236371,2162.0,2125.0,1857.0,0,0,645042.85,60331054,2008.8157757529855,0.4406779661016949,0.559322033898305,0.423728813559322,17215033.898305085,-5.223529411764716,-20.389995760915646,1.2522494946915113,-3.8817129891161093,78.90604704863617,40.900000000000006,1.0,0.5,331331.85,-16471.0,-2.895104108442925,0.4159784704119422,1.8465088156331078,-0.2,0.0
2022-04-08,,,,2064.8,2063.4,1990.5,2037.3,2017.2847062779733,74.21428571428571,61.254612546125465,21.09144804236803,10.751804891498452,10.339643150869577,2168.922915686531,1812.0770843134692,1990.5,356.8458313730616,-37.308868501529055,49.75102502123599,62.97445507407973,23.30416491554851,23.478453117543722,29.547641963426372,16.073147256977865,24.841184868316287,61.80820448991296,1835.0,2125.0,1857.0,0,0,650515.8,61039221,2014.7907776926147,0.9285714285714286,0.07142857142857142,0.6190476190476191,16861119.047619045,-4.000000000000014,-13.611365719523382,2.470895417025916,-3.8817129891161093,78.90604704863617,40.900000000000006,1.0,0.55,344996.7,-20855.0,-3.7749680969490718,0.4163262816341559,1.7490588281728563,-0.5,0.0
2022-04-11,,,,2048.0,2068.6,1991.6,2040.9833333333333,2018.2099723467377,74.85714285714286,60.03616636528029,19.025386187773165,12.406521150753395,6.61886503701977,2170.669407302187,1812.5305926978128,1991.6,358.1388146043744,-41.28440366972477,40.63861438197342,55.529174843377625,10.857493459165013,18.231047543909675,29.580152671755723,16.030534351145036,26.44468832935788,57.69102684755559,2162.0,2125.0,1857.0,0,0,645578.4,60373155,2018.072534464185,0.6415094339622641,0.3584905660377358,0.24528301886792453,12567283.018867925,-4.61176470588237,-13.611365719523382,0.5334022675620151,-3.8817129891161093,78.90604704863617,40.900000000000006,0.0,0.6,359481.2,-585.0,-0.11004514672686705,0.409448400461816,1.6036941825633602,-0.2,0.0
2022-04-12,,,,2039.0,2067.6,1995.15,2044.6666666666667,2023.6185464089533,74.78571428571429,70.11070110701107,21.018923068785625,14.12900153435984,6.889921534425785,2178.0290512016036,1812.2709487983966,1995.15,365.758102403207,-26.605504587155963,43.759076254648946,51.60580864713474,28.06561146967735,35.325052222970385,33.2378223495702,11.74785100286533,28.53623368868508,91.4241110105668,1835.0,2125.0,1857.0,0,0,660910.95,61336847,2021.1759832394969,0.8888888888888888,0.1111111111111111,0.5925925925925926,11897432.098765431,-2.352941176470602,-13.611365719523382,1.268956565308009,-3.8817129891161093,78.90604704863617,40.900000000000006,0.0,0.6,375381.7,13904.0,2.6183817782925223,0.397664356193966,1.5498654312631654,0.1,0.0
2022-04-13,,,,2035.0,2063.9,2000.95,2046.75,2023.178684846196,75.64285714285714,63.2996632996633,17.874042584464405,14.878009744380755,2.9960328400836502,2178.8127205695414,1823.0872794304585,2000.95,355.72544113908293,-46.579804560260584,35.11141482110696,46.10767737179214,13.1188897197366,22.34031364323519,32.861189801699716,11.142587346553354,30.167851777156237,60.67507414806657,2162.0,2125.0,1857.0,0,0,666215.7,60578949,2025.992832126292,0.09375,0.90625,0.875,11842156.25,-4.9882352941176595,-13.611365719523382,2.164914584347581,-3.116403080316695,78.90604704863617,40.900000000000006,0.0,0.65,392703.75,18128.0,3.3267329639818044,0.3819182627917743,1.5079072565958878,0.1,0.0
2022-04-14,,,,2036.2,2059.0,2007.7,2048.366666666667,2022.8759529560818,75.28571428571429,60.861759425493716,15.286184169860007,14.959644629476607,0.3265395403834006,2177.079176002057,1838.320823997943,2007.7,338.75835200411393,-74.3455497382199,29.53787807997169,40.584410941185325,7.444812357544421,11.259140339667033,31.688804554079695,12.049335863377607,31.91072992479391,39.57483335538829,1971.0,2125.0,1857.0,0,0,684210.95,61425546,2030.4072811657477,0.3902439024390244,0.6097560975609756,0.024390243902439025,20648707.31707317,-4.941176470588237,-8.205635195254546,2.5176439121327765,-3.116403080316695,78.90604704863617,40.900000000000006,0.0,0.7,411748.7,23731.0,4.214745838269285,0.3623334482592056,1.4287656591874804,0.2,0.0
2022-04-15,,,,2026.6,2045.7,2010.9,2048.8333333333335,2019.9353860078836,70.71428571428571,51.669941060903724,10.850840008333762,14.137883705248038,-3.2870436969142762,2176.311003261506,1845.4889967384943,2010.9,330.8220065230116,-92.89617486338798,22.25602128408369,34.47494772215145,-2.1818315920518216,-4.093352893415164,21.81818181818182,15.252525252525254,32.75853330075819,0.0,2162.0,2125.0,1857.0,0,0,703979.6,60593289,2032.4830116289356,0.21428571428571427,0.7857142857142857,0.5,14861732.142857144,-6.258823529411773,-8.205635195254546,1.2856942817737103,-3.116403080316695,78.90604704863617,40.900000000000006,0.0,0.7,433590.2,46418.0,7.910657863791748,0.3412661980236095,1.4252121438739471,0.1,0.0
2022-04-18,,,,2027.4,2037.7,2016.55,2050.3166666666666,2020.9891587690374,66.0,43.835616438356155,10.363310081117106,13.382968980421854,-3.0196588993047477,2176.2200215740313,1856.8799784259684,2016.55,319.34004314806293,-71.97802197802197,26.021558049038248,31.657151164447047,14.75037181822065,4.586353058034775,15.259740259740258,16.341991341991342,32.33018829582539,0.0,1980.0,2125.0,1857.0,0,0,726695.85,61400862,2034.6784083052078,0.7164179104477612,0.2835820895522388,0.582089552238806,12053328.358208954,-4.423529411764715,-8.205635195254546,2.1041829710969977,-3.116403080316695,78.90604704863617,40.900000000000006,0.0,0.75,453784.15,-27573.0,-4.354575834338814,0.3131593366921548,1.4410385687874616,-0.1,0.0
2022-04-19,,,,2028.6,2033.8,2024.8,2050.5333333333333,2026.70447698151,66.71428571428571,52.723311546840954,13.85184577824225,13.476744339985935,0.3751014382563156,2179.5705942421987,1870.029405757801,2024.8,309.5411884843977,-44.505494505494504,47.67803569635582,36.99744600841664,69.03921507223417,30.186453651869858,19.486081370449682,16.16702355460386,30.737257677049836,30.944336970176174,1980.0,2125.0,1857.0,0,0,758877.0,62412659,2039.7908600471487,0.8461538461538461,0.15384615384615385,0.7692307692307693,15566107.692307692,-2.070588235294113,-8.205635195254546,2.9109512872552044,-3.116403080316695,77.09012728552675,40.900000000000006,0.0,0.8,473941.55,8652.0,1.428611528954482,0.28326377937081065,1.4167655849210914,-0.1,0.0
2022-04-20,,,,2038.0,2036.5,2035.25,2050.5,2030.4469077451758,67.35714285714286,49.67462039045553,15.23059202780496,13.827513877549741,1.4030781502552188,2169.129560957166,1901.370439042834,2035.25,267.7591219143321,-52.747252747252745,53.019925032138445,42.33827234965724,74.38323039710086,35.12451247584424,21.845174973488863,14.634146341463415,30.12817683541086,20.32969219336295,2162.0,2125.0,1861.0,0,0,799096.0,61140599,2047.6863474476158,0.2222222222222222,0.7777777777777778,0.23809523809523808,20191428.57142857,-2.7764705882352803,-8.007909045971306,3.8948542139095395,-2.754893157535802,75.37204398669552,40.900000000000006,0.0,0.85,492923.85,5365.0,0.873387326523134,0.25565428267384765,1.5581328721810628,-0.1,0.0
2022-04-21,,,,2047.8,2042.0,2045.65,2050.233333333333,2034.1186308170638,62.57142857142857,43.13725490196078,16.376554564894832,14.33732201501876,2.039232549876072,2152.02624388526,1939.2737561147403,2045.65,212.7524877705198,-51.0989010989011,57.32192533006761,47.33282334312736,77.3001293039481,28.03064138480592,16.438356164383563,15.753424657534248,28.257521684789413,0.0,1980.0,2125.0,1899.0,0,0,827882.95,62008134,2052.215303946852,0.41025641025641024,0.5897435897435898,0.07692307692307693,22244487.17948718,-2.635294117647047,-6.258823529411773,3.869369248710061,-2.754893157535802,73.05434389771739,40.900000000000006,0.0,0.9,513330.35,6920.0,1.1167774837002042,0.21707159785531513,1.5464950266163604,-0.1,0.0
2022-04-22,,,,2052.6,2039.6,2051.5,2048.3166666666666,2032.3930469297245,61.07142857142857,39.37360178970918,12.859840831106112,14.04182577823623,-1.1819849471301183,2134.1393559865587,1968.860644013441,2051.5,165.27871197311765,-76.92307692307692,47.10350577560063,47.256384153951785,46.797749018898315,-25.848416538379738,14.035087719298245,20.818713450292396,27.676313631098136,0.0,2136.0,2125.0,1975.0,0,0,857327.7,61143243,2053.9039824756237,0.05454545454545454,0.9454545454545454,0.9636363636363636,15725290.909090908,-5.129411764705861,-6.258823529411773,2.195876964834806,-2.754893157535802,70.59999539704337,39.19888143176734,0.0,0.9,535158.45,5833.0,0.9309563329928494,0.16025955262442076,1.5571496173959898,-0.1,0.0
2022-04-25,,,,2021.4,2024.4,2046.5,2044.1333333333334,2017.4032329364172,67.0,28.842832469775473,-1.2898333572595675,10.975493951137071,-12.265327308396639,2156.2739303726166,1936.7260696273834,2046.5,219.54786074523327,-100.0,31.402337183733756,41.971701830545776,10.263607890109725,-142.34011797515703,12.793176972281449,31.55650319829424,27.554144603737235,0.0,2136.0,2125.0,1875.0,0,1,900707.7,59752339,2045.9588331671494,0.0,1.0,0.9155844155844156,9031844.155844156,-11.76470588235292,-11.76470588235292,-1.3158014872092578,-3.9794193620844576,66.12990567306625,38.38364312267658,1.0,0.85,550043.55,-5037.0,-0.7964983799630954,0.1329398154099924,1.7338757350519987,0.1,0.0
2022-04-26,,,,1972.0,2000.3,2033.95,2038.2,1999.9362583710442,66.07142857142857,30.983302411873836,-15.631716742933577,5.654051812322942,-21.285768555256517,2177.4131439924163,1890.4868560075838,2033.95,286.92628798483247,-90.35369774919614,24.15032553942379,36.03124306683845,0.38849048459447033,-155.73138120802227,12.972972972972974,36.32432432432432,28.020542386273043,5.186771240633053,2136.0,2125.0,1834.0,0,1,933626.85,58300512,2029.6432126675304,0.35294117647058826,0.6470588235294118,0.4823529411764706,17080317.647058822,-13.694117647058802,-13.694117647058802,-4.1052555603083425,-3.9794193620844576,64.35047077468072,37.11261545013353,1.0,0.8,562449.2,2432.0,0.3876586818329697,0.11283428406450759,1.8655003183238477,-0.3,0.0
2022-04-27,,,,1926.4,1982.2,2023.05,2033.25,1984.513757573802,65.0,33.011583011583014,-26.371007523812978,-0.7509600549042421,-25.620047468908737,2190.5687028049456,1855.531297195054,2023.05,335.0374056098915,-89.06752411575563,19.744375654363985,30.602287262680296,-1.9714475622686365,-122.46813255048028,13.186813186813186,31.86813186813187,28.872510218790435,10.101686080405223,1804.0,2125.0,1834.0,0,0,954347.2,59430681,2017.2237730670765,0.45454545454545453,0.5454545454545454,0.09090909090909091,25685659.090909094,-13.505882352941157,-13.694117647058802,-3.566527331813895,-3.9794193620844576,63.47061299267182,33.714488440025434,1.0,0.75,573686.8,12236.0,1.942876015421069,0.0973442761630428,1.8069843901611418,0.1,0.0
2022-04-28,,,,1886.2,1967.0,2013.0,2029.0666666666666,1973.41720923344,67.14285714285714,33.5249042145594,-32.0912950869083,-7.019027061305055,-25.07226802560325,2192.5936934773044,1833.4063065226953,2013.0,359.1873869546091,-78.41269841269842,20.35868429867652,27.187752941345703,6.700547013338145,-98.5549272028019,13.829787234042556,32.765957446808514,29.665610535039697,11.3455622967631,1800.0,2125.0,1834.0,0,0,975619.5,60538808,2006.192670896116,0.9444444444444444,0.05555555555555555,0.4166666666666667,15390652.777777778,-12.0941176470588,-13.694117647058802,-3.18253606931528,-3.9794193620844576,61.66362269683304,33.422239973964125,1.0,0.7,581826.9,-21250.0,-3.3098451148243724,0.08526140543942519,1.8870790126233032,-0.2,0.0
2022-04-29,,,,1859.4,1956.0,2000.85,2024.85,1964.7108083540647,67.71428571428571,36.137667304015295,-35.090479985778984,-12.633317646199842,-22.457162339579142,2181.416681078673,1820.2833189213268,2000.85,361.133362157346,-73.96825396825396,22.24970487636636,25.541736919685924,15.66564078972722,-78.09521801712832,14.767932489451479,31.645569620253166,30.141076491677204,17.67679086692101,1800.0,2120.0,1834.0,0,0,977163.55,61474482,1995.1031197728707,0.9508196721311475,0.04918032786885246,0.22950819672131148,15338918.032786885,-11.22641509433958,-13.694117647058802,-3.9933571195628934,-3.9794193620844576,60.940330049620066,33.422239973964125,1.0,0.65,586222.75,-35552.0,-5.727043980579083,0.07752008932395288,1.9333166189306723,-0.1,-1.0
2022-05-05,,,,1861.4,1941.4,1989.55,2019.3,1957.1193027965346,66.5,30.125523012552307,-36.80106097508474,-17.466866311976823,-19.334194663107915,2169.377373362633,1809.7226266373666,1989.55,359.6547467252665,-73.01587301587301,23.827845578953234,24.97043980610836,21.542657124642986,-58.39807746838175,14.930182599355533,32.223415682062296,29.348473566259397,3.7226016202982577,1800.0,2120.0,1834.0,0,0,965084.3,62233213,1984.4678303404858,0.421875,0.578125,0.046875,11855171.875,-11.08490566037733,-13.694117647058802,-3.702189343623614,-3.9794193620844576,60.74378045652732,32.60592689164118,1.0,0.6,592161.45,38469.0,6.573402913766069,0.07072521030080389,1.7332023414049722,0.0,0.0
2022-05-06,,,,1865.6,1918.8,1976.3,2012.8833333333334,1947.3936549111504,66.07142857142857,31.858407079646028,-40.11503683878482,-21.996500417338424,-18.118536421446393,2154.702383746107,1797.897616253893,1976.3,356.80476749221407,-82.53968253968254,22.16376919875421,24.034882936990307,18.421541722282015,-64.78973514206044,15.027027027027028,34.270270270270274,28.611249605068867,9.418100156951091,2115.0,2081.0,1834.0,0,0,955739.7,61393238,1972.635412358267,0.2413793103448276,0.7586206896551724,0.5172413793103449,14482327.586206896,-10.86016338298893,-13.694117647058802,-4.396186902339441,-3.9794193620844576,60.171790235081374,31.68338614609159,1.0,0.55,598882.85,14684.0,2.35437099461111,0.06268398005236973,1.5353101013478974,0.0,0.0
2022-05-09,,,,1863.0,1894.7,1965.6,2004.25,1935.7371163481837,66.92857142857143,29.729729729729726,-44.64746765121345,-26.526693864113433,-18.120773787100013,2153.581410055072,1777.618589944928,1965.6,375.96282011014387,-92.06349206349206,17.885298868821216,21.985021580933942,9.685853444595764,-74.05393508961762,14.834578441835646,36.28601921024546,28.40125214755195,3.713900617705858,2115.0,2081.0,1825.0,0,1,959135.65,60440152,1961.2321095908937,0.3018867924528302,0.6981132075471698,0.5660377358490566,17982754.71698113,-12.301777991350294,-13.694117647058802,-3.820510104984398,-2.9135578026391267,59.640083514601955,30.811746532009533,1.0,0.5,603666.9,26232.0,4.109183473663602,0.06553935794732597,1.4700575979224264,-0.4,0.0
2022-05-10,,,,1847.6,1866.9,1954.45,1995.3666666666666,1921.9526290769281,70.5,29.36344969199179,-50.40196509512498,-31.301748110315742,-19.100216984809236,2156.2873237613276,1752.6126762386723,1954.45,403.6746475226553,-82.86445012787723,19.245936950798843,21.07199337088891,15.593824110618705,-87.3779064374206,14.08308004052685,40.62816616008105,30.6017769230086,2.1800953847542806,2115.0,2081.0,1791.0,0,1,986709.85,58872981,1944.1361339404891,0.6320754716981132,0.36792452830188677,0.32075471698113206,14784632.075471697,-13.935607880826495,-13.935607880826495,-4.022588134018029,-2.9135578026391267,59.37767154817007,30.04636435598779,1.0,0.45,606578.35,-53923.0,-8.113516709875157,0.06214424428810427,1.62629401089205,-0.2,0.0
2022-05-11,,,,1834.2,1846.8,1943.2,1987.7166666666667,1911.766664402935,69.28571428571429,27.11864406779661,-52.42156320536765,-35.525711129326126,-16.89585207604152,2149.9814508630543,1736.418549136946,1943.2,413.5629017261083,-76.72634271099744,28.150489953731213,23.431492231836344,37.588485397520955,-66.62211534611065,12.886597938144329,41.340206185567006,34.10512159125769,0.0,1724.0,2081.0,1791.0,0,0,991388.5,59674721,1935.5957309369637,0.74,0.26,0.48,16034800.0,-12.782316194137422,-13.935607880826495,-4.001053690213656,-2.9135578026391267,58.89838394930926,29.656473722182138,1.0,0.4,611232.7,14003.0,2.29300260036287,0.054740424999815636,1.5632121594584065,0.1,0.0
2022-05-12,,,,1811.6,1836.5,1930.45,1977.9333333333334,1898.4555535074176,68.78571428571429,16.77419354838709,-56.83667211561033,-39.78790332658297,-17.048768789027356,2146.7046987624058,1714.195301237594,1930.45,432.5093975248117,-87.7237851662404,26.847801383295558,24.570261948989415,31.40288025190784,-69.65762992495885,8.722741433021806,43.613707165109034,38.202075688211785,0.0,2115.0,2081.0,1772.0,0,1,1008250.8,58671409,1925.1327334759696,0.22413793103448276,0.7758620689655172,0.7413793103448276,17298482.758620687,-14.848630466122037,-14.848630466122037,-4.545762982029421,-2.9135578026391267,58.375617172479565,29.259326247548525,1.0,0.35,617526.7,32208.0,5.155862055717497,0.047180914641317656,1.6253797064139264,-0.3,0.0
2022-05-13,,,,1796.2,1830.9,1915.6,1971.4166666666667,1886.9835960305206,67.07142857142857,18.421052631578945,-59.169459186420454,-43.66421449855047,-15.505244687869983,2130.8476175061687,1700.3523824938313,1915.6,430.4952350123374,-85.32608695652173,26.989443346439465,25.376655748139434,30.215018543039534,-65.797613229011,6.3897763578274756,45.260915867944625,42.1656678380902,6.246843115466229,1724.0,2081.0,1772.0,0,0,1001274.95,59495584,1912.7523179156067,0.6153846153846154,0.38461538461538464,0.15384615384615385,21132692.307692308,-14.560307544449758,-14.848630466122037,-5.503005006233123,-2.9135578026391267,58.375617172479565,28.741356191830544,1.0,0.3,622837.1,-5768.0,-0.8780703156516689,0.039365411754071,1.6153727169720906,-0.2,0.0
2022-05-16,,,,1792.6,1827.8,1905.0,1964.15,1879.3661106942805,68.42857142857143,22.82157676348548,-58.009455219831125,-46.533262642806605,-11.47619257702452,2119.687042729099,1690.312957270901,1905.0,429.3740854581981,-75.87209302325581,31.966026204023613,27.573112566767495,40.75185347853584,-52.11253840805207,8.559498956158663,44.363256784968684,46.84603929423907,26.759033469031287,1724.0,2081.0,1772.0,0,0,1006666.7,60361317,1902.9508941738115,0.8620689655172413,0.13793103448275862,0.5,14926431.034482758,-13.166746756367099,-14.848630466122037,-3.8878673122293628,-2.7832451552394715,58.194389547344805,28.201240682634772,1.0,0.25,628056.85,16315.0,2.505655578711985,0.03521020932256047,1.5879790082277248,0.2,0.0
2022-05-17,,,,1792.6,1820.1,1893.55,1957.7,1870.9502906281587,67.0,24.719101123595507,-57.7158970668645,-48.76978952761819,-8.946107539246313,2106.8345640526622,1680.2654359473377,1893.55,426.5691281053246,-78.0327868852459,32.590145415477025,29.245456849670674,39.27952254708973,-44.39244693648037,9.488272921108742,41.04477611940298,49.91633716107079,41.0303836774078,2029.0,2081.0,1772.0,0,0,999776.75,59652519,1894.2068987401437,0.1388888888888889,0.8611111111111112,0.4444444444444444,19688833.333333332,-13.935607880826495,-14.848630466122037,-4.23661346207888,-2.7832451552394715,58.194389547344805,27.633702680489957,1.0,0.2,632599.35,10186.0,1.5261251164895295,0.03559245214425942,1.2839277030443568,-0.1,0.0
2022-05-18,,,,1782.8,1808.5,1882.25,1950.7666666666667,1860.9550248540484,59.07142857142857,33.434650455927056,-58.822472336569945,-50.78032608940854,-8.042146247161405,2097.5107965382736,1666.9892034617264,1882.25,430.5215930765471,-78.78787878787878,29.726763610318017,29.405892436553124,30.368505957847802,-49.643177776104835,10.76178960096735,32.889963724304714,50.51525348020873,86.04064083644818,2029.0,2081.0,1766.0,0,1,996177.9,58892239,1885.20366437561,0.11627906976744186,0.8837209302325582,0.5813953488372093,17680930.232558142,-15.136953387794305,-15.136953387794305,-4.239807053797802,-2.7832451552394715,58.194389547344805,27.633702680489957,1.0,0.2,635466.05,12902.0,1.9039945220681531,0.040882150299369736,1.247444228944996,-0.5,0.0
2022-05-19,,,,1790.2,1800.9,1871.15,1946.3333333333333,1856.0069272489009,57.714285714285715,46.22356495468278,-55.5889062676888,-51.7420421250646,-3.8468641426241987,2076.794839468381,1665.5051605316194,1871.15,411.28967893676145,-57.07070707070707,40.34924337306225,33.05367608205617,54.94037795507441,-40.430739782053514,11.757425742574258,26.98019801980198,49.93873230506639,100.0,1724.0,2081.0,1766.0,0,0,999449.9,59765252,1875.444009983225,0.9848484848484849,0.015151515151515152,0.6515151515151515,13227469.696969695,-13.07063911580969,-15.136953387794305,-4.00574947519308,-2.7832451552394715,58.194389547344805,27.633702680489957,1.0,0.15,639122.35,-11781.0,-1.7060808364589564,0.041766787443911955,1.1992149657749724,-0.4,0.0
2022-05-20,,,,1797.8,1797.0,1857.9,1942.3833333333334,1852.1967437013866,58.0,46.706586826347305,-51.86358919072836,-51.766351538197355,-0.0972376525310068,2039.3385788489118,1676.4614211510884,1857.9,362.87715769782335,-53.535353535353536,53.11032179286771,39.73922465232668,79.85251607394977,-22.84872456257857,15.517241379310345,26.84729064039409,48.88735883452106,100.00000000000001,1724.0,2069.0,1766.0,0,0,1002841.3,60844877,1862.6672392065755,0.4791666666666667,0.5208333333333334,0.14583333333333334,22492187.5,-12.22812953117447,-15.136953387794305,-4.991596496478393,-2.7832451552394715,58.194389547344805,27.633702680489957,1.0,0.1,643409.8,21275.0,3.13444292367282,0.04547098418246839,1.2545152972531317,-0.1,0.0
2022-05-23,,,,1790.6,1791.6,1843.15,1937.6833333333334,1844.4637204917308,57.214285714285715,36.10315186246418,-51.94359901144935,-51.801801032847756,-0.14179797860159482,1999.6004629855622,1686.699537014438,1843.15,312.90092597112425,-76.26262626262626,44.68523171070906,41.387893671787474,51.27990778855225,-34.622356930520326,14.481897627965045,28.08988764044944,48.26775454721902,64.5753853846006,1922.0,2069.0,1766.0,0,0,989426.3,59841117,1845.1266799423734,0.04918032786885246,0.9508196721311475,0.7377049180327869,16455081.967213115,-14.403093281778634,-15.136953387794305,-5.55410455994626,-2.7832451552394715,58.194389547344805,27.633702680489957,1.0,0.05,650427.1,59962.0,8.565706318640508,0.05933912629659459,1.2592493349990859,-0.5,0.0
2022-05-24,,,,1782.6,1787.6,1827.25,1933.45,1835.5624137782327,55.5,31.549295774647888,-53.009776517581486,-52.04339612979451,-0.9663803877869768,1947.5056487347147,1706.9943512652853,1827.25,240.51129746942934,-86.36363636363636,32.19565275559299,38.32381336638932,19.93933153400033,-55.21877676985705,13.256113256113256,31.91763191763192,48.62110490056937,49.36157990794536,1922.0,2016.0,1751.0,0,1,987558.85,59010931,1831.5848730770153,0.16216216216216217,0.8378378378378378,0.5405405405405406,22437459.45945946,-13.144841269841256,-15.136953387794305,-6.0545521525688555,-2.7832451552394715,58.194389547344805,27.633702680489957,1.0,0.0,659211.45,42261.0,5.5607603297955555,0.07722444528858563,1.2570147836221177,-0.5,0.0
2022-05-25,,,,1784.6,1783.7,1815.25,1929.3333333333333,1829.8898029422105,53.07142857142857,35.54376657824933,-51.24669876292637,-51.88405665642088,0.6373578934945101,1898.3627958985896,1732.1372041014104,1815.25,166.22559179717928,-70.28571428571429,32.460332077611824,36.36931960346349,24.642357025908495,-53.57371784941456,8.882907133243608,33.37819650067295,50.141642311883444,62.70655625683842,1724.0,1885.0,1751.0,0,0,985889.4,59842433,1820.1541884414214,0.8333333333333334,0.16666666666666666,0.8333333333333334,27716733.333333332,-5.782493368700258,-15.136953387794305,-4.531823717163393,-2.703777270820227,58.194389547344805,27.633702680489957,1.0,0.0,666457.0,-24943.0,-3.1091421968545863,0.08530844327198084,1.2507580328427725,-0.4,0.0
2022-05-26,,,,1775.0,1782.6,1809.55,1925.85,1823.3288693286668,51.857142857142854,37.01657458563536,-50.47794327124029,-51.60283397938477,1.124890708144477,1891.0296713424923,1728.0703286575076,1809.55,162.95934268498468,-73.18840579710145,29.33252907738224,34.0237227614364,19.950141709273908,-65.37848635305878,9.090909090909092,33.7465564738292,51.464583910252365,67.62700479467881,1862.0,1885.0,1751.0,0,0,964488.9,58879539,1809.428768836358,0.5853658536585366,0.4146341463414634,0.36585365853658536,23485219.51219512,-6.578249336870012,-15.136953387794305,-3.1502695217638736,-2.3745873836482523,58.194389547344805,27.633702680489957,0.0,0.0,674536.8,11648.0,1.4985128083735644,0.09226069103790502,1.2376106984931283,-0.5,0.0
2022-05-27,,,,1761.4,1779.6,1805.25,1923.4666666666667,1816.1546912973652,50.285714285714285,38.84057971014493,-50.33743178036093,-51.34975353958001,1.012321759219077,1890.2958080898727,1720.2041919101273,1805.25,170.09161617974542,-79.48717948717949,23.080660410562523,30.37603531114511,8.489910609397342,-59.963073352860114,9.375,30.255681818181817,52.230708933903145,73.72075449110758,1862.0,1885.0,1748.0,0,1,933590.1,58045688,1804.5586649322868,0.03225806451612903,0.967741935483871,0.41935483870967744,26898419.354838707,-7.267904509283807,-15.136953387794305,-2.4953163426665856,-2.3745873836482523,58.194389547344805,28.201240682634772,0.0,0.0,684213.45,34369.0,4.356285299992901,0.10161704990501684,1.1317149213886772,-0.9,0.0
2022-05-30,,,,1759.6,1775.1,1801.45,1921.2166666666667,1810.9971016499971,47.785714285714285,45.53846153846154,-48.53688936693288,-50.78718070505059,2.250291338117705,1887.1237385297234,1715.7762614702767,1801.45,171.34747705944665,-71.81818181818181,24.78104633431441,28.511038985534878,17.321061031873477,-45.75635922744364,13.45291479820628,21.524663677130047,50.413452116646326,96.09745442992732,1731.0,1885.0,1748.0,0,0,940454.9,59313153,1799.8034940325156,0.43661971830985913,0.5633802816901409,0.19718309859154928,17851619.71830986,-6.525198938992038,-15.136953387794305,-2.156409793059344,-2.3745873836482523,58.194389547344805,28.741356191830544,0.0,0.0,695805.55,50545.0,6.139160789048259,0.11579839338409545,1.1576449192927423,-0.5,0.0
2022-05-31,,,,1764.4,1773.5,1796.8,1918.5833333333333,1807.5688062547592,46.57142857142857,43.63057324840764,-45.53604400750146,-49.736953365540764,4.200909358039304,1877.197957554421,1716.402042445579,1796.8,160.7959151088421,-60.0,29.85403088954294,28.958702953537568,31.644686761553686,-41.76598298793123,13.803680981595093,22.08588957055215,48.31384070144556,89.72346264004024,1731.0,1885.0,1748.0,0,0,934594.25,60304067,1795.1625538034286,0.9696969696969697,0.030303030303030304,0.3939393939393939,30027696.96969697,-5.835543766578244,-15.136953387794305,-2.721301663730656,-2.3745873836482523,58.194389547344805,29.259326247548525,0.0,0.0,711179.05,54378.0,6.222693181792183,0.13183419101082233,1.164182647942199,-0.1,0.0
2022-06-01,,,,1765.2,1774.9,1791.7,1916.1666666666667,1804.943205659068,45.785714285714285,51.44927536231884,-42.26716466313178,-48.24299562505897,5.975830961927187,1861.5964647850574,1721.8035352149427,1791.7,139.79292957011467,-55.45454545454545,34.75117210818014,30.889526005085095,42.47446431437024,-18.263851727501486,18.25273010920437,19.50078003120125,43.788063448395576,100.0,1731.0,1885.0,1748.0,0,0,945308.1,61454018,1790.8297321441198,0.5106382978723404,0.48936170212765956,0.10638297872340426,24467042.553191487,-5.570291777188318,-15.136953387794305,-3.0088850359203305,-2.3745873836482523,58.194389547344805,29.656473722182138,0.0,0.0,729941.4,32225.0,3.4716087580420663,0.1427388320705425,1.1896936654965455,0.2,0.0
2022-06-02,,,,1769.0,1772.0,1786.45,1914.0,1802.5676622629662,45.285714285714285,50.370370370370374,-39.22439976753594,-46.43927645355436,7.214876686018421,1840.9079992671923,1731.9920007328078,1786.45,108.91599853438447,-55.45454545454545,39.83411473878677,33.87105558298565,51.760233050389004,-23.63095265337516,18.454258675078865,19.085173501577287,38.53255918483449,96.2312548868583,1841.0,1855.0,1748.0,0,0,954570.1,61454018,1786.122598329866,0.78125,0.21875,0.0,29499093.75,-4.043126684636111,-15.136953387794305,-3.1027163910722737,-2.3745873836482523,58.194389547344805,30.04636435598779,0.0,0.0,746912.15,2637.0,0.2745533692394053,0.15159010208974372,1.1416256191461482,0.4,0.0
2022-06-06,,,,1779.2,1770.3,1783.65,1911.7166666666667,1802.2278849045883,44.857142857142854,48.46153846153846,-34.87779593460459,-44.12698034976441,9.249184415159817,1828.1082595484825,1739.1917404515177,1783.65,88.91651909696475,-38.18181818181818,53.222743159191175,40.32161810838749,79.02499326079855,24.81419485942658,19.745222929936308,19.26751592356688,33.78767560164635,88.82260596546308,1731.0,1825.0,1748.0,0,0,967524.35,62553078,1783.0892706214577,0.6730769230769231,0.3269230769230769,0.36538461538461536,21135769.230769232,-1.424657534246554,-15.136953387794305,-1.6174612542189575,-2.3745873836482523,58.194389547344805,30.811746532009533,0.0,0.05,765396.3,44952.0,4.667399019422569,0.16228889831608637,1.157122599599051,0.8,0.0
2022-06-07,,,,1792.8,1776.2,1783.9,1909.35,1804.8728482470085,45.5,57.090909090909086,-28.601934858266304,-41.02197125146479,12.420036393198487,1829.3817487972833,1738.4182512027169,1783.9,90.96349759456643,-10.0,65.75705813059228,48.80009811578908,99.6709781601987,104.90292579992247,22.13500784929356,18.99529042386185,29.872413487524444,100.00000000000001,1731.0,1830.0,1748.0,1,0,984417.45,63844026,1783.251055687808,0.7777777777777778,0.2222222222222222,0.6888888888888889,28687733.333333332,0.0,-15.136953387794305,0.26009417634386794,-2.3745873836482523,58.194389547344805,31.43609710209308,0.0,0.1,783239.55,13414.0,1.3306774014987255,0.17134591357188428,1.1198026554605884,0.8,0.0
2022-06-08,,,,1806.2,1785.3,1786.45,1907.7666666666667,1808.4087674615791,45.285714285714285,64.50381679389312,-22.40173675163919,-37.297924351499674,14.896187599860482,1838.8069730938864,1734.0930269061137,1786.45,104.71394618777276,-12.598425196850394,72.97189702144472,56.85736441767429,105.20096222898559,119.5593129335665,25.078864353312305,15.141955835962145,28.016225028761433,100.0,1731.0,1842.0,1748.0,1,0,962632.75,64975503,1786.6759763436958,0.6,0.4,0.3,28286925.0,0.0,-15.136953387794305,1.744297943850174,-2.3745873836482523,58.375617172479565,31.7965848186464,0.0,0.15,803759.75,-384.0,-0.037592807242881054,0.17139556655273125,1.1279215789450117,0.5,0.0
2022-06-09,,,,1807.0,1786.1,1784.9,1906.2,1806.0841229414289,46.0,45.48736462093862,-21.91552186181343,-34.22144385356243,12.305921991748995,1835.5043476390615,1734.2956523609387,1784.9,101.20869527812283,-58.267716535433074,62.55869250248546,58.757807112611346,70.16046328223368,47.058718056407265,23.75776397515528,18.16770186335404,26.161668509668175,42.2948609635412,1858.0,1842.0,1748.0,0,0,997064.05,63485137,1787.3529069003473,0.05263157894736842,0.9473684210526315,0.7631578947368421,19610078.94736842,-3.148751357220414,-15.136953387794305,-0.7884480872134192,-2.511512457728867,58.375617172479565,32.78094782519562,0.0,0.15,825687.85,42161.0,4.129027077000225,0.17267618775414406,1.1688072960809475,0.1,0.0
2022-06-10,,,,1803.8,1786.4,1784.5,1902.1833333333334,1802.0761112327214,45.214285714285715,41.03448275862069,-22.880276328624404,-31.953210348574824,9.07293401995042,1835.6571366629712,1733.3428633370288,1784.5,102.3142733259424,-74.01574803149606,50.36721232449162,55.9609421832381,39.17975260699865,-30.6303150649608,19.27330173775671,22.274881516587676,24.76739340640023,28.782657707067,1858.0,1842.0,1748.0,0,0,1002937.5,62364356,1786.6735890820714,0.21621621621621623,0.7837837837837838,0.5405405405405406,30291378.37837838,-4.234527687296419,-15.136953387794305,-0.14092702819433914,-2.511512457728867,58.375617172479565,32.78094782519562,0.0,0.15,846673.0,13349.0,1.2554914229874647,0.17389965687274192,1.1809887900524119,-0.1,0.0
2022-06-13,,,,1796.6,1787.9,1783.75,1898.1666666666667,1798.354576829605,42.57142857142857,48.3739837398374,-23.45516628035807,-30.253601534931477,6.7984352545734055,1835.7413960490853,1731.7586039509147,1783.75,103.98279209817065,-74.80314960629921,39.37524299893644,50.432375788470885,17.260977419867558,-46.045793164712926,20.46979865771812,20.302013422818792,22.513587209941708,51.05426340550967,1858.0,1842.0,1748.0,0,0,1000478.4,61589363,1786.237508425969,0.5,0.5,0.041666666666666664,32291375.0,-4.2888165038002075,-15.136953387794305,-0.3597579383209781,-2.511512457728867,58.375617172479565,32.78094782519562,0.0,0.15,868864.75,18364.0,1.7057434622765433,0.17222481698649833,1.1044900218728688,-0.5,0.0
2022-06-14,,,,1768.0,1780.4,1777.75,1894.5666666666666,1787.7493790363094,46.57142857142857,39.40397350993378,-29.700961356156768,-30.143073499176538,0.4421121430197701,1844.1455451896247,1711.3544548103753,1777.75,132.79109037924945,-93.95604395604396,28.264814013942978,43.04318853029491,-1.2919350187608956,-122.95882278553321,18.71165644171779,26.533742331288344,20.797701087275925,13.329420712120237,1858.0,1842.0,1687.0,0,1,1035997.45,60013249,1780.2064716793784,0.11827956989247312,0.8817204301075269,0.8172043010752689,16947462.365591396,-8.414766558089026,-15.136953387794305,-3.1355578316056674,-3.2068554796600175,58.375617172479565,32.78094782519562,1.0,0.15,891858.0,32345.0,2.9539837912183176,0.17084222031020924,1.1313523612655672,-0.9,0.0
2022-06-15,,,,1737.4,1771.8,1772.65,1891.3,1778.3446762709466,46.785714285714285,34.40860215053765,-34.09637389296586,-30.933733577934404,-3.162640315031453,1849.5922886938547,1695.7077113061455,1772.65,153.88457738770921,-90.37433155080214,22.051765492361273,36.046047517650365,-5.936798558216907,-125.32719679498311,18.62595419847328,27.175572519083968,17.990907032074226,0.0,1671.0,1842.0,1687.0,0,0,1053973.0,61081558,1774.8790889646446,0.5454545454545454,0.45454545454545453,0.06060606060606061,32373000.0,-8.306188925081425,-15.136953387794305,-2.662015082139609,-3.2068554796600175,58.375617172479565,32.78094782519562,1.0,0.15,912982.35,-27192.0,-2.412120212151614,0.16470935459826894,1.1039482180221114,-0.9,0.0
2022-06-16,,,,1718.0,1762.5,1768.7,1887.2833333333333,1769.6451832927612,45.857142857142854,36.090225563909776,-37.311054668039105,-32.20919779595535,-5.101856872083758,1854.662292834989,1682.737707165011,1768.7,171.92458566997811,-91.44385026737967,17.553226905780956,29.881773980360563,-7.103867243378261,-99.72657515790819,19.781931464174455,25.54517133956386,14.78794321320561,5.587677088534751,1858.0,1842.0,1687.0,0,0,1055899.5,60282748,1771.680353606885,0.21428571428571427,0.7857142857142857,0.07142857142857142,28528928.57142857,-8.414766558089026,-14.403093281778634,-2.079329436921028,-3.2068554796600175,58.375617172479565,32.78094782519562,1.0,0.15,933237.8,-4476.0,-0.40686655486017465,0.1565061487077276,0.9694226372649105,-0.6,0.0
2022-06-17,,,,1705.6,1754.7,1763.35,1883.6833333333334,1763.2027848839268,47.0,41.417910447761194,-38.207900806138696,-33.40893839799202,-4.798962408146679,1852.0274759271865,1674.6725240728133,1763.35,177.3549518543732,-78.78787878787878,18.77285834122771,26.178802100649612,3.9609708223839064,-88.53748248003731,19.300911854103344,28.115501519756837,12.352341180829384,23.29044128871527,1660.0,1842.0,1687.0,0,0,1072624.5,61490261,1766.4134194523187,0.8936170212765957,0.10638297872340426,0.3191489361702128,25691765.95744681,-7.600434310532023,-14.403093281778634,-3.0030502898651044,-3.2068554796600175,58.375617172479565,32.78094782519562,1.0,0.15,951782.65,-45993.0,-4.1978242833634045,0.1420347474466234,0.9912947914029673,-0.5,-1.0
2022-06-20,,,,1695.6,1746.1,1758.2,1880.3,1758.4215672759337,44.5,40.75471698113208,-37.59764748634598,-34.24668021566281,-3.3509672706831637,1845.9618787879774,1670.4381212120227,1758.2,175.52375757595473,-73.23232323232324,21.437797816710727,24.59846733933665,15.11645877145888,-54.86420530028806,20.545746388443018,27.12680577849117,11.690040518528722,21.086790394417566,1660.0,1842.0,1687.0,0,0,1086085.1,62839098,1760.6403251611378,0.4722222222222222,0.5277777777777778,0.3055555555555556,37467694.44444445,-7.003257328990231,-14.403093281778634,-2.8570317373607232,-3.2068554796600175,58.375617172479565,32.78094782519562,1.0,0.15,967125.8,-42759.0,-4.07365911936024,0.12600878720402103,1.1176608657486606,-0.4,-1.0
2022-06-21,,,,1688.8,1728.4,1752.3,1876.9,1748.381418011559,48.57142857142857,30.448717948717942,-41.47739035560994,-35.692822243652245,-5.784568111957697,1851.552150977491,1653.047849022509,1752.3,198.5043019549821,-87.23404255319149,18.583710704702717,22.59354846112534,10.56403519185747,-96.56228450831551,18.823529411764707,35.588235294117645,12.242461070949275,0.0,1858.0,1842.0,1653.0,0,1,1131151.5,60934010,1751.1449434344854,0.3333333333333333,0.6666666666666666,0.6666666666666666,21167644.444444448,-10.260586319218245,-13.144841269841256,-3.1941883640169046,-3.543037312016914,58.375617172479565,31.7965848186464,1.0,0.15,978094.1,-27535.0,-2.7346663528280746,0.11419020919754787,1.2270869574581915,-0.1,-1.0
2022-06-22,,,,1675.4,1706.4,1745.85,1872.9166666666667,1736.3450924866484,49.0,26.62721893491124,-46.517332599556084,-37.857724314833014,-8.65960828472307,1860.9577755843382,1630.7422244156617,1745.85,230.21555116867648,-97.11934156378601,13.700001893022787,19.62903293842449,1.841939802219379,-104.29345835920122,14.723032069970845,36.44314868804665,15.038486594247527,0.0,1858.0,1842.0,1622.0,0,1,1140897.9,59908896,1745.6291258402703,0.1320754716981132,0.8679245283018868,0.5849056603773585,19341773.584905658,-11.943539630836053,-11.943539630836053,-3.4961068263933504,-3.543037312016914,58.375617172479565,31.43609710209308,1.0,0.15,987803.3,17079.0,1.743908216861767,0.10503738079094554,1.2386264092940062,-0.2,-1.0
2022-06-23,,,,1669.4,1693.7,1739.9,1868.8833333333334,1728.7884170117295,50.714285714285715,33.51206434316353,-47.14387045336525,-39.71495354253946,-7.428916910825791,1860.6117488721118,1619.1882511278884,1739.9,241.42349774422337,-80.4,18.91377371710501,19.390613197984663,17.9600947553457,-84.00398759205044,14.225352112676056,36.05633802816901,18.019679071238322,18.177042811197598,1608.0,1842.0,1622.0,0,0,1158743.95,61097319,1739.515742915709,0.875,0.125,0.625,21221839.285714287,-10.043431053203044,-11.943539630836053,-3.060906203120178,-3.543037312016914,58.375617172479565,31.43609710209308,1.0,0.15,995529.1,-64611.0,-6.484242260628181,0.09280205980201581,1.3478857906063006,-0.4,0.0
2022-06-24,,,,1657.6,1681.6,1734.0,1863.35,1720.618091582041,49.5,28.804347826086953,-48.214304721126155,-41.4148237782568,-6.7994809428693515,1861.701955637564,1606.298044362436,1734.0,255.40391127512794,-86.0,19.855559289664207,19.54559522854451,20.4754874119036,-70.88793008220426,10.966810966810968,36.94083694083694,21.80484890509269,5.747952599336844,1858.0,1842.0,1622.0,0,0,1152460.6,60260092,1735.3915342239611,0.2857142857142857,0.7142857142857143,0.4,23920771.42857143,-10.80347448425626,-11.943539630836053,-3.0610386976790216,-3.543037312016914,58.375617172479565,30.876385519242657,1.0,0.15,1001688.6,-19678.0,-2.111781245304889,0.0811980788807753,1.3013795740851197,-0.2,-1.0
2022-06-27,,,,1644.0,1669.8,1728.85,1856.0166666666667,1713.4163685742276,48.5,22.713864306784657,-48.34396912212242,-42.80065284702993,-5.5433162750924865,1862.3506800691346,1595.3493199308652,1728.85,267.0013601382693,-85.2,23.183276085582587,20.75815551422387,28.03351722830002,-63.18723260935074,7.658321060382916,37.70250368188512,25.990575937057454,0.0,1608.0,1842.0,1622.0,0,0,1154145.45,61127640,1731.327396256685,0.3225806451612903,0.6774193548387096,0.06451612903225806,27985419.354838707,-10.694896851248636,-11.943539630836053,-2.6644149820604768,-3.543037312016914,58.29767875496347,30.384078961484814,1.0,0.15,1006866.55,14738.0,1.6157571956997963,0.07166923099788276,1.2206548341289083,0.1,-1.0
2022-06-28,,,,1644.6,1666.7,1723.55,1849.35,1707.9481429957298,48.92857142857143,22.485207100591722,-47.017136739744956,-43.64394962557294,-3.373187114172019,1859.8954976771,1587.2045023229,1723.55,272.6909953541999,-80.64516129032258,28.358743196840003,23.29168474176258,38.49286010699484,-57.87352882304344,4.963503649635036,39.56204379562044,29.776221342760717,0.0,1608.0,1842.0,1622.0,0,0,1143759.6,62187388,1725.5704440571833,0.782608695652174,0.21739130434782608,0.2391304347826087,23038000.0,-10.097719869706834,-11.943539630836053,-2.731980524552587,-3.543037312016914,57.30770826132043,30.04636435598779,1.0,0.15,1010998.3,29621.0,3.1957750733644152,0.06554966946354826,1.0531925920461576,0.2,0.0
2022-06-29,,,,1653.0,1664.2,1718.0,1842.6,1703.762605567565,47.357142857142854,29.166666666666657,-44.803611235150356,-43.87588194748842,-0.9277292876619327,1854.5638466450773,1581.4361533549227,1718.0,273.12769329015464,-69.72972972972973,33.95959223875355,26.847653907426235,48.18346890140819,-35.777338134655885,10.708898944193061,35.14328808446456,32.63023136782338,25.808324816500917,1608.0,1842.0,1622.0,0,0,1161764.85,63538407,1720.78825073766,0.2777777777777778,0.7222222222222222,0.14814814814814814,25018870.37037037,-9.663409337676443,-11.943539630836053,-2.8616037110121755,-3.543037312016914,53.59683105565459,29.656473722182138,1.0,0.15,1012080.5,-6613.0,-0.6913740811562152,0.06423687526666597,1.13189403358964,0.3,1.0
2022-06-30,,,,1650.4,1659.9,1711.2,1834.5833333333333,1698.0709288468447,47.42857142857143,29.166666666666657,-44.15422673741773,-43.93155090547429,-0.22267583194344098,1848.3078714772657,1574.0921285227344,1711.2,274.2157429545314,-78.44311377245509,32.31714751400774,28.670818442953404,39.60980565611642,-44.061174768534684,10.692771084337348,32.68072289156626,35.7352392138008,25.808324816500917,1775.0,1842.0,1622.0,0,0,1144089.45,62741964,1715.5277631919428,0.07894736842105263,0.9210526315789473,0.5263157894736842,20959026.315789472,-10.749185667752448,-11.943539630836053,-3.5393888369711064,-3.543037312016914,51.880615158091175,29.324093086926762,1.0,0.15,1012740.65,23784.0,2.5038741409513454,0.06371468203715712,1.040414124077099,0.2,0.0
2022-07-01,,,,1645.0,1651.3,1703.0,1826.3333333333333,1690.25464990905,48.57142857142857,26.66666666666667,-45.37588587181608,-44.22041789874265,-1.1554679730734279,1842.380584617782,1563.619415382218,1703.0,278.761169235564,-92.72727272727273,25.2144897799807,27.51870888862917,20.60605156268376,-61.89085825654418,10.441176470588236,36.61764705882353,39.679059025676175,22.085908649173952,1775.0,1842.0,1616.0,0,1,1150820.15,61663379,1708.7155434467034,0.3,0.7,0.7,26964625.0,-12.269272529858855,-12.269272529858855,-4.272329879239437,-3.543037312016914,51.49340850203582,29.166666666666657,1.0,0.15,1013678.55,8192.0,0.8413510915380229,0.06303804983207364,1.076541801086,-0.1,0.0
2022-07-04,,,,1635.2,1639.6,1692.85,1817.6,1681.2780165843785,45.642857142857146,32.432432432432435,-47.41136370222125,-44.85860705943838,-2.5527566427828745,1832.360837156774,1553.3391628432257,1692.85,279.0216743135484,-90.66666666666667,20.666409164615235,25.234608980624525,11.530009532596658,-67.23793793875379,11.111111111111109,30.672926447574334,41.78822644049965,52.53991017256323,1775.0,1842.0,1596.0,0,1,1142403.7,60732648,1700.395556506572,0.2692307692307692,0.7307692307692307,0.38461538461538464,17898673.07692308,-13.35504885993486,-13.35504885993486,-5.422115342030887,-3.543037312016914,50.58615136876007,29.166666666666657,1.0,0.1,1011790.45,-11568.0,-1.1781672410843047,0.06387574427274349,1.0811890780206788,-0.2,0.0
2022-07-05,,,,1622.2,1633.4,1680.9,1810.1333333333334,1672.680110243009,45.07142857142857,31.297709923664115,-48.86467124795536,-45.65981989714178,-3.204851350813577,1811.612863297964,1550.1871367020362,1680.9,261.4257265959277,-94.0,16.256944952718698,22.24205430465592,4.2867262488442535,-67.09035387906098,11.251980982567353,30.269413629160063,43.72643072984898,46.54645805977784,1775.0,1842.0,1591.0,0,1,1112212.55,60045523,1690.1739793801105,0.12,0.88,0.2,27485000.0,-13.626492942453872,-13.626492942453872,-6.708474123180474,-3.543037312016914,49.8137703864385,29.166666666666657,1.0,0.05,1008694.05,-10752.0,-1.1081154616735533,0.06505100348060128,1.002819671577594,-0.3,0.0
2022-07-06,,,,1606.4,1629.7,1668.05,1802.9833333333333,1664.3296235531986,46.5,30.827067669172934,-49.92507264420897,-46.51287044655522,-3.412202197653748,1781.4648880971026,1554.6351119028973,1668.05,226.82977619420535,-77.77777777777777,19.587963301812465,21.357357303708103,16.04917529802119,-84.38042975227417,10.138248847926267,36.25192012288787,46.83904602243287,44.06058878975864,1775.0,1784.0,1585.0,0,1,1114075.3,58876791,1676.365969981263,0.9767441860465116,0.023255813953488372,0.13953488372093023,27179813.95348837,-11.15470852017939,-13.626492942453872,-7.344889757610747,-3.543037312016914,48.704154847321874,29.166666666666657,1.0,0.0,1001781.9,-76699.0,-7.993275972753722,0.0711524801116673,0.9831260188628544,-0.1,-1.0
2022-07-07,,,,1589.8,1620.1,1656.9,1795.0,1654.4887070243226,45.857142857142854,24.36363636363636,-52.10145467666712,-47.6305872925776,-4.470867384089516,1766.0862725127845,1547.7137274872157,1656.9,218.3725450255688,-90.47619047619048,16.80864220120831,19.841118936208172,10.743688731208586,-81.01200474090685,11.838006230529597,33.48909657320873,48.923087410597965,10.281771516188476,1775.0,1764.0,1561.0,0,1,1082341.3,58021105,1663.2561747543652,0.07894736842105263,0.9210526315789473,0.631578947368421,22518052.63157895,-11.507936507936522,-13.626492942453872,-6.925876011526512,-3.543037312016914,48.39149468417761,29.10189982728842,1.0,0.0,993403.85,12843.0,1.4547287462691738,0.07397544588147445,1.010598141834669,-0.1,-1.0
2022-07-08,,,,1574.8,1609.9,1645.75,1786.9,1643.680258736292,46.642857142857146,19.718309859154942,-54.8082901188875,-49.06612785783958,-5.742162261047916,1754.429877573755,1537.070122426245,1645.75,217.35975514751,-95.55555555555556,12.774388918452601,17.485542263622982,3.35208222811184,-91.85132275876452,7.81010719754977,36.75344563552833,52.57621168227894,0.0,1775.0,1763.0,1541.0,0,1,1067838.7,57190376,1653.2483532391175,0.1702127659574468,0.8297872340425532,0.425531914893617,17675085.10638298,-12.592172433352268,-13.626492942453872,-6.996401375888895,-3.543037312016914,47.04006620904533,28.83513554103777,1.0,0.0,984066.1,-5845.0,-0.652570984539258,0.07542319400654193,0.9776102465898757,0.2,-1.0
2022-07-11,,,,1561.6,1598.4,1634.1,1777.8166666666666,1632.8535674280738,43.57142857142857,23.829787234042556,-57.18192711642314,-50.6892877095563,-6.492639406866843,1739.7705904411582,1528.4294095588416,1634.1,211.34118088231662,-88.26530612244898,12.42782390481874,15.799636144021568,5.684199426413091,-102.0416835407245,8.360655737704919,31.639344262295086,54.53234814661213,29.806804084081257,1775.0,1713.0,1530.0,0,1,1075499.1,56262175,1643.9900190215565,0.48936170212765956,0.5106382978723404,0.23404255319148937,19748957.446808513,-10.683012259194403,-13.626492942453872,-7.3765688029146,-3.543037312016914,46.320169329015684,28.467207074428885,1.0,0.0,970858.85,-59026.0,-6.633304976271093,0.07921093217629802,1.0092084382650648,0.2,-1.0
2022-07-12,,,,1552.0,1587.1,1626.9,1769.8833333333334,1624.2960848158764,43.0,31.79723502304148,-57.35293129265301,-52.02201642617564,-5.330914866477372,1736.9275563568835,1516.8724436431166,1626.9,220.0551127137669,-81.63265306122449,15.261960122592338,15.620410803545159,14.545058760686693,-79.58483326967499,10.631229235880397,30.730897009966775,54.97122207946195,87.5680742171387,1507.0,1713.0,1530.0,0,0,1042848.8,57185283,1634.5259632396692,0.4666666666666667,0.5333333333333333,0.28888888888888886,20513511.111111112,-9.924109748978404,-13.626492942453872,-5.476822565794482,-1.9567405439136847,45.67548222170579,28.467207074428885,0.0,0.0,954711.2,-26463.0,-3.1851779633782162,0.07984250269302944,1.0955171625156477,0.0,-1.0
2022-07-13,,,,1546.8,1576.6,1620.4,1762.2,1618.077410071507,42.357142857142854,25.25252525252526,-55.55696098864337,-52.72900533866919,-2.8279556499741787,1730.3404623563601,1510.45953764364,1620.4,219.88092471272012,-73.46938775510205,22.826708208248903,18.022509938446404,32.4351047478539,-64.83085016103658,11.635750421585161,30.016863406408095,55.02209263011137,43.5280953245025,1507.0,1713.0,1530.0,0,0,1037898.8,58154592,1627.9203118197393,0.723404255319149,0.2765957446808511,0.3404255319148936,20623595.744680848,-8.990075890251026,-13.626492942453872,-4.761886360224649,-1.9567405439136847,45.497584004443205,27.028248587570623,0.0,0.0,939631.6,-5831.0,-0.7249295708108616,0.08064650010645535,1.0735277006476163,-0.2,0.0
2022-07-14,,,,1540.2,1565.0,1612.45,1754.4666666666667,1609.498609112316,43.214285714285715,23.25581395348837,-55.9896684599903,-53.381137962933416,-2.608530497056883,1725.0750883519654,1499.8249116480347,1612.45,225.25017670393072,-89.28571428571429,20.729616495787983,18.924878790893597,24.33909190557676,-69.16318732643056,10.743801652892563,30.082644628099175,54.53291788602223,27.823422921598574,1703.0,1713.0,1528.0,0,1,1039661.5,57320528,1621.8789706393218,0.14893617021276595,0.851063829787234,0.6595744680851063,17746042.553191487,-10.799766491535323,-13.626492942453872,-5.700010930560702,-2.0641627789154913,44.16596607487265,26.658777120315584,0.0,0.0,926070.25,25889.0,3.2421107469665866,0.07609914475690902,1.084801376472149,-0.2,-1.0
2022-07-15,,,,1537.6,1556.2,1603.75,1746.0833333333333,1601.736836815905,44.142857142857146,22.535211267605646,-55.69062538529056,-53.84303544740485,-1.847589937885708,1714.1080297795052,1493.3919702204948,1603.75,220.71605955901032,-89.28571428571429,20.423517915430985,19.424425165739393,22.421703414814168,-67.3029501772501,10.51779935275081,30.582524271844658,53.28899870059574,22.155688622754507,1703.0,1713.0,1528.0,0,0,1020480.25,57320528,1614.2940020805565,0.3181818181818182,0.6818181818181818,0.0,18724727.272727273,-10.799766491535323,-13.626492942453872,-6.380193931762426,-2.0641627789154913,44.00193152291384,26.352280198434045,0.0,0.0,912781.3,-40545.0,-4.918050683396169,0.07778534389244272,1.108298936222392,-0.3,0.0
2022-07-18,,,,1541.0,1551.3,1595.45,1737.1833333333334,1596.5238047381997,43.714285714285715,25.3393665158371,-53.30601186083595,-53.735630730091074,0.4296188692551226,1695.7201088900079,1495.1798911099922,1595.45,200.5402177800156,-79.59183673469387,28.596952018527023,22.4819341166686,40.82698782224387,-50.64312964272418,12.254901960784313,28.431372549019606,50.578578565723696,44.21112526079053,1507.0,1664.0,1528.0,0,0,995472.8,58169216,1604.7357072270918,0.46153846153846156,0.5384615384615384,0.48717948717948717,21761230.769230768,-7.03125,-13.626492942453872,-5.867328730696732,-2.0641627789154913,43.23591857125015,25.32199826317473,0.0,0.0,901656.55,525.0,0.06697564765452135,0.08083543125881477,1.101249831790004,-0.2,0.0
2022-07-19,,,,1531.0,1541.5,1587.45,1727.6333333333334,1586.664394763133,45.0,17.97752808988764,-55.137941300527245,-54.01609284417832,-1.1218484563489284,1693.7375444501142,1481.1624555498859,1587.45,212.57508890022837,-98.93617021276596,19.699555313938653,21.55447451575862,15.989716910298718,-74.24284104263693,6.0317460317460325,33.65079365079365,51.74361615970865,0.0,1679.0,1664.0,1493.0,0,1,956726.75,57039049,1593.6739544667969,0.027777777777777776,0.9722222222222222,0.75,15696763.888888888,-10.276442307692301,-13.626492942453872,-5.8663633420041,-2.063562781406046,41.761779338601116,25.14584042673931,1.0,0.0,895022.65,62282.0,7.940162571775344,0.07984841385867095,1.1386883071850467,-0.3,0.0
2022-07-20,,,,1513.8,1530.3,1580.0,1717.7,1575.8392143095014,44.92857142857143,17.97752808988764,-57.54030264158996,-54.72093480366065,-2.8193678379293132,1696.488987507395,1463.511012492605,1580.0,232.97797501479,-93.44262295081967,16.494381413774228,19.867776815097155,9.747590611128373,-95.03838027412598,6.041335453100159,37.20190779014309,53.26964323720632,0.0,1679.0,1664.0,1473.0,0,1,957408.55,56000299,1585.1502825169741,0.32432432432432434,0.6756756756756757,0.5405405405405406,28074324.324324325,-11.478365384615385,-13.626492942453872,-5.65032429295619,-2.063562781406046,41.111168296448795,24.648008171603678,1.0,0.0,887101.35,-8669.0,-1.0238887694673515,0.0770445541468512,1.1438230482986131,-0.1,0.0
2022-07-21,,,,1492.6,1516.4,1568.25,1707.8,1561.1878605657391,46.785714285714285,16.551724137931032,-62.835140699213525,-56.34377598277123,-6.491364716442298,1698.6176986146368,1437.8823013853632,1568.25,260.73539722927353,-95.92760180995475,12.883046728679673,17.539533452957997,3.570073280123026,-107.77100001263273,5.801526717557253,37.404580152671755,54.52106297471263,0.0,1679.0,1664.0,1422.0,0,1,945826.85,55043510,1574.0731119725208,0.13636363636363635,0.8636363636363636,0.7727272727272727,14496803.03030303,-14.54326923076923,-14.54326923076923,-8.953403615542006,-3.463737053649597,41.111168296448795,24.2568665377176,1.0,0.0,882544.45,2677.0,0.3194491679643807,0.07732871283101342,1.169103597923042,-0.1,0.0
2022-07-22,,,,1468.2,1502.9,1556.4,1699.9833333333333,1546.408064321383,45.57142857142857,16.783216783216773,-67.54380139166256,-58.58378106454949,-8.960020327113064,1700.5189567134798,1412.2810432865203,1556.4,288.2379134269595,-95.83333333333333,10.302983533405497,15.127350146440497,0.6542503073354986,-107.29621553390898,5.956112852664577,37.46081504702195,56.36011279575247,1.5184315371932093,1679.0,1664.0,1406.0,0,1,948883.45,54145151,1563.1237757563024,0.2571428571428571,0.7428571428571429,0.45714285714285713,25667400.0,-15.504807692307699,-15.504807692307699,-9.103070782150125,-3.463737053649597,41.111168296448795,23.71499257793172,1.0,0.0,877640.65,-26616.0,-3.1660009373342124,0.07921135788199694,1.179601558587329,0.0,0.0
2022-07-25,,,,1447.2,1494.1,1546.25,1693.45,1536.464439147918,47.07142857142857,26.498422712933746,-67.59139821461667,-60.38530449456293,-7.206093720053744,1692.670986416323,1399.829013583677,1546.25,292.8419728326462,-77.38693467336684,15.440084260365568,15.231594851082187,15.857063078932331,-81.07557109698062,8.801213960546283,36.2670713201821,57.44162952612415,65.24345854960605,1397.0,1664.0,1406.0,0,0,949322.35,55021477,1553.2399257393095,0.7777777777777778,0.2222222222222222,0.8,19473911.111111112,-13.341346153846157,-15.504807692307699,-6.731677592969829,-3.463737053649597,41.111168296448795,23.71499257793172,1.0,0.0,867492.45,-90150.0,-11.07404067974832,0.08809772672745549,1.2053148099912991,-0.3,-1.0
2022-07-26,,,,1438.2,1484.6,1535.85,1686.95,1528.039254467164,45.785714285714285,28.391167192429023,-66.37978434981301,-61.58420046561295,-4.795583884200056,1678.9587551110858,1392.741244888914,1535.85,286.21751022217177,-74.37185929648241,20.234909974746635,16.899366558970335,26.905996806299235,-65.29361579281819,10.45241809672387,30.26521060842434,56.89645903347707,77.65855236810071,1397.0,1664.0,1406.0,0,0,928609.05,55666959,1544.1668706725038,0.5666666666666667,0.43333333333333335,0.2,21516066.666666664,-12.98076923076924,-15.504807692307699,-6.910969965567013,-3.463737053649597,41.111168296448795,23.71499257793172,1.0,0.0,854456.4,-28136.0,-3.886638781295071,0.09648441561046994,1.1238905212812824,-0.2,-1.0
2022-07-27,,,,1434.4,1474.1,1525.35,1680.05,1520.9878968988628,44.92857142857143,32.10702341137123,-64.19541697026807,-62.10644376654398,-2.0889732037240876,1659.3983416335602,1391.3016583664396,1525.35,268.0966832671206,-68.85245901639344,24.601051094275533,19.4665947374054,34.8699638080158,-60.09995373066068,9.062003179650237,30.842607313195547,57.383269767956925,100.0,1397.0,1644.0,1406.0,0,0,885235.25,56150502,1531.7856531545333,0.8461538461538461,0.15384615384615385,0.23076923076923078,18597807.692307692,-11.55717761557179,-15.504807692307699,-6.959292148300357,-3.463737053649597,41.111168296448795,23.71499257793172,1.0,0.0,839871.7,-37586.0,-5.401994883440164,0.10729616592127177,1.0229105423225164,-0.4,0.0
2022-07-28,,,,1445.4,1469.0,1517.0,1673.3,1516.7985733846854,44.0,39.40397350993378,-59.917688488057365,-61.66869271084666,1.7510042227892981,1640.3036474466792,1393.6963525533208,1517.0,246.60729489335836,-54.285714285714285,31.995242639848406,23.6428107048864,48.70010650977241,-41.62599245125058,12.987012987012987,27.435064935064933,55.29716393076427,99.99999999999999,1397.0,1616.0,1406.0,0,0,873359.85,56709437,1524.15229071957,0.8823529411764706,0.11764705882352941,0.6764705882352942,16439264.705882354,-8.601485148514875,-15.504807692307699,-5.237443119906274,-3.463737053649597,41.111168296448795,23.71499257793172,1.0,0.0,822649.1,-28974.0,-4.402045597498605,0.11660578549498463,0.9729480871218861,-0.3,1.0
2022-07-29,,,,1463.0,1465.6,1510.9,1666.7833333333333,1514.627280681382,45.92857142857143,44.15584415584415,-54.52724379700294,-60.24040292807793,5.713159131074988,1625.3338926605416,1396.4661073394586,1510.9,228.86778532108292,-44.57142857142857,40.80807340648528,29.364564938752693,63.69509034195045,-15.508159315556943,20.684292379471227,22.239502332814926,51.39905443750153,100.0,1397.0,1596.0,1406.0,0,0,879946.45,57919754,1516.2602643982864,0.4594594594594595,0.5405405405405406,0.22972972972972974,16355635.135135135,-6.390977443609048,-15.504807692307699,-3.766853215530249,-3.463737053649597,41.86044300789049,23.71499257793172,1.0,0.0,804127.25,-17793.0,-2.8277867836368875,0.12345092167343569,1.1481380570397017,-0.5,1.0
2022-08-01,,,,1469.4,1458.3,1504.8,1660.4333333333334,1510.7580158545836,46.714285714285715,39.04761904761905,-51.27800942313411,-58.44792422708917,7.169914803955059,1612.9686791907218,1396.6313208092781,1504.8,216.33735838144366,-56.0,45.94017545833812,34.88976844528116,68.04098948445204,-18.657034799642005,18.34862385321101,21.86544342507645,48.552687983090735,81.49470041098856,1572.0,1591.0,1406.0,0,0,873689.55,57114161,1510.283978941185,0.125,0.875,0.35714285714285715,14385589.285714285,-7.3538654934003915,-15.504807692307699,-3.8098397407215243,-3.463737053649597,41.86044300789049,23.71499257793172,1.0,0.0,786111.85,-1439.0,-0.23535107216396955,0.12748389415039207,1.1701650102800119,-0.3,1.0
2022-08-02,,,,1484.4,1461.3,1501.4,1655.4,1511.923919106528,47.142857142857146,44.827586206896555,-44.239116287787965,-55.60616263922893,11.367046351440962,1602.18303950865,1400.6169604913503,1501.4,201.56607901729967,-26.31578947368421,61.28371794546142,43.687751612007915,96.47565061236841,3.144406289970784,17.727272727272727,21.666666666666664,46.11486265052856,100.00000000000001,1397.0,1585.0,1406.0,0,0,880731.65,57942128,1506.7182615726367,0.9622641509433962,0.03773584905660377,0.9245283018867925,15622018.867924528,-3.91167192429025,-15.504807692307699,-1.782845229107596,-3.463737053649597,43.73562742989495,23.71499257793172,2.0,0.05,765826.85,-56144.0,-9.20411549079654,0.13611775220873049,1.2836122746884324,-0.3,1.0
2022-08-03,,,,1501.2,1467.8,1499.05,1651.1833333333334,1514.4073553820967,46.785714285714285,51.50602409638554,-37.02358330382367,-51.88964677214788,14.866063468324207,1593.62600674908,1404.4739932509199,1499.05,189.15201349816016,-17.54385964912281,70.04835854749189,52.47462059050257,105.19583446147053,37.22698975087679,22.900763358778626,21.22137404580153,43.00327745917648,100.0,1397.0,1561.0,1406.0,0,0,866436.15,58824950,1503.9200148023988,0.5238095238095238,0.47619047619047616,0.35714285714285715,21019571.42857143,-1.4734144778988156,-15.504807692307699,-1.1716105766772926,-3.463737053649597,44.290192566054635,23.71499257793172,2.0,0.1,746647.45,-54587.0,-9.856024440095046,0.1556068252648986,1.490336368649232,-0.3,1.0
2022-08-04,,,,1515.8,1480.6,1498.5,1646.7666666666667,1517.7971310599924,45.357142857142854,53.19767441860465,-29.99120181150056,-47.50995778001841,17.51875596851785,1591.6766855861088,1405.3233144138912,1498.5,186.35337117221752,-10.526315789473685,78.26623461665021,61.07182526588511,112.65505331818042,48.736696878117314,23.62204724409449,20.78740157480315,39.97214039386283,100.0,1397.0,1559.0,1406.0,0,0,856004.0,59471993,1502.0991317408175,0.7916666666666666,0.20833333333333334,0.5,26960125.0,-0.577293136626067,-15.504807692307699,-0.17454763317753247,-3.463737053649597,44.95954188970497,23.71499257793172,2.0,0.15,725750.45,-21509.0,-4.3082019881543925,0.17251329412366587,1.583548818115584,-0.3,1.0
2022-08-05,,,,1527.0,1495.0,1498.95,1643.0666666666666,1520.8640709590409,45.92857142857143,50.46153846153845,-24.139721134478123,-42.835910450910355,18.696189316432232,1593.073043769268,1404.826956230732,1498.95,188.2460875385359,-13.068181818181818,80.11176204490296,67.41847085889106,105.49834441692678,53.3296125058289,24.572317262830484,21.46189735614308,37.61483472330415,92.53359256313465,1573.0,1559.0,1406.0,0,0,848846.3,59471993,1501.6029746099696,0.5208333333333334,0.4791666666666667,0.0,14324479.166666666,-0.577293136626067,-15.504807692307699,0.3945950978074423,-3.463737053649597,45.497584004443205,24.2568665377176,2.0,0.2,703334.05,-36233.0,-7.584123847718882,0.19065592230569944,1.4991113882496252,-0.2,1.0
2022-08-08,,,,1546.2,1507.8,1500.95,1639.6,1525.5436832486562,44.642857142857146,63.230240549828174,-17.68468959396796,-37.80566627952187,20.120976685553913,1599.4492118588398,1402.4507881411603,1500.95,196.99842371767954,-12.626262626262626,81.62870025897416,72.15521399225209,100.57567279241832,69.1991396804818,28.8,16.0,34.6842224784062,100.0,1397.0,1570.0,1406.0,1,0,839649.4,60216256,1502.9872117060606,0.5370370370370371,0.46296296296296297,0.37037037037037035,13782648.148148147,0.0,-15.504807692307699,1.2803923054282853,-3.463737053649597,45.67548222170579,24.648008171603678,2.0,0.25,681765.3,-42073.0,-9.529234567341993,0.21505673901247338,1.6076286883423063,-0.4,1.0
2022-08-09,,,,1557.0,1520.7,1502.65,1635.7666666666667,1530.4442848440221,44.92857142857143,68.70503597122303,-11.867389217853543,-32.61801086718821,20.75062164933467,1605.291481303521,1400.008518696479,1502.65,205.282962607042,-9.090909090909092,83.69841278526206,76.00294692325542,99.08934450927535,69.97028837230663,28.616852146263913,11.128775834658187,32.680020797733924,100.0,1397.0,1577.0,1406.0,1,0,817453.25,60695441,1502.7333484616195,0.6341463414634146,0.36585365853658536,0.17073170731707318,11687439.024390243,0.0,-15.504807692307699,1.1051722414328513,-3.463737053649597,46.320169329015684,25.14584042673931,2.0,0.3,659184.35,-46707.0,-11.693061821240637,0.2439874694100836,1.580336325202127,-0.4,1.0
2022-08-10,,,,1563.2,1532.2,1503.15,1632.0666666666666,1534.1162577160198,42.785714285714285,81.27659574468085,-7.812610983372224,-27.656930890425013,19.84431990705279,1607.0371351134288,1399.2628648865714,1503.15,207.77427022685742,-13.131313131313131,82.71252210375496,78.23947198342194,91.65862234442102,65.73553710663275,30.05008347245409,3.672787979966611,33.04237404466891,100.0,1595.0,1577.0,1406.0,0,0,789511.7,60284963,1501.5010045871813,0.3888888888888889,0.6111111111111112,0.2222222222222222,11402166.666666666,-0.5072923272035457,-15.504807692307699,0.42028736980359105,-3.463737053649597,47.04006620904533,25.32199826317473,2.0,0.35,635156.2,-34775.0,-9.858675776432735,0.27435378011521344,1.4848767363441646,-0.2,1.0
2022-08-11,,,,1571.4,1543.6,1506.3,1629.15,1539.5337569811609,45.5,88.38174273858921,-2.791772070506795,-22.68389912644137,19.892127055934576,1616.9594586533128,1395.640541346687,1506.3,221.31891730662574,-2.127659574468085,87.43334806916997,81.30409734533794,99.69184951683405,59.61492470260901,28.728414442700156,6.279434850863423,32.43968716201247,100.0,1407.0,1591.0,1406.0,1,0,802801.45,61384822,1504.153976615264,0.958904109589041,0.0410958904109589,0.3013698630136986,15066561.643835615,0.0,-15.504807692307699,1.9834887610332588,-3.463737053649597,48.39149468417761,25.32199826317473,2.0,0.4,626987.4,343076.0,107.89910680588753,0.26899753105162666,1.5467729055113755,0.1,0.0
2022-08-12,,,,1575.4,1551.2,1508.4,1625.1666666666667,1542.435303935336,45.714285714285715,78.31858407079646,-0.5014649784268386,-18.247412296838466,17.745947318411627,1622.338857102682,1394.4611428973183,1508.4,227.87771420536365,-18.71345029239766,83.4171038409851,82.008432843887,86.23444583518133,61.413569674047665,26.718749999999996,6.25,32.52129767016326,83.22543403496842,1602.0,1591.0,1406.0,0,0,805237.5,60512213,1506.4998904464003,0.3469387755102041,0.6530612244897959,0.42857142857142855,17808346.93877551,-1.3199245757385292,-15.504807692307699,1.3528960631048381,-3.463737053649597,48.84330484330485,25.32199826317473,2.0,0.45,623079.3,44669.0,6.7574231963160925,0.2659555514325218,1.4826125848986318,-0.1,0.0
2022-08-15,,,,1567.2,1556.7,1507.5,1620.3833333333334,1541.1557511795897,47.785714285714285,65.51724137931035,-1.9720054051058469,-14.992330918491941,13.020325513386094,1620.4350069263037,1394.5649930736963,1507.5,225.87001385260737,-42.94117647058823,60.65016225057922,74.8890093127844,32.172468126168866,35.39411969959723,24.2152466367713,10.014947683109117,32.00884855057666,59.36985269294777,1602.0,1591.0,1406.0,0,0,812181.65,59524642,1506.7736529958127,0.05084745762711865,0.9491525423728814,0.6949152542372882,16738491.525423728,-3.8969201759899375,-15.504807692307699,-0.36201725084016523,-3.463737053649597,50.38860398860399,25.32199826317473,2.0,0.5,622366.95,64440.0,9.131294237677224,0.2651339390547993,1.3664248892157618,-0.2,0.0
2022-08-16,,,,1555.2,1556.1,1508.7,1616.15,1538.8552034482004,47.642857142857146,61.79775280898876,-4.058930179226536,-12.805650770638861,8.746720591412325,1621.4962298734085,1395.9037701265916,1508.7,225.59245974681698,-54.83870967741935,43.30082501293096,64.35961454616658,1.1832459464597207,10.294668540660474,24.287856071964015,12.593703148425787,30.374965962462216,46.114397214951985,1602.0,1591.0,1406.0,0,0,791909.35,58799921,1506.7290296547199,0.3333333333333333,0.6666666666666666,0.5,30196708.333333332,-4.651162790697683,-15.504807692307699,0.8825896045127039,-2.654007809358257,50.659085841694534,25.32199826317473,1.0,0.55,621500.2,59194.0,7.6860850878730735,0.2635744040124651,1.2694987574511323,-0.3,0.0
2022-08-17,,,,1538.0,1550.6,1509.2,1611.6833333333334,1533.5356602626575,49.142857142857146,51.07913669064748,-8.359980299358313,-11.916516676382752,3.5565363770244396,1621.417082853642,1396.9829171463582,1509.2,224.43416570728368,-83.80281690140845,32.81783395923792,53.84568768385704,-9.237873490000311,-17.157299142162213,20.203488372093023,18.313953488372093,28.17230085459138,24.387820727077415,1602.0,1591.0,1406.0,0,0,792235.65,57754645,1507.5965226171447,0.2909090909090909,0.7090909090909091,0.6181818181818182,19005018.18181818,-6.788183532369574,-15.504807692307699,0.44155175604654223,-2.654007809358257,51.15316442498175,25.32199826317473,1.0,0.55,622482.65,28315.0,3.4141647745975945,0.26543893400525265,1.255056391640861,-0.6,0.0
2022-08-18,,,,1512.0,1541.7,1511.15,1606.4333333333334,1526.6275021424044,47.0,44.169611307420496,-13.389464236220874,-12.211106188350378,-1.1783580478704963,1618.2245436352987,1404.0754563647015,1511.15,214.1490872705972,-97.91666666666667,22.57300041726973,43.421458594994604,-19.12391593818002,-35.855852068933565,13.069908814589667,20.51671732522796,29.49721208998855,10.38225041126847,1602.0,1591.0,1406.0,0,0,787471.85,56893132,1509.9685550452798,0.06818181818181818,0.9318181818181818,0.5,19579840.909090906,-8.170961659333752,-15.504807692307699,1.491781830276011,-2.2597756215124574,51.15316442498175,25.32199826317473,1.0,0.55,624635.05,26076.0,3.0403869159358,0.26971226322385494,1.1172601246192202,-1.0,0.0
2022-08-19,,,,1486.0,1530.7,1512.85,1601.0833333333333,1518.3772638431278,45.785714285714285,44.014084507042256,-18.852570292324344,-13.539399009145171,-5.313171283179173,1613.7997530039058,1411.900246996094,1512.85,201.89950600781185,-95.29411764705883,16.61729439582688,34.48673719527203,-19.12159120306341,-66.54209991611188,13.41653666146646,25.117004680187208,31.041435327227596,0.0,1602.0,1591.0,1440.0,0,0,793532.85,55873553,1511.530474573296,0.20512820512820512,0.7948717948717948,0.5384615384615384,26143051.28205128,-9.490886235072294,-13.341346153846157,1.3207939455362274,-2.2597756215124574,51.15316442498175,25.32199826317473,1.0,0.55,630162.55,40886.0,4.626526201441616,0.28029280928388334,1.090499841347604,-1.0,0.0
2022-08-22,,,,1477.4,1522.3,1515.05,1596.7166666666667,1515.293714905687,45.714285714285715,43.41637010676156,-19.24842181443023,-14.681203570202184,-4.567218244228046,1611.3072758697513,1418.7927241302486,1515.05,192.51455173950262,-68.23529411764706,21.666431558002234,30.213301982848762,4.572690708309182,-44.74638959575637,16.40625,25.15625,31.830909011438127,0.0,1432.0,1591.0,1440.0,0,0,796717.9,56813580,1513.5592814595982,0.88,0.12,0.92,18800540.0,-6.5996228786926565,-12.98076923076924,1.5826998592232415,-2.2597756215124574,51.15316442498175,25.32199826317473,1.0,0.55,637469.85,-54554.0,-5.9001791013783,0.28801116067936255,1.0501189503172494,-0.9,0.0
2022-08-23,,,,1467.6,1511.4,1516.05,1591.8166666666666,1510.789551581336,45.0,37.676056338028175,-20.77510409739716,-15.899983675641181,-4.87512042175598,1609.7560914717824,1422.3439085282175,1516.05,187.41218294356486,-78.82352941176471,21.503111234746587,27.309905066814704,9.889523570610358,-48.6368296149222,11.428571428571429,25.555555555555557,34.28742304850966,0.0,1602.0,1591.0,1440.0,0,0,810773.0,55886996,1513.8853613979088,0.28125,0.71875,0.5625,28955750.0,-7.730986800754258,-11.55717761557179,0.7800189796366004,-2.2597756215124574,51.15316442498175,25.32199826317473,1.0,0.55,648617.45,48670.0,5.593854231077788,0.29880441886640957,1.0770575115529017,-0.9,0.0
2022-08-24,,,,1465.6,1501.8,1517.0,1586.7833333333333,1507.1905466688277,44.785714285714285,36.10108303249098,-21.335608973255603,-16.987108735164067,-4.348500238091535,1608.4146135960661,1425.5853864039339,1517.0,182.8292271921323,-75.88235294117646,22.374623176105565,25.664811103244993,15.794247321826717,-51.96821834018441,11.483253588516748,25.677830940988837,36.55988348917391,0.0,1432.0,1591.0,1440.0,0,0,821997.05,56595020,1514.0480493411342,0.5238095238095238,0.47619047619047616,0.23809523809523808,33715428.571428575,-7.41671904462603,-9.490886235072294,0.7451127960269879,-2.2597756215124574,51.15316442498175,25.32199826317473,1.0,0.55,660988.75,-13112.0,-1.4271844237492504,0.30585965407931753,0.9896674070375131,-0.8,0.0
2022-08-25,,,,1465.0,1488.5,1516.05,1581.4166666666667,1502.5057327003678,44.07142857142857,34.24657534246576,-22.728191323591773,-18.13532525284961,-4.592866070742161,1609.5851889874502,1422.5148110125497,1516.05,187.07037797490057,-84.70588235294117,20.580903468166238,23.97017522488541,13.80235995472789,-58.72341586754045,9.886547811993516,26.74230145867099,39.36423651476588,0.0,1602.0,1591.0,1440.0,0,0,845562.35,55564779,1512.6724743598152,0.15789473684210525,0.8421052631578947,0.39473684210526316,27111605.263157893,-8.359522313010693,-9.490886235072294,-0.5035611723043727,-2.2597756215124574,50.58505810736026,25.32199826317473,1.0,0.55,678487.4,73573.0,8.124047613789443,0.31551194679167704,1.005121958453431,-0.8,0.0
2022-08-26,,,,1470.8,1478.4,1514.8,1576.2333333333333,1499.314710538428,42.285714285714285,32.15547703180212,-22.682742266748846,-19.04480865562946,-3.6379336111193865,1610.2250325757132,1419.3749674242868,1514.8,190.8500651514264,-78.23529411764706,25.931823434223034,24.624057961331285,28.54735438000653,-60.694949364424986,6.587837837837838,29.391891891891895,41.85058316610247,0.0,1432.0,1591.0,1440.0,0,0,822451.6,56312881,1511.5643280001725,0.896551724137931,0.10344827586206896,0.3793103448275862,25796620.689655174,-7.6681332495286085,-9.490886235072294,-0.7010715992100012,-2.2597756215124574,50.58505810736026,25.32199826317473,1.0,0.55,695959.95,-18315.0,-1.8704177828068658,0.31957028288225514,0.9402930621703213,-0.7,0.0
2022-08-29,,,,1465.0,1471.2,1513.95,1570.5333333333333,1495.2847381061968,41.642857142857146,29.166666666666657,-23.345906199230967,-19.905028164349762,-3.440878034881205,1611.1908296310717,1416.7091703689284,1513.95,194.48165926214324,-85.29411764705883,26.54714154874128,25.265085823801282,29.111252998621275,-57.27016874250782,8.061749571183533,29.845626072041163,42.81244483384649,0.0,1602.0,1591.0,1440.0,0,0,822163.3,55513054,1510.2916952345922,0.28125,0.71875,0.375,24994593.75,-8.422375864236331,-9.490886235072294,-0.45123874934404024,-2.2597756215124574,50.58505810736026,25.32199826317473,1.0,0.55,713841.5,6741.0,0.7015458778325767,0.32135851593616865,0.8895288812226078,-0.8,0.0
2022-08-30,,,,1456.0,1461.8,1508.95,1563.75,1488.400477334178,42.42857142857143,26.751592356687908,-26.31167957995922,-21.186358447471655,-5.125321132487564,1614.1865255781474,1403.7134744218527,1508.95,210.4730511562948,-95.72192513368984,20.763228465444378,23.764466704348983,14.760751987635167,-78.32120842426839,7.912457912457913,34.84848484848485,41.724895133994615,0.0,1602.0,1591.0,1423.0,0,1,824305.45,54642244,1506.4087470447594,0.1702127659574468,0.8297872340425532,0.723404255319149,18527872.340425532,-10.559396605908223,-10.559396605908223,-3.5307738315488413,-2.347457256643747,48.791494684177614,25.32199826317473,0.0,0.5,738653.0,82455.0,8.521432505976012,0.32202236573180676,0.8536764512898045,-0.8,0.0
2022-08-31,,,,1453.4,1459.5,1505.05,1557.3833333333334,1485.6956699690181,41.142857142857146,30.091185410334347,-25.38387605112871,-22.025861968203067,-3.358014082925642,1611.5275241910954,1398.5724758089045,1505.05,212.95504838219085,-75.93582887700535,33.32267179081573,26.950535066504564,46.06694523943807,-55.15646368460927,9.548611111111109,30.03472222222222,40.84123980733716,6.476222371398753,1415.0,1591.0,1423.0,0,0,834729.0,55733537,1501.1078882287945,0.7636363636363637,0.23636363636363636,0.6727272727272727,19841690.90909091,-8.233815210559392,-10.559396605908223,-2.4704338868695945,-2.347457256643747,46.064688444718385,25.32199826317473,0.0,0.45,760273.2,-118413.0,-11.276633837234328,0.30855592633287066,0.9315824386574738,-0.8,0.0
2022-09-01,,,,1449.8,1457.4,1499.55,1551.65,1481.34370140054,40.214285714285715,30.182926829268297,-25.9631311091548,-22.813315796393415,-3.149815312761387,1607.603544231659,1391.4964557683409,1499.55,216.10708846331818,-85.29411764705883,33.03762534972131,28.97956516091015,41.15374572734363,-51.92674058574521,8.348134991119005,30.728241563055064,40.49748403704111,8.851482070061481,1585.0,1591.0,1423.0,0,0,842496.7,54931140,1496.8806090674698,0.16666666666666666,0.8333333333333334,0.5555555555555556,22288805.555555556,-9.490886235072281,-10.559396605908223,-3.5429569074545197,-2.347457256643747,45.53686571348474,25.32199826317473,0.0,0.4,784086.1,22345.0,2.398404569902568,0.2914112748485404,0.8893722359879396,-0.8,0.0
2022-09-02,,,,1441.8,1456.3,1493.5,1546.0666666666666,1476.358586981441,38.714285714285715,33.22147651006712,-26.99858015907057,-23.65036866892885,-3.348211490141722,1603.1971908673186,1383.8028091326814,1493.5,219.39438173463714,-79.38931297709924,32.13744311704267,30.032191146287655,36.34794705855271,-67.58253980576994,8.671586715867159,32.84132841328413,41.69302018454232,18.461035588149432,1585.0,1591.0,1423.0,0,0,859391.55,53905668,1490.4141718638032,0.7105263157894737,0.2894736842105263,0.2894736842105263,26986105.263157893,-10.182275298554366,-10.559396605908223,-3.9232726760458916,-2.347457256643747,45.53686571348474,25.32199826317473,0.0,0.35,809823.45,2256.0,0.23647650014779753,0.2674064267230746,0.9481351768807041,-0.9,0.0
2022-09-05,,,,1442.4,1453.7,1488.0,1541.0166666666667,1474.8006263165419,39.785714285714285,41.00946372239748,-25.029218814599062,-23.926138698062893,-1.1030801165361694,1592.452457077103,1383.547542922897,1488.0,208.90491415420593,-51.666666666666664,43.39465904772541,34.486347113433574,61.21128291630909,-37.01307352628214,13.285457809694794,28.904847396768403,42.07258872186903,58.60793498095311,1402.0,1591.0,1423.0,0,0,865587.35,54773847,1485.106781058357,0.8205128205128205,0.1794871794871795,0.7948717948717948,22261000.0,-8.233815210559392,-10.559396605908223,-3.3587661809462594,-2.347457256643747,44.30120628731571,25.32199826317473,0.0,0.3,835519.15,-42906.0,-4.48684565527021,0.23300410388181586,0.9729240676956733,-0.8,0.0
2022-09-06,,,,1452.4,1454.2,1482.8,1537.45,1474.6291380959187,38.07142857142857,48.31081081081081,-22.16400159241107,-23.57371127693253,1.409709684521463,1578.5927587636415,1387.0072412363584,1482.8,191.58551752728317,-29.0,55.823712092423,41.59880210643005,84.27353206440891,-18.31872189807335,16.135084427767357,22.326454033771107,42.8720101931727,99.99999999999999,1402.0,1591.0,1423.0,0,0,891973.0,55780745,1481.6961310301247,0.8064516129032258,0.1935483870967742,0.41935483870967744,32480580.645161293,-7.416719044625997,-10.559396605908223,-3.118444911642168,-2.347457256643747,45.524231127679414,25.32199826317473,0.0,0.25,863556.5,126.0,0.01379527807339187,0.1835537282353321,1.0275199144556288,-0.4,1.0
2022-09-07,,,,1453.4,1453.4,1477.6,1533.7166666666667,1473.712077324879,36.42857142857143,50.709219858156025,-20.3047687078772,-22.91992276312147,2.6151540552442682,1564.575858719361,1390.624141280639,1477.6,173.95171743872197,-30.0,64.13888498469225,49.11216306585078,94.1923288223752,-14.8833456004268,16.862745098039216,21.56862745098039,42.162935354446006,100.0,1492.0,1591.0,1423.0,0,0,910942.15,54990884,1478.9885668187967,0.42857142857142855,0.5714285714285714,0.38095238095238093,37612428.571428575,-7.919547454431164,-10.559396605908223,-3.135083873078548,-2.347457256643747,48.740956340956345,25.32199826317473,0.0,0.2,891527.65,-36099.0,-3.951802005950855,0.10428802186696458,0.973300961656099,-0.2,0.0
2022-09-08,,,,1462.8,1456.3,1472.4,1530.3833333333334,1474.9775937701286,36.07142857142857,58.303886925795055,-16.861725636429128,-21.708283337783,4.846557701353873,1541.409228978309,1403.390771021691,1472.4,138.01845795661802,-12.371134020618557,71.96887864958865,56.73106826043007,102.4444994279058,14.706136798310279,21.386138613861387,16.633663366336634,40.88690874947203,100.0,1402.0,1570.0,1423.0,0,0,907082.6,56013552,1473.8905986253808,0.6,0.4,0.7333333333333333,34088933.333333336,-5.286624203821666,-10.559396605908223,-3.0773804480240243,-2.347457256643747,50.511074740861964,25.32199826317473,0.0,0.2,903158.65,16273.0,1.8547202305036592,0.08363900400093911,1.0339574740805122,0.2,1.0
2022-09-09,,,,1480.0,1460.9,1469.65,1527.2666666666667,1478.7892515063068,34.857142857142854,55.471698113207545,-11.738410117357944,-19.71430869369799,7.975898576340047,1525.3910365697022,1413.908963430298,1469.65,111.48207313940429,-1.7391304347826086,80.7328756214649,64.73167071410835,112.735285436178,59.088103392063104,21.516393442622952,17.213114754098363,40.176800144626576,91.02382615506986,1402.0,1529.0,1423.0,0,0,913932.25,57023154,1470.7635947485896,0.9428571428571428,0.05714285714285714,0.8,28845771.42857143,-0.9156311314584831,-10.559396605908223,-1.5101705313634086,-2.347457256643747,50.783203224654315,25.32199826317473,0.0,0.2,910181.25,-47499.0,-5.315132444699078,0.06748882999870168,1.0581146721636323,0.3,1.0
2022-09-13,,,,1490.6,1466.5,1468.85,1523.9333333333334,1482.0474180295157,34.714285714285715,59.036144578313255,-7.750189581135828,-17.321484871185557,9.57129529004973,1521.3707728324468,1416.329227167553,1468.85,105.04154566489387,-17.16417910447761,81.43385737948407,70.29906626923358,103.70343959998505,97.11554414029192,25.514403292181072,17.28395061728395,38.822039025916965,100.0,1536.0,1517.0,1423.0,0,0,894393.6,56426356,1468.1601465693257,0.23333333333333334,0.7666666666666667,0.06666666666666667,19893266.666666668,-0.2636783124587927,-10.559396605908223,-0.3914754731791336,-2.2458804788014515,51.16451417179509,25.32199826317473,0.0,0.2,915471.1,29785.0,3.5200323344249274,0.0575258425522564,1.004271473583564,0.2,1.0
2022-09-14,,,,1496.2,1474.3,1468.05,1521.4,1483.8524258362286,35.857142857142854,55.46875,-5.494459080322031,-14.956079713012851,9.46162063269082,1517.9023081867736,1418.1976918132264,1468.05,99.7046163735472,-26.119402985074625,78.91610392463117,73.17141215436611,90.40548746516131,74.49831795658223,24.70119521912351,20.51792828685259,36.75444448512282,88.95015004753981,1536.0,1515.0,1423.0,0,0,896098.75,55667532,1467.5948229478056,0.3783783783783784,0.6216216216216216,0.32432432432432434,20508756.756756756,-0.9240924092409175,-10.559396605908223,-0.3954787474843306,-2.2458804788014515,51.84435416082936,25.32199826317473,0.0,0.2,915801.3,-39999.0,-4.566398231846403,0.05690382491555993,0.9653679648174813,0.1,0.0
2022-09-15,,,,1502.6,1478.0,1468.75,1519.3166666666666,1485.1045757565876,35.57142857142857,57.95918367346939,-3.983622259680942,-12.761588222346472,8.77796596266553,1519.8633930329277,1417.6366069670723,1468.75,102.22678606585532,-29.104477611940297,76.24257674577402,74.19513368483541,80.33746286765123,65.41893497568327,23.493975903614462,18.87550200803213,34.246071257880324,96.66416031589722,1536.0,1515.0,1423.0,0,0,885557.95,54833072,1467.807052962109,0.3235294117647059,0.6764705882352942,0.11764705882352941,24542941.17647059,-1.188118811881178,-10.559396605908223,0.5990969950819424,-1.5259835675981892,53.65188953488373,25.32199826317473,0.0,0.25,915626.8,18221.0,2.179694070050231,0.05714442875390128,0.9807050251823511,-0.2,1.0
2022-09-16,,,,1502.0,1482.4,1469.9,1516.4333333333334,1484.9993780654838,35.42857142857143,53.036437246963565,-3.7915578302931863,-10.967582143935815,7.176024313642628,1521.3132892913848,1418.4867107086154,1469.9,102.82657858276934,-38.80597014925373,68.11233511446663,72.16753416137915,60.00193702064158,33.629453484102655,23.588709677419356,19.556451612903224,30.386465022336218,81.41616680893326,1536.0,1515.0,1423.0,0,0,877309.6,54136526,1468.2548010037356,0.37037037037037035,0.6296296296296297,0.48148148148148145,25798000.0,-2.046204620462033,-10.559396605908223,0.9314472824039562,-1.4821811857787768,53.65188953488373,25.32199826317473,0.0,0.3,913335.6,-16258.0,-1.9033815520204556,0.05993490105461938,0.918090915317426,-0.3,0.0
2022-09-19,,,,1498.2,1489.1,1472.7,1513.9833333333333,1486.0470563449617,35.5,57.89473684210526,-2.640606407493351,-9.302186996647322,6.661580589153971,1523.3509209140748,1422.0490790859253,1472.7,101.30184182814946,-29.850746268656717,63.59004159146261,69.30836997140698,52.153384831573874,53.56653257790094,25.150905432595575,19.517102615694167,27.182647112635955,96.46453905145557,1402.0,1515.0,1423.0,0,0,864941.9,54908751,1470.8407227121268,0.36363636363636365,0.6363636363636364,0.36363636363636365,23400757.575757574,-1.2541254125412293,-10.559396605908223,2.158500556925536,-1.418047968710341,55.469339622641506,25.32199826317473,0.0,0.35,908424.8,-11506.0,-1.3731850589445593,0.06383006195742935,0.8663475205444126,-0.3,0.0
2022-09-20,,,,1492.6,1491.6,1472.65,1511.3166666666666,1485.9473366930604,34.07142857142857,63.839285714285715,-2.5862643365530857,-7.959002464628475,5.372738128075389,1523.247586794667,1422.052413205333,1472.65,101.19517358933399,-38.059701492537314,54.4766943943084,64.36447811237412,34.701126958176985,34.62971245104747,26.205450733752624,14.255765199161425,24.79275802493772,100.0,1536.0,1515.0,1423.0,0,0,852459.55,54218371,1471.5061099380023,0.18518518518518517,0.8148148148148148,0.4074074074074074,25569629.62962963,-1.9801980198019598,-10.559396605908223,0.05801389125294067,-1.418047968710341,55.95630585898709,26.266611473514416,0.0,0.4,906869.85,12563.0,1.520208131655365,0.06557256621723932,0.8946626149631879,-0.3,0.0
2022-09-21,,,,1488.2,1492.2,1473.2,1508.3666666666666,1485.2856855794357,31.571428571428573,54.9222797927461,-2.992848020727706,-6.965771575848321,3.972923555120615,1523.8238969987356,1422.5761030012645,1473.2,101.24779399747104,-42.53731343283582,42.11489771214763,56.94795131229862,12.448790511845644,8.378650415865907,25.791855203619907,18.32579185520362,22.304807379092342,73.50573200148177,1536.0,1515.0,1423.0,0,0,839985.7,53541264,1471.6903989556013,0.6,0.4,0.3,33855350.0,-2.376237623762345,-10.559396605908223,0.5573551244751691,-1.418047968710341,55.95630585898709,26.633017875920086,0.0,0.45,902518.7,-7254.0,-0.8646388458132259,0.06835775550147123,0.875936449200202,-0.3,0.0
2022-09-22,,,,1490.6,1496.6,1475.0,1505.7833333333333,1487.5441917147277,31.857142857142858,66.99507389162562,-0.8841275679217233,-5.749442774263002,4.865315206341279,1528.0937601643664,1421.9062398356336,1475.0,106.18752032873272,-20.149253731343283,48.36645354722886,54.08745205727537,36.924456527135845,47.97795850700077,31.838565022421523,18.161434977578473,20.167774008875114,100.0,1402.0,1515.0,1423.0,0,0,853713.25,54523839,1473.259869751348,0.85,0.15,0.75,24564375.0,-0.3960396039603742,-10.559396605908223,1.5122027299908096,-1.418047968710341,57.90762620837808,26.633017875920086,0.0,0.5,898144.0,-13583.0,-1.6331433229651249,0.07181576434760055,0.920751470188344,-0.2,0.0
2022-09-23,,,,1495.6,1498.8,1477.55,1503.5333333333333,1489.587602027611,30.857142857142858,70.83333333333333,0.7780793688114045,-4.443938345648121,5.2220177144595255,1532.0852614077564,1423.0147385922435,1477.55,109.07052281551296,-25.0,52.534157437283,53.56968718394458,50.46309794395984,62.79669443848456,34.95370370370371,11.342592592592592,19.651900993002098,100.0,1536.0,1515.0,1423.0,0,0,838975.4,54523839,1475.3189199985284,0.375,0.625,0.0,30645166.666666668,-0.3960396039603742,-10.559396605908223,2.148272136626995,-1.418047968710341,58.02812432393453,26.633017875920086,0.0,0.55,889833.05,-5152.0,-0.6297318505951388,0.07216648575342205,0.9354293848949619,-0.3,0.0
2022-09-26,,,,1499.2,1498.7,1479.8,1501.8333333333333,1491.9125923106956,30.428571428571427,66.26506024096386,2.470371648373657,-3.0610763468437656,5.531447995217423,1536.5194387914087,1423.0805612085912,1479.8,113.43887758281744,-25.0,62.508151741814395,56.54917536990119,74.42610448564079,48.03452002608683,29.10798122065728,15.023474178403756,19.28715935166471,79.71686746987956,1448.0,1515.0,1423.0,0,0,851025.55,55512944,1477.6972124789124,0.8787878787878788,0.12121212121212122,0.15151515151515152,29972878.78787879,-0.06600660066005126,-10.559396605908223,1.9053609128308922,-1.418047968710341,58.450338456298695,26.700958427937074,0.0,0.6,881519.25,-18372.0,-2.259850868539459,0.07406384438789922,0.9974965502732891,-0.3,0.0
2022-09-27,,,,1509.4,1501.0,1483.75,1500.8333333333333,1496.1113930430101,30.357142857142858,68.0,5.523075039502146,-1.3442460695745833,6.867321109076729,1544.6342733126742,1422.8657266873258,1483.75,121.76854662534834,-4.761904761904762,73.17895047627809,62.09243373869349,95.3519839514473,78.65918799918872,31.52941176470588,15.058823529411763,20.66258609294511,85.920704845815,1448.0,1536.0,1423.0,1,0,850129.2,56294844,1480.7952521412826,0.8666666666666667,0.13333333333333333,0.7333333333333333,26063333.333333332,0.0,-10.559396605908223,3.2404372251385496,-1.418047968710341,59.58846622444837,26.700958427937074,0.0,0.65,873152.25,5677.0,0.7144457225126466,0.07374476240457704,1.028324034509624,0.1,1.0
2022-09-28,,,,1520.4,1504.3,1489.3,1499.8833333333334,1499.7198318008186,30.285714285714285,70.41420118343196,7.69230903495054,0.46306495133044145,7.229244083620099,1547.0220198790526,1431.5779801209474,1489.3,115.44403975810519,-17.28395061728395,76.35798344509075,66.84761697415924,95.37871638695378,83.57306260299798,33.490566037735846,15.09433962264151,22.49252750085363,97.64491432737883,1548.0,1536.0,1429.0,0,0,840984.3,55606932,1485.537607618438,0.3,0.7,0.1,34395600.0,-0.13020833333333703,-10.182275298554366,5.0940017305103185,-0.8934764506181359,62.08425035715665,26.700958427937074,0.0,0.7,860246.05,-8329.0,-1.040762034240561,0.060071002331499826,1.0392270988845802,0.1,1.0
2022-09-29,,,,1521.0,1505.8,1491.9,1498.6666666666667,1500.889371629312,31.357142857142858,57.396449704142015,7.549203942667191,1.8802927495977912,5.6689111930694,1548.742904477552,1435.0570955224482,1491.9,113.68580895510377,-44.44444444444444,69.42384081524568,67.70635825452138,72.8588059366943,43.24726768220565,27.334851936218676,22.551252847380407,22.284601864845797,24.498724024790384,1548.0,1536.0,1429.0,0,0,832131.35,54692698,1489.5011157994068,0.3877551020408163,0.6122448979591837,0.4489795918367347,18657836.734693877,-1.5625,-10.182275298554366,2.5270045284750347,-1.3730778160775892,62.08425035715665,26.700958427937074,0.0,0.75,850448.2,-56246.0,-7.102216048992993,0.06565069795581072,1.0475588175177286,0.3,0.0
2022-09-30,,,,1520.4,1508.0,1495.2,1497.75,1501.376098140806,30.714285714285715,46.93877551020408,6.872421275577153,2.878718454793664,3.993702820783489,1546.775596024027,1443.624403975973,1495.2,103.15119204805387,-51.851851851851855,62.331943259546506,65.91488658952976,55.16605659958,24.894395763429127,23.72093023255814,23.023255813953487,21.597560879297355,0.0,1548.0,1536.0,1429.0,0,0,819525.05,54142427,1492.1314760909383,0.4230769230769231,0.5769230769230769,0.23076923076923078,21164269.230769232,-1.953125,-10.182275298554366,3.352687996489846,-0.8966912529970894,62.08425035715665,28.063252225280802,0.0,0.8,837613.7,-38388.0,-5.217859356480325,0.07176750287936132,1.0244475913161337,0.4,0.0
2022-10-10,,,,1528.4,1513.8,1501.45,1497.9666666666667,1506.3878983178722,32.642857142857146,60.62176165803109,10.092920083121044,4.32155878045914,5.771361302661903,1549.416984259154,1453.483015740846,1501.45,95.93396851830812,-9.375,71.762962173031,67.86424511736351,79.56039628436599,93.48030046444708,27.35229759299781,21.663019693654263,21.05301613832404,57.264027437169275,1467.0,1554.0,1460.0,1,0,803051.95,54838437,1498.7505843800018,0.8125,0.1875,1.0,14500208.333333334,0.0,-8.233815210559392,5.446471112192578,-0.8966912529970894,62.08425035715665,29.01156677181913,1.0,0.85,827783.75,62347.0,8.940996621330921,0.06716123394432441,0.9587332897370988,0.7,1.0
2022-10-11,,,,1527.6,1518.5,1505.05,1498.0,1508.8271460971225,32.42857142857143,57.63546798029556,10.746098122272087,5.60646664882173,5.139631473450358,1550.6684404077316,1459.4315595922683,1505.05,91.23688081546334,-32.98969072164948,69.19028938876224,68.30625987449642,70.95834841729388,83.61378397740718,27.75330396475771,17.621145374449338,21.98723012159495,44.76622898515153,1564.0,1554.0,1465.0,0,0,795143.35,54128430,1503.2519523680855,0.058823529411764705,0.9411764705882353,0.6470588235294118,20882558.82352941,-1.4157014157014203,-7.919547454431164,3.177701159882285,-1.4166242979802346,62.08425035715665,29.90628166160081,1.0,0.9,821054.05,19099.0,2.5141411388997392,0.06426569151631119,0.9456689250550528,0.3,0.0
2022-10-12,,,,1528.2,1524.3,1508.25,1497.9,1511.5102750402536,31.857142857142858,59.80392156862745,11.534245040441647,6.7920223271457125,4.742222713295934,1553.3784715821296,1463.1215284178704,1508.25,90.25694316425916,-27.835051546391753,68.06778786255035,68.22676920384772,67.7498251799556,58.79236417832831,28.251121076233183,20.403587443946186,22.36069857333889,53.841323006070766,1467.0,1554.0,1465.0,0,0,779216.6,54816793,1506.929691414856,0.7307692307692307,0.2692307692307692,0.19230769230769232,26475500.0,-1.0939510939510955,-7.919547454431164,2.837240217467097,-1.4166242979802346,62.08425035715665,29.90628166160081,1.0,0.95,814197.55,-2410.0,-0.3094655363256038,0.06004730216512685,0.9492755107343627,0.1,0.0
2022-10-13,,,,1527.8,1524.4,1510.5,1497.0833333333333,1511.3664393221343,33.142857142857146,55.96330275229357,9.866448522877135,7.406907566291997,2.4595409565851387,1550.7753679452912,1470.2246320547088,1510.5,80.55073589058247,-55.670103092783506,55.92704844845129,64.12686228538224,39.52742077458939,25.572943108448726,28.017241379310345,20.25862068965517,22.841101014689265,37.76812824447418,1564.0,1554.0,1479.0,0,0,781762.85,53976007,1509.718156066553,0.15555555555555556,0.8444444444444444,0.6,18684133.333333336,-2.8314028314028405,-5.286624203821666,1.947749545179015,-1.4502845499835026,62.08425035715665,30.164578545481508,1.0,0.95,810677.6,30632.0,3.9456329087836473,0.05745998272776652,0.9091197706271338,-0.2,0.0
2022-10-14,,,,1531.8,1526.1,1512.45,1497.05,1512.7601117676452,33.07142857142857,56.75675675675676,9.72368545614836,7.870263144263269,1.8534223118850903,1551.6980639813803,1473.2019360186198,1512.45,78.49612796276051,-39.175257731958766,52.77765671211307,60.34379376095919,37.64538261442084,19.384951021341223,24.622030237580994,20.950323974082075,22.515690973639412,41.08877560834858,1467.0,1554.0,1479.0,0,0,759292.35,54549265,1511.7457311183675,0.8125,0.1875,0.5,17914312.5,-1.8018018018018167,-2.8314028314028405,1.704382099076234,-1.4502845499835026,62.08425035715665,31.722204094950644,1.0,0.95,805958.8,-7704.0,-0.9546657678466963,0.05250688694094159,0.8947379363470691,-0.4,0.0
2022-10-17,,,,1519.6,1524.0,1511.35,1496.4666666666667,1510.8781963612028,34.714285714285715,51.639344262295076,6.868544187843554,7.669919352979327,-0.8013751651357728,1551.5195092533493,1471.1804907466505,1511.35,80.33901850669872,-73.19587628865979,39.300330812190616,53.32930611136966,11.242380213832519,-25.031376936186767,23.662551440329214,22.633744855967077,20.564872649764094,19.672131147540963,1564.0,1554.0,1479.0,0,0,747201.9,53781472,1511.7746474324188,0.2,0.8,0.66,15355860.0,-3.925353925353925,-3.925353925353925,-0.7898145536395279,-1.7769612127589385,62.08425035715665,32.145786307715944,1.0,0.9,804137.75,10456.0,1.3081773596236523,0.05131973328411211,0.9011364839862527,-0.8,0.0
2022-10-18,,,,1510.6,1519.1,1510.05,1495.4666666666667,1508.6040824220406,34.92857142857143,51.639344262295076,4.074703659253373,6.950876214234137,-2.876172554980764,1551.651998939476,1468.448001060524,1510.05,83.20399787895212,-84.61538461538461,31.328425669665542,45.99567929746829,1.9939184140600474,-65.6120437235274,23.51738241308793,21.881390593047033,19.613481698373143,19.672131147540963,1564.0,1554.0,1479.0,0,0,750018.5,53128342,1510.3624271934625,0.6086956521739131,0.391304347826087,0.2608695652173913,28396956.521739133,-4.311454311454311,-4.311454311454311,-0.952131558497248,-1.7769612127589385,62.08425035715665,33.00827661441412,1.0,0.85,799167.95,-33190.0,-4.0988667911516785,0.04757855839523437,0.8870081141943629,-0.5,0.0
2022-10-19,,,,1495.2,1511.7,1508.0,1494.9166666666667,1503.97512219137,34.642857142857146,39.83402489626556,-0.3144842609722218,5.497804119192866,-5.8122883801650875,1555.150375340049,1460.849624659951,1508.0,94.30075068009819,-94.54545454545455,22.70379893129218,38.23171917540959,-8.352041556942638,-95.14978123068293,17.938144329896907,25.979381443298966,18.967453060176247,0.0,1564.0,1554.0,1460.0,0,1,740764.0,52554608,1509.0477843145725,0.16666666666666666,0.8333333333333334,0.75,15937055.555555554,-6.048906048906055,-6.048906048906055,-1.5159632413512962,-1.8330753820132761,62.08425035715665,34.04155557598603,1.0,0.8,797690.45,29847.0,3.8435585271187955,0.04648609337677718,0.8519717835423493,-0.6,0.0
2022-10-20,,,,1485.2,1506.5,1506.15,1494.7,1499.7870153160015,34.214285714285715,39.83402489626556,-3.7497228393717705,3.648298727479939,-7.3980215668517095,1557.805844933174,1454.4941550668261,1506.15,103.31168986634793,-94.54545454545455,16.954047772376605,31.139162041065262,-11.41618076500071,-94.12395103144931,16.283924843423797,26.304801670146137,17.00526818622667,0.0,1564.0,1554.0,1460.0,0,0,723576.65,52554608,1507.9165008986954,0.3333333333333333,0.6666666666666666,0.0,27261833.333333332,-6.048906048906055,-6.048906048906055,-1.3602832946440369,-1.8330753820132761,62.08425035715665,35.73018149448594,1.0,0.75,794690.55,-12227.0,-1.5162582016460924,0.043560837805711336,0.7671738711062078,-0.4,0.0
2022-10-21,,,,1471.6,1501.7,1504.85,1495.3,1495.8072995716204,33.57142857142857,38.23529411764706,-6.557961351344375,1.6070467117150766,-8.165008063059451,1560.040674269177,1449.6593257308227,1504.85,110.38134853835436,-91.37931034482759,14.176261733308543,25.48486193847969,-8.44093867703375,-89.6864865638493,16.595744680851062,24.8936170212766,16.154204356439433,0.0,1564.0,1554.0,1458.0,0,1,719887.6,51931843,1506.859236728993,0.4166666666666667,0.5833333333333334,0.08333333333333333,25948541.666666668,-6.1776061776061875,-6.1776061776061875,-0.9406564464286972,-1.8330753820132761,62.08425035715665,37.36106167692074,1.0,0.7,791842.75,-13216.0,-1.6641357096627174,0.04191287253804964,0.7832193556750748,-0.2,-1.0
2022-10-24,,,,1459.4,1489.5,1501.65,1495.7333333333333,1489.7304138981326,34.714285714285715,28.512396694214885,-10.757487691478673,-0.8658601689236733,-9.891627522555,1565.7100869247981,1437.589913075202,1501.65,128.12017384959609,-97.77777777777777,10.291177289992811,20.420300388984064,-9.967068907989692,-99.00676402168088,12.139917695473251,27.9835390946502,16.44946465169973,0.0,1564.0,1554.0,1432.0,0,1,718479.15,51187787,1504.0957871220062,0.06521739130434782,0.9347826086956522,0.5652173913043478,16175130.434782607,-7.850707850707861,-7.850707850707861,-2.4075875722953617,-1.8330753820132761,62.08425035715665,37.36106167692074,1.0,0.65,791653.0,41655.0,5.333888213073812,0.041673168775203634,0.7744814056614409,-0.2,0.0
2022-10-25,,,,1443.4,1477.0,1497.75,1495.15,1481.8513268602153,35.642857142857146,26.037735849056602,-15.919424423019791,-3.876573019742897,-12.042851403276893,1574.3484059197333,1421.1515940802667,1497.75,153.1968118394666,-98.74213836477988,7.3269853261956746,16.05586203472127,-10.130768090855515,-118.48719526519122,10.220440881763526,32.06412825651302,17.434799659028936,0.0,1564.0,1554.0,1407.0,0,1,720193.65,50463117,1500.3408203474162,0.06060606060606061,0.9393939393939394,0.7575757575757576,21959696.96969697,-9.459459459459474,-9.459459459459474,-2.9080890188247044,-1.8330753820132761,62.08425035715665,37.36106167692074,1.0,0.6,793099.5,45288.0,5.505436995885016,0.04500998653803179,0.7732625284716229,-0.5,0.0
2022-10-26,,,,1432.0,1463.6,1493.95,1494.4,1474.3416766830521,33.57142857142857,27.935222672064782,-20.101347224962183,-7.121527860786754,-12.979819364175428,1581.25702027583,1406.6429797241701,1493.95,174.61404055165985,-95.26627218934911,6.817024033888904,12.976249367777148,-5.501426633887586,-112.32976632454185,10.851063829787234,28.72340425531915,19.975674603792527,5.486599025483567,1564.0,1554.0,1403.0,0,1,714226.25,49905358,1497.6668629163378,0.4,0.6,0.2,27887950.0,-9.716859716859727,-9.716859716859727,-2.84186787883199,-1.8330753820132761,62.08425035715665,37.36106167692074,1.0,0.55,795220.8,6242.0,0.7192130827187171,0.04929590390802017,0.7585800812817564,-0.5,0.0
2022-10-27,,,,1417.0,1451.1,1487.75,1493.25,1465.8329455703806,33.785714285714285,26.640926640926637,-24.584604722495897,-10.614143233128583,-13.970461489367313,1587.3087633932416,1388.1912366067584,1487.75,199.11752678648327,-98.35164835164835,5.206934344888409,10.386477693480902,-5.152152352296579,-104.58832613323386,10.782241014799155,31.289640591966172,23.350758980901954,1.744131221743153,1564.0,1554.0,1385.0,0,1,695268.1,49301946,1492.9691545366934,0.10344827586206896,0.896551724137931,0.6206896551724138,20807310.34482759,-10.875160875160894,-10.875160875160894,-5.013304351299997,-1.8330753820132761,62.08425035715665,37.36106167692074,1.0,0.5,799556.45,30704.0,3.512500929490292,0.05761010951879014,0.7683750737391786,-0.7,0.0
2022-10-28,,,,1405.2,1438.4,1482.25,1491.95,1459.4679031351063,31.0,15.555555555555543,-26.700152850506583,-13.831345156604183,-12.8688076939024,1588.77575670736,1375.72424329264,1482.25,213.05151341471992,-90.65934065934066,8.442049797177066,9.738335061379624,5.849479268771951,-87.26207902444132,2.0737327188940093,34.10138248847926,28.84560819447273,0.0,1382.0,1554.0,1385.0,0,0,692143.45,49974937,1487.2806591128856,0.7777777777777778,0.2222222222222222,0.7777777777777778,37388388.88888889,-9.974259974260002,-10.875160875160894,-4.294291237705295,-1.8330753820132761,62.08425035715665,35.73018149448594,1.0,0.45,800522.8,-72538.0,-8.016674789658717,0.05816061062308101,0.7706041664080161,-0.9,0.0
2022-10-31,,,,1388.0,1423.7,1473.85,1489.4833333333333,1448.661436169858,33.42857142857143,13.671874999999986,-32.28127855934122,-17.521331837151592,-14.759946722189625,1595.285752994056,1352.4142470059437,1473.85,242.8715059881124,-96.65071770334929,7.173287061252703,8.883319061337318,3.7532230610834745,-99.09560882696677,2.564102564102564,41.452991452991455,33.56128087131046,0.0,1548.0,1554.0,1346.0,0,1,689434.45,49040012,1477.6028817532979,0.10294117647058823,0.8970588235294118,0.7794117647058824,13748897.05882353,-13.384813384813398,-13.384813384813398,-5.885149173398899,-2.2438115785755923,62.08425035715665,34.04155557598603,2.0,0.4,802083.3,-6489.0,-0.7796458252483207,0.05843779568716704,0.8161274163442076,-0.6,0.0
2022-11-01,,,,1378.2,1410.8,1464.95,1487.55,1440.0270136774905,33.42857142857143,15.969581749049425,-35.32881262114233,-21.082827993949742,-14.245984627192591,1593.111863117953,1336.7881368820472,1464.95,256.3237262359057,-90.47619047619048,9.648371422830268,9.138336515168302,10.668441238154202,-92.75977741958047,2.564102564102564,39.1025641025641,38.672943402327824,5.332976801518324,1338.0,1554.0,1346.0,0,0,680676.25,49646748,1469.1314842163704,0.7692307692307693,0.23076923076923078,0.46153846153846156,23336000.0,-12.61261261261264,-13.384813384813398,-6.310695165149341,-2.2438115785755923,62.08425035715665,33.00827661441412,2.0,0.35,802899.35,-9212.0,-1.1155081301797543,0.05851401281572118,0.797732714967043,-0.5,-1.0
2022-11-02,,,,1368.4,1400.2,1455.95,1484.7333333333333,1431.8339647558248,32.714285714285715,17.5,-37.63296252573127,-24.392854900306048,-13.240107625425225,1588.8868271020867,1323.0131728979134,1455.95,265.87365420417336,-89.05472636815921,11.560452743425305,9.945708591253968,14.789941047767982,-83.05479808258518,2.4017467248908297,37.99126637554585,43.818420512090654,8.88507718696401,1533.0,1554.0,1346.0,0,0,694134.5,48689671,1457.6409741675902,0.6285714285714286,0.37142857142857144,0.11428571428571428,27345057.14285714,-12.870012870012893,-13.384813384813398,-6.4062060657863285,-2.2438115785755923,62.08425035715665,31.76096699129536,2.0,0.3,804364.35,4650.0,0.5694342395297536,0.05852843794332251,0.9031969006896212,-0.5,-1.0
2022-11-03,,,,1362.4,1389.7,1448.1,1481.6833333333334,1424.516444302889,31.928571428571427,12.000000000000014,-38.92957042789362,-27.300198005823564,-11.629372422070059,1585.565632068419,1310.6343679315808,1448.1,274.9312641368383,-88.55721393034825,13.06827385692223,10.986563679810054,17.231694211146582,-72.09740143778545,2.460850111856823,38.25503355704698,49.52236450310303,0.0,1332.0,1554.0,1346.0,0,0,681169.85,49344612,1448.7324463201064,0.6190476190476191,0.38095238095238093,0.047619047619047616,31187666.666666668,-12.805662805662843,-13.384813384813398,-5.636753418917438,-2.2438115785755923,62.08425035715665,30.164578545481508,2.0,0.25,808505.1,-2731.0,-0.3325418569254168,0.05476796869475102,0.9298531935134706,-0.4,-1.0
2022-11-04,,,,1361.2,1383.2,1442.45,1479.0666666666666,1421.5148781788046,32.0,28.26086956521739,-36.47045046032417,-29.134248496723686,-7.336201963600487,1579.182508743672,1305.717491256328,1442.45,273.4650174873441,-62.80487804878049,27.894572508388404,16.622566622669503,50.4385842798262,-46.98371712382533,10.491071428571429,34.375,53.166050833356515,41.02204480886106,1332.0,1554.0,1346.0,0,0,699672.95,50264945,1441.951453008628,0.8627450980392157,0.13725490196078433,0.7450980392156863,18045745.098039217,-10.360360360360389,-13.384813384813398,-3.5417995073828674,-2.2438115785755923,62.08425035715665,29.90628166160081,2.0,0.2,811719.05,-56924.0,-6.954511746214809,0.046341676106012815,1.0098206898678115,-0.4,0.0
2022-11-07,,,,1366.0,1377.0,1433.25,1476.0666666666666,1416.6086993046329,33.857142857142854,26.31578947368422,-35.96292968276612,-30.499984733932173,-5.462944948833943,1562.9604061887637,1303.5395938112363,1433.25,259.42081237752745,-75.9493670886076,33.85742584896576,22.36751969810159,56.837238150694105,-42.98015544432792,12.025316455696203,30.379746835443044,56.00033501092428,51.432696230737854,1490.0,1537.0,1346.0,0,0,715539.1,49251612,1432.6251643923674,0.1836734693877551,0.8163265306122449,0.46938775510204084,20680265.30612245,-10.865322055953175,-13.384813384813398,-6.622541652714043,-2.2438115785755923,62.08425035715665,29.035812672176302,1.0,0.15,814132.95,46346.0,6.0853865899854975,0.04372111911895934,1.0342383792567946,-0.7,0.0
2022-11-08,,,,1370.8,1374.5,1425.75,1472.9333333333334,1413.3126327041916,33.214285714285715,33.189655172413794,-34.19820053017497,-31.239627893180735,-2.958572636994237,1548.5830060219598,1302.9169939780402,1425.75,245.66601204391964,-65.03496503496504,43.668663646145944,29.46790101411637,72.07018891020509,-40.094788215849306,12.25806451612903,26.881720430107528,57.36124774004627,76.12860609051465,1332.0,1537.0,1346.0,0,0,717047.4,49991785,1424.4423861193368,0.6666666666666666,0.3333333333333333,0.4444444444444444,27413814.814814813,-10.084580351333772,-13.384813384813398,-5.3098203400834265,-2.2438115785755923,60.856959888222626,29.035812672176302,1.0,0.1,815643.15,1025.0,0.12686569935180803,0.04247339742372488,1.068630203527961,-0.4,0.0
2022-11-09,,,,1378.4,1373.4,1418.5,1469.85,1411.2828581609351,33.857142857142854,35.9504132231405,-31.628134094040206,-31.31732913335263,-0.3108049606875767,1530.307164820654,1306.692835179346,1418.5,223.6143296413079,-58.04195804195804,54.7534680717896,37.896423366674114,88.46755748202057,-29.34030750129055,13.713080168776374,26.37130801687764,57.93621456888307,91.29081273394361,1332.0,1526.0,1346.0,0,0,719288.55,50724971,1417.3735618341207,0.7407407407407407,0.25925925925925924,0.37037037037037035,27155037.037037037,-8.781127129750976,-13.384813384813398,-5.052874729610264,-2.2438115785755923,59.96748958650818,29.035812672176302,1.0,0.05,816311.7,-19243.0,-2.3787155455235465,0.04161083013236273,1.0212339059109308,-0.3,1.0
2022-11-10,,,,1383.6,1373.0,1412.05,1466.7166666666667,1408.3987764313224,34.57142857142857,34.66135458167331,-30.131607580327227,-31.080184822747547,0.9485772424203205,1516.257232802674,1307.8427671973259,1412.05,208.41446560534814,-65.73426573426573,57.442482988030676,44.41177657379296,83.50389581650609,-30.3523765170833,13.636363636363638,25.82644628099174,58.71407545145599,94.61780208359109,1475.0,1526.0,1346.0,0,0,714342.2,49983112,1409.4948418512397,0.4411764705882353,0.5588235294117647,0.3235294117647059,21819382.352941174,-9.501965923984269,-13.384813384813398,-4.631598702895641,-2.2438115785755923,59.1896999763761,29.035812672176302,1.0,0.05,814685.7,-15259.0,-1.9321964790185886,0.0431990430454552,1.052783150526725,-0.1,0.0
2022-11-11,,,,1383.6,1372.4,1405.4,1463.4166666666667,1406.932226295006,33.642857142857146,41.77215189873418,-27.658470196873168,-30.395841897572673,2.737371700699505,1494.9307062877908,1315.8692937122094,1405.4,179.06141257558147,-42.45283018867924,64.36336472706319,51.06230595821637,90.96548226475682,-17.033621951229083,15.074309978768575,22.505307855626324,57.305992009474245,100.0,1332.0,1493.0,1346.0,0,0,729630.75,50862141,1404.1260805094448,0.5454545454545454,0.45454545454545453,0.36363636363636365,26637242.424242426,-6.697923643670467,-13.384813384813398,-4.7634276758052065,-2.2438115785755923,58.450338456298695,29.035812672176302,1.0,0.0,812201.65,-24865.0,-3.2106075944136836,0.04676320445674283,1.0456306080757414,-0.1,0.0
2022-11-14,,,,1388.4,1377.2,1400.45,1460.4833333333333,1405.7005856954818,34.42857142857143,46.948356807511736,-25.32585862639644,-29.381845243337427,4.055986616940988,1479.9761625270914,1320.9238374729086,1400.45,159.0523250541828,-34.04255319148936,64.894725420879,55.67311244577058,83.33795137109583,-2.4830098010946906,18.46473029045643,17.01244813278008,53.908477686542106,100.0,1332.0,1487.0,1346.0,0,0,745897.35,51955266,1398.7837720118816,0.2727272727272727,0.7272727272727273,0.022727272727272728,24843750.0,-6.254203093476818,-13.384813384813398,-3.6986666926745797,-1.9143705778890046,58.02812432393453,29.035812672176302,1.0,0.0,810626.4,28632.0,3.819642235381848,0.04778360144012622,1.0757128779083303,0.3,0.0
2022-11-15,,,,1395.0,1382.9,1396.85,1458.5833333333333,1406.586244200674,35.142857142857146,52.60869565217392,-21.534486499938566,-27.812373494657656,6.27788699471909,1465.678620117927,1328.0213798820728,1396.85,137.65724023585426,-11.702127659574469,72.23140424883997,61.1925430467937,94.30912665293249,14.181967856049303,18.08943089430894,14.634146341463415,51.436885964299215,100.0,1332.0,1460.0,1346.0,0,0,750618.0,52702809,1395.5270525309365,0.8,0.2,0.7,24918100.0,-3.082191780821908,-13.384813384813398,-2.535477567994402,-1.9143705778890046,57.90762620837808,29.035812672176302,1.0,0.05,808101.3,-52187.0,-6.705849548527365,0.05263341187949389,1.098642745426282,0.0,1.0
2022-11-16,,,,1399.6,1389.0,1394.6,1456.8833333333334,1407.3875542768003,34.42857142857143,57.075471698113205,-18.318630999153356,-25.913624995556795,7.5949939964034385,1457.4160220926829,1331.783977907317,1394.6,125.63204418536588,-11.702127659574469,76.72569807065521,66.37026138808088,97.4365714358039,27.79427545855944,18.87966804979253,12.240663900414937,49.47900130289697,100.0,1426.0,1460.0,1346.0,0,0,749694.55,52702809,1393.4380142108098,0.5789473684210527,0.42105263157894735,0.0,29224473.684210528,-3.082191780821908,-13.384813384813398,-1.6163592189528562,-1.8835225239270448,57.6873217526575,29.035812672176302,1.0,0.1,803403.1,-13615.0,-1.875230702271491,0.059269736994449214,1.0688403233040193,0.1,0.0
2022-11-17,,,,1399.2,1391.4,1390.55,1455.15,1404.6839776790098,37.142857142857146,45.72649572649573,-18.46212163529981,-24.423324323505398,5.961202688205589,1445.5733443278584,1335.5266556721415,1390.55,110.04668865571693,-50.0,60.38123461120604,64.3739191291226,52.39586557537294,-6.256819962213762,17.5,18.653846153846153,43.383033982509,74.82228018017051,1426.0,1458.0,1346.0,0,0,780127.55,51603436,1390.9689762483924,0.23214285714285715,0.7678571428571429,0.6428571428571429,19631660.714285713,-5.418381344307277,-13.384813384813398,-2.831518912717342,-2.6063821457527734,57.6873217526575,29.035812672176302,1.0,0.1,802778.55,69246.0,9.719705402222534,0.059576177998568625,1.1585468084060881,-0.2,0.0
2022-11-18,,,,1393.8,1388.7,1385.95,1453.5666666666666,1400.999789328628,34.42857142857143,55.154639175257735,-19.401185562362798,-23.41889657127688,4.01771100891408,1431.8582609235204,1340.0417390764796,1385.95,91.8165218470408,-63.829787234042556,47.27170026711982,58.67317950845501,24.468741784449435,-47.06854959991202,18.04979253112033,13.900414937759335,37.999998155645144,95.73863023393302,1426.0,1432.0,1346.0,0,0,787596.2,50831298,1387.0095118115942,0.5333333333333333,0.4666666666666667,0.43333333333333335,25737933.333333336,-4.608938547486041,-13.384813384813398,-3.2339647177011646,-2.6063821457527734,57.6873217526575,29.035812672176302,1.0,0.1,803003.2,3768.0,0.4820417692775081,0.05943812104566589,1.1206257810045401,-0.3,0.0
2022-11-21,,,,1389.4,1388.9,1382.95,1452.4333333333334,1398.2379046306635,34.57142857142857,53.72340425531915,-19.437190797954827,-22.62255541661247,3.185364618657644,1423.744607486399,1342.155392513601,1382.95,81.58921497279789,-57.4468085106383,41.16358965176409,52.8366495562247,17.817469842842883,-35.2093797001633,18.595041322314053,13.636363636363638,32.835162990809984,92.56343346722123,1332.0,1415.0,1346.0,0,0,786720.1,51557832,1383.466054742129,0.6071428571428571,0.39285714285714285,0.21428571428571427,25947642.85714286,-3.0388692579505494,-13.384813384813398,-2.133386832431639,-2.6063821457527734,57.6873217526575,29.035812672176302,1.0,0.1,798528.3,-52336.0,-6.663246091696029,0.06253858467402267,1.0379070048354324,-0.6,0.0
2022-11-22,,,,1379.2,1387.1,1380.8,1450.4,1394.9771518086955,33.714285714285715,52.60416666666667,-19.882070218456192,-22.074458376981216,2.1923881585250236,1420.7821012582124,1340.8178987417875,1380.8,79.96420251642485,-73.80952380952381,33.582743978369045,46.418681030272815,7.910869874561499,-40.5112321795646,18.43220338983051,12.711864406779661,27.853680050143367,90.08040323705875,1426.0,1415.0,1346.0,0,0,781267.2,50942220,1381.2512813371234,0.34782608695652173,0.6521739130434783,0.34782608695652173,26765739.130434785,-3.6042402826855224,-13.384813384813398,-1.5642491397254623,-2.6063821457527734,57.6873217526575,29.035812672176302,1.0,0.1,792684.2,17904.0,2.4422082997434202,0.060809947307535146,0.9959269801332573,-0.7,0.0
2022-11-23,,,,1372.0,1385.8,1379.6,1448.9166666666667,1393.4555183031052,34.357142857142854,55.8252427184466,-18.807464975618814,-21.42105969670874,2.6135947210899246,1418.193154560319,1341.0068454396808,1379.6,77.18630912063827,-61.03896103896104,35.107794231193395,42.64838543057968,20.026611832420826,-5.283110877018939,20.997920997921,12.474012474012474,23.393233664231143,95.93549448741157,1349.0,1415.0,1346.0,0,0,787879.7,51632229,1380.306490360563,0.5333333333333333,0.4666666666666667,0.5,23000300.0,-2.544169611307434,-13.384813384813398,-0.8025219938809705,-2.6063821457527734,57.6873217526575,29.035812672176302,1.0,0.1,784216.05,-46239.0,-6.156900498128525,0.06122952874848342,1.035858147250266,-0.8,0.0
2022-11-24,,,,1373.4,1386.3,1379.65,1447.4666666666667,1392.7454689409049,32.42857142857143,48.0,-17.192803147462882,-20.575408386859568,3.3826052393966854,1418.2751894898552,1341.024810510145,1379.65,77.25037897971015,-52.63157894736842,39.19466983833946,41.49714689983294,34.5897157153525,13.59317710869688,14.75770925110132,13.215859030837002,19.98451796264907,70.4955609362389,1349.0,1415.0,1346.0,0,0,789221.15,52262470,1380.008074838508,0.5833333333333334,0.4166666666666667,0.2916666666666667,26260041.666666668,-2.049469964664341,-13.384813384813398,0.15079054342811785,-2.6063821457527734,57.6873217526575,29.035812672176302,1.0,0.15,772852.8,-27198.0,-3.8591203963835086,0.057901456722479615,0.9406003637787359,-0.7,0.0
2022-11-25,,,,1386.0,1389.9,1381.15,1446.9833333333333,1396.1982814227235,32.5,65.12820512820514,-12.301625895802772,-18.920651888648212,6.61902599284544,1424.9258645346818,1337.3741354653184,1381.15,87.55172906936332,-5.9523809523809526,57.47898624143265,46.82442668036617,78.78810536356559,90.61729507269087,20.87912087912088,13.186813186813186,18.5057367534875,100.0,1349.0,1429.0,1346.0,1,0,796142.15,53073881,1381.1633762052836,0.9,0.1,0.86,16228220.0,0.0,-13.384813384813398,1.1662772327486954,-2.6063821457527734,57.90762620837808,29.035812672176302,2.0,0.2,763576.7,-30795.0,-4.544891037731668,0.06629449519189515,0.9948965308581499,-0.6,1.0
2022-11-28,,,,1393.2,1391.3,1384.25,1445.9666666666667,1397.3222546205593,33.92857142857143,56.372549019607845,-10.004531172754923,-17.137427745469555,7.132896572714632,1426.2919589904996,1342.2080410095004,1384.25,84.0839179809991,-38.297872340425535,58.88670004747992,50.84518446940409,74.9697312036316,80.84376240328997,22.105263157894736,12.63157894736842,17.785028889922494,71.26169606791213,1444.0,1429.0,1354.0,0,0,801556.7,52030665,1384.452995735257,0.23404255319148937,0.7659574468085106,0.44680851063829785,22196085.10638298,-1.4695591322603119,-12.870012870012893,2.6869747628347076,-1.6957655516350072,57.90762620837808,29.035812672176302,1.0,0.25,754808.7,3673.0,0.5678910416077265,0.0719722621814043,1.1174562030499249,-0.7,1.0
2022-11-29,,,,1401.6,1390.4,1386.65,1445.1166666666666,1398.1487065614585,33.357142857142854,53.57142857142857,-8.250345493184568,-15.360011295012558,7.10966580182799,1427.854368700047,1345.4456312999532,1386.65,82.40873740009374,-40.42553191489362,59.11595606002207,53.602108332943416,70.14365151417937,60.43432385623346,20.770877944325484,12.847965738758031,17.212738290813256,62.06770194665846,1444.0,1429.0,1354.0,0,0,801006.5,51434933,1386.5939998822316,0.15789473684210525,0.8421052631578947,0.10526315789473684,31354315.789473683,-1.6095171448565315,-12.870012870012893,2.1047634166361027,-1.6957655516350072,57.90762620837808,29.775427667110456,1.0,0.3,747113.6,12246.0,1.8826908057781422,0.07493716158227649,1.1333038863539566,-0.7,1.0
2022-11-30,,,,1403.0,1387.5,1388.25,1444.5,1396.9916868889386,33.214285714285715,51.21951219512195,-8.377404057701597,-13.963489847550367,5.58608578984877,1426.4950547194765,1350.0049452805235,1388.25,76.49010943895291,-61.702127659574465,52.17659482015656,53.126937162014464,50.27591013644074,4.84245382127626,20.64516129032258,17.419354838709676,15.61163285618222,40.449301102238344,1444.0,1429.0,1355.0,0,0,785965.2,50778682,1388.9033508311395,0.3125,0.6875,0.625,20507843.75,-3.0090972708187502,-12.805662805662843,1.411540651952256,-1.6957655516350072,57.90762620837808,30.164578545481508,1.0,0.3,740133.15,18943.0,2.858466450781494,0.07424391834608834,1.1300436570890096,-0.8,0.0
2022-12-01,,,,1402.6,1388.0,1389.7,1443.2333333333333,1395.7543833757063,32.642857142857146,47.69230769230769,-8.541026533517424,-12.87899718474378,4.337970651226355,1424.6983458251352,1354.7016541748649,1389.7,69.99669165027035,-63.829787234042556,45.645819767744825,50.63323136392459,35.6709965753853,0.7249870519621939,19.256017505470457,17.72428884026258,14.495061465816828,10.132158590308366,1444.0,1429.0,1364.0,0,0,783318.15,50176682,1390.4453240572386,0.12,0.88,0.08,24080000.0,-3.14905528341497,-10.865322055953175,1.288616253378262,-1.6957655516350072,57.90762620837808,32.5883095037847,1.0,0.3,732771.55,-10354.0,-1.5189813992996348,0.07334546769009428,1.1233719389425905,-0.6,0.0
2022-12-02,,,,1395.4,1390.7,1389.7,1442.45,1395.4920611494485,30.928571428571427,49.75369458128079,-7.853938427293087,-11.873985433253642,4.020047005960555,1424.6983458251352,1354.7016541748649,1389.7,69.99669165027035,-54.255319148936174,44.445698026981404,48.5707202516102,36.19565357772382,9.141377880133435,16.166281755196305,18.706697459584294,14.723004391563864,20.75692801805516,1350.0,1429.0,1364.0,0,0,762441.7,50679486,1391.141726486541,0.45,0.55,0.45,25140200.0,-2.519244226731998,-10.865322055953175,0.09664437627222121,-1.6957655516350072,57.90762620837808,33.215112242536456,1.0,0.35,727511.35,-14896.0,-2.2190210744435723,0.07681227678584766,1.025666256975897,-0.6,0.0
2022-12-05,,,,1394.2,1393.7,1391.3,1442.0,1396.1118648495012,30.857142857142858,46.596858638743456,-6.508169245182444,-10.800822195639402,4.292652950456958,1425.4211463985077,1357.1788536014922,1391.3,68.24229279701558,-44.680851063829785,45.679848067370315,47.607096190196906,41.82535182171715,21.09389968492336,17.824074074074073,19.212962962962965,14.236646805051,4.486011486034544,1350.0,1429.0,1364.0,0,0,743755.45,51319094,1392.1872523197421,0.6896551724137931,0.3103448275862069,0.3103448275862069,22055448.275862068,-1.889433170048993,-10.084580351333772,1.5846325457750527,-1.5232896562126779,57.90762620837808,34.367014699821404,1.0,0.4,716821.15,-62254.0,-9.484286042922585,0.08368264679171865,0.9202063452980959,-0.5,0.0
2022-12-06,,,,1395.6,1398.6,1392.85,1441.2166666666667,1397.7202586733583,31.285714285714285,49.504950495049506,-4.502131632472583,-9.541084083006037,5.038952450533454,1427.9934653650464,1357.7065346349534,1392.85,70.28693073009299,-32.97872340425532,49.43471352639503,48.21630196892961,51.87153664132586,48.592310046182234,18.94977168949772,18.94977168949772,12.712837281241475,19.474854974484227,1350.0,1429.0,1364.0,0,0,729439.95,51772957,1393.3689976124833,0.76,0.24,0.44,18154520.0,-1.1196641007697794,-9.501965923984269,1.5291107106869277,-1.5232896562126779,57.90762620837808,34.367014699821404,1.0,0.45,704537.85,-30837.0,-5.190217071146885,0.09234659718446066,0.9015607841543755,-0.4,0.0
2022-12-07,,,,1397.4,1400.2,1393.0,1439.9166666666667,1397.4611864187527,29.785714285714285,54.34782608695652,-4.315040834680303,-8.49587543334089,4.180834598660587,1428.1537974286377,1357.8462025713623,1393.0,70.30759485727549,-52.12765957446808,42.27020117445944,46.234268370772895,34.34206678183253,23.446520294802898,20.62350119904077,12.470023980815348,14.244708123935633,41.826250740176114,1444.0,1429.0,1364.0,0,0,717467.6,51279218,1393.9344010098853,0.22857142857142856,0.7714285714285715,0.5142857142857142,14106828.571428573,-2.3792862141357785,-9.501965923984269,0.23060778164981507,-1.5232896562126779,57.90762620837808,34.367014699821404,1.0,0.5,691874.75,-26839.0,-4.7646014557074405,0.10391580890592413,0.8930831073385341,-0.1,0.0
2022-12-08,,,,1401.6,1402.1,1394.2,1438.9166666666667,1398.1791686645859,29.5,60.773480662983424,-3.3215646730516255,-7.461013281283037,4.139448608231412,1429.2674537963476,1359.1325462036525,1394.2,70.13490759269507,-43.82022471910113,42.3958203908161,44.9547857107873,37.2778897508737,7.748074166142334,20.823244552058114,10.411622276029057,15.69801672010137,76.50076605227721,1355.0,1429.0,1364.0,0,0,701020.85,51692142,1394.6385324107455,0.9615384615384616,0.038461538461538464,0.38461538461538464,15881692.307692308,-1.679496151154658,-6.697923643670467,1.1891346481840148,-1.5232896562126779,58.02812432393453,34.367014699821404,1.0,0.55,678377.65,-31939.0,-5.953648075069761,0.11853312512989603,0.8774153357162964,-0.3,0.0
2022-12-09,,,,1411.0,1403.2,1396.55,1438.1333333333334,1402.1621049822443,30.714285714285715,66.19047619047619,0.2866752219342743,-5.911475580639575,6.198150802573849,1437.1428435483144,1355.9571564516855,1396.55,81.18568709662895,-10.638297872340425,57.09270908937289,49.00076017031583,73.27660692748702,101.26549215455275,29.53488372093023,10.0,18.128527385906153,100.0,1355.0,1440.0,1364.0,1,0,685282.0,52256394,1396.3870739831682,0.7560975609756098,0.24390243902439024,0.8536585365853658,13762243.902439024,0.0,-6.254203093476818,2.052893329077506,-1.5232896562126779,58.17457585443817,34.367014699821404,1.0,0.6,661935.25,-83771.0,-16.604033124422724,0.14652822271895008,0.9924245878818114,-0.3,1.0
2022-12-12,,,,1438.0,1416.1,1403.7,1438.5,1415.0038092696495,39.92857142857143,78.92976588628763,10.848268584422385,-2.559526747627183,13.407795332049568,1478.4264484987261,1328.973551501274,1403.7,149.45289699745217,-24.017467248908297,62.90748507192761,53.63633513751975,81.44978494074331,189.37827581313283,48.1216457960644,7.6923076923076925,21.990566707129148,100.0,1355.0,1537.0,1364.0,1,0,686007.1,53364021,1408.7971067403435,0.05172413793103448,0.9482758620689655,1.6724137931034482,19097017.241379313,0.0,-5.418381344307277,4.044924656425613,-1.5232896562126779,59.1896999763761,34.367014699821404,2.0,0.65,654039.2,199559.0,47.42923962153387,0.1427857688134146,1.1342384891971087,0.0,0.0
2022-12-13,,,,1468.2,1431.9,1411.15,1439.35,1429.19392267254,40.07142857142857,79.7427652733119,21.15324038028166,2.183026677954586,18.970213702327072,1514.7510058880816,1307.5489941119185,1411.15,207.2020117761631,-12.727272727272727,70.86914099134796,59.38060375546249,93.84621546311891,137.9810235924462,45.45454545454546,7.664884135472372,25.25307392770048,100.0,1355.0,1564.0,1364.0,1,0,680826.5,54007952,1415.7157231198648,0.90625,0.09375,0.84375,20122843.75,0.0,-5.418381344307277,4.129292656361363,-1.5232896562126779,59.96748958650818,34.367014699821404,2.0,0.65,649483.6,14622.0,2.35720849252794,0.1414979007732985,1.1759287953904058,0.3,0.0
2022-12-14,,,,1504.0,1450.7,1419.1,1440.5666666666666,1442.9849776561077,39.92857142857143,79.93630573248407,29.78359446102263,7.703140234568195,22.080454226454435,1545.7772110106764,1292.4227889893234,1419.1,253.354422021353,-8.333333333333334,77.74923864832002,65.50348205308167,102.24075183879671,119.52379191299552,47.227191413237925,7.6923076923076925,30.00129961773027,100.0,1355.0,1574.0,1364.0,1,0,680693.9,54560565,1422.04839174652,0.7727272727272727,0.22727272727272727,0.45454545454545453,25118772.727272727,0.0,-5.418381344307277,4.390959964540348,-1.5232896562126779,60.652105459021556,34.367014699821404,2.0,0.65,646329.7,14419.0,2.2709518499618886,0.14033274535817197,1.1620608535497527,0.4,0.0
2022-12-15,,,,1548.8,1475.2,1431.6,1442.7666666666667,1460.7006940698118,41.0,80.67484662576686,40.59331809167725,14.281175805990006,26.31214228568724,1587.568147895218,1275.6318521047817,1431.6,311.93629579043636,-3.802281368821293,83.87915781187871,71.62870730601401,108.38005882360812,121.14336950449787,49.82578397212543,7.491289198606272,33.66412370412529,100.0,1355.0,1629.0,1364.0,1,0,682274.85,55691557,1440.7312020710326,0.8360655737704918,0.16393442622950818,0.9016393442622951,18540852.459016394,0.0,-4.608938547486041,6.917958119521438,-1.4248293079643626,61.38664167324389,34.367014699821404,3.0,0.7,642927.05,64271.0,9.897728655226533,0.13459916810252492,1.3153439492810939,0.7,0.0
2022-12-16,,,,1576.8,1493.9,1442.3,1444.3666666666666,1472.0625327298299,43.357142857142854,74.29378531073446,44.69104095795433,20.36314883638287,24.32789212157146,1608.3552856572378,1276.244714342762,1442.3,332.1105713144757,-22.433460076045627,81.65946428127822,74.97229296443541,95.03380691496383,90.82083522829325,45.46952224052719,10.378912685337728,36.20406164229332,81.27512305755185,1639.0,1629.0,1364.0,0,0,717065.2,54223612,1460.274183319267,0.275,0.725,0.6125,18349312.5,-3.007980356046669,-3.6042402826855224,5.653732837507936,-1.5464801934496395,64.0970695970696,34.367014699821404,3.0,0.75,639075.8,-5204.0,-0.7292376075849649,0.12740898662114045,1.461561160798547,0.9,0.0
2022-12-19,,,,1579.0,1508.5,1451.1,1445.2333333333333,1479.2946724698459,44.92857142857143,68.48958333333334,44.83950142631443,25.25841935436918,19.581082071945247,1620.096916820121,1282.103083179879,1451.1,337.993833640242,-34.60076045627376,76.0612644758071,75.33528346822598,77.51322649096937,61.606572817838796,43.879173290938,13.036565977742447,38.3914234389495,64.24300842798127,1639.0,1629.0,1364.0,0,0,739893.0,53040522,1472.3063821165133,0.225,0.775,0.8,29577250.0,-4.972375690607745,-4.972375690607745,4.534107732337191,-2.074449650713725,65.34065934065936,34.367014699821404,3.0,0.8,637061.45,-15598.0,-2.201807407491052,0.12471280756088168,1.4459695130021222,0.8,0.0
2022-12-20,,,,1576.0,1522.1,1460.35,1446.3,1485.9332750917652,44.857142857142854,72.32876712328768,44.52459721860464,29.111654927216275,15.412942291388365,1629.5254305913231,1291.1745694086767,1460.35,338.35086118264644,-34.74903474903475,72.45783140085982,74.37613277910393,68.6212286443716,51.08725515556086,43.94904458598727,10.19108280254777,42.23987807504121,75.50888419334704,1380.0,1629.0,1379.0,0,0,750178.6,53861846,1480.7251884417924,0.6129032258064516,0.3870967741935484,0.03225806451612903,26494322.580645163,-4.910988336402699,-4.972375690607745,4.798665722995854,-2.074449650713725,66.20539300057372,34.367014699821404,3.0,0.85,633973.0,-3578.0,-0.5164400565803473,0.11973488997108576,1.4814616202929385,0.5,0.0
2022-12-21,,,,1573.8,1538.9,1469.55,1447.7,1493.2729631782638,44.92857142857143,73.74005305039788,44.887283697252315,32.26678068122348,12.620503016028835,1640.1050999097752,1298.9949000902247,1469.55,341.1101998195504,-29.343629343629345,70.62406151361668,73.12544235727484,65.62129982630037,51.720783250368946,44.83306836248013,10.174880763116056,46.44443296879132,79.65022589358946,1380.0,1629.0,1384.0,0,0,747212.75,54492538,1488.6718686210854,0.8461538461538461,0.15384615384615385,0.5384615384615384,24257384.615384616,-4.05156537753224,-4.972375690607745,4.731016593418848,-2.074449650713725,66.41106297109621,34.367014699821404,3.0,0.9,632977.45,-4381.0,-0.6356258034188267,0.1185777967305431,1.4954379317980517,0.2,0.0
2022-12-22,,,,1556.8,1552.8,1477.45,1448.2833333333333,1498.1041095422386,45.785714285714285,69.50904392764858,43.14423425804739,34.44227139658827,8.701962861459123,1646.3392193747811,1308.560780625219,1477.45,337.77843874956216,-36.67953667953668,51.36405324149369,65.87164598534778,22.3488677537855,43.39824692692766,44.46177847113885,10.45241809672387,50.34779368092686,67.23456002634275,1639.0,1629.0,1384.0,0,0,751852.1,53769510,1496.0118971537088,0.1875,0.8125,0.59375,22594625.0,-5.217925107427879,-5.217925107427879,4.0311616255574325,-2.074449650713725,66.6120481927711,34.367014699821404,3.0,0.9,632802.9,-10778.0,-1.5737500018251915,0.11844428386684706,1.392987591706562,0.1,-1.0
2022-12-23,,,,1551.8,1564.3,1483.75,1449.05,1503.5227657763112,46.285714285714285,69.66580976863753,42.16441792524529,35.98670070231967,6.177717222925615,1654.420350152049,1313.079649847951,1483.75,341.34070030409794,-32.432432432432435,42.57603549432913,58.106442488341564,11.515221506304272,38.03310154766098,42.901234567901234,11.728395061728396,54.15580417325939,64.68054686175188,1380.0,1629.0,1384.0,0,0,747373.45,54491348,1502.9000602710732,0.7777777777777778,0.2222222222222222,0.3055555555555556,20051055.555555556,-4.542664211172498,-5.217925107427879,3.2974666360350793,-2.074449650713725,66.6120481927711,34.367014699821404,2.0,0.9,633175.45,-19853.0,-2.9451862752806424,0.11851923948201543,1.1992265007409344,-0.1,0.0
2022-12-26,,,,1557.6,1568.3,1492.2,1450.1,1510.5205976071386,46.857142857142854,70.5,42.671235124044415,37.32360758666462,5.347627537379793,1663.8110657699767,1320.5889342300234,1492.2,343.22213153995335,-23.93822393822394,43.26497604383847,53.159287006840536,23.476354117834333,47.12362327649451,44.66463414634146,11.585365853658539,58.35634617867944,61.35207700101319,1380.0,1629.0,1384.0,0,0,740428.55,55395666,1513.2181465945184,0.7272727272727273,0.2727272727272727,0.6666666666666666,27403575.757575758,-3.1921424186617586,-5.217925107427879,4.447612287410142,-2.074449650713725,68.09791666666666,34.367014699821404,2.0,0.9,634253.55,17784.0,2.718310074438657,0.11897209369393762,1.1268343314064242,0.0,0.0
2022-12-27,,,,1573.6,1574.8,1503.35,1451.65,1521.8043502159826,48.92857142857143,76.95852534562212,46.73018039234489,39.20492214780068,7.5252582445442115,1680.2749320444066,1326.4250679555932,1503.35,353.8498640888133,-3.861003861003861,59.20046021970184,55.17301141112763,67.25535783685027,63.9334701383021,49.78102189781022,10.072992700729927,61.33518776833757,81.32630048060797,1380.0,1629.0,1384.0,0,0,760474.05,56392308,1523.7864599719082,0.875,0.125,0.8125,15572531.25,0.0,-5.217925107427879,5.54487631643165,-2.074449650713725,68.6934754521964,34.367014699821404,2.0,0.9,637614.05,57894.0,8.614999092280806,0.12270324673198707,1.1615946090415405,0.3,0.0
2022-12-28,,,,1592.2,1583.0,1516.85,1453.6833333333334,1534.584888290651,50.214285714285715,77.8270509977827,51.53157420206935,41.67025255865442,9.861321643414932,1697.2428753406155,1336.4571246593844,1516.85,360.7857506812311,-1.9841269841269842,71.55652571860719,60.634182846954154,93.40121146191326,73.69663815019712,51.920341394025606,8.819345661450924,64.02282019835876,80.3388373646838,1380.0,1656.0,1384.0,1,0,785610.05,57551279,1538.2907393008359,0.8863636363636364,0.11363636363636363,0.6136363636363636,26340250.0,0.0,-5.217925107427879,6.837404264310362,-2.074449650713725,68.6934754521964,34.367014699821404,2.0,0.95,641109.2,21636.0,2.9642091880072607,0.12757342694596976,1.2858375765905374,0.6,0.0
2022-12-29,,,,1612.8,1584.8,1530.0,1455.9333333333334,1545.291089405827,49.142857142857146,74.3529411764706,53.988146854109345,44.13383141774541,9.854315436363933,1707.9438113561996,1352.0561886438004,1530.0,355.8876227123992,-12.408759124087592,76.90143077104226,66.05659882165018,98.59109466982639,68.69178436424707,47.09302325581395,9.011627906976745,65.34166898139529,48.118433737727464,1664.0,1656.0,1393.0,0,0,805578.8,56549904,1550.658508971024,0.43333333333333335,0.5666666666666667,0.3,33379166.666666664,-0.5434782608695676,-5.217925107427879,6.649696170554987,-2.074449650713725,69.54039709584637,34.367014699821404,2.0,1.0,645363.45,4828.0,0.6424108235845161,0.13258641344658265,1.3360993567863766,0.3,0.0
2022-12-30,,,,1633.8,1592.8,1543.35,1458.5,1556.215747557653,40.57142857142857,68.03519061583577,56.334599537569375,46.5739850417102,9.760614495859173,1718.0500738106443,1368.6499261893555,1543.35,349.40014762128885,-2.9197080291970803,83.62771783762915,71.91363849364316,107.05587652560112,64.40101635117749,32.04225352112676,11.443661971830988,63.551134954019155,0.0,1527.0,1660.0,1395.0,1,0,826231.85,57465769,1561.015206930113,0.90625,0.09375,0.40625,28620781.25,0.0,-5.217925107427879,6.703263795857675,-2.074449650713725,69.54039709584637,34.367014699821404,2.0,1.0,649415.35,-18943.0,-2.5044554795788265,0.13550684366959462,1.363825478662057,0.3,0.0
2023-01-03,,,,1652.8,1605.2,1556.85,1460.4666666666667,1567.2428192188288,42.07142857142857,66.56441717791412,58.4882636110774,48.95684075558364,9.531422855493759,1727.2344260240645,1386.4655739759353,1556.85,340.76885204812925,-7.643312101910828,86.53737452444916,76.78821717057849,106.03568923219052,65.22879955241307,34.46519524617997,11.035653650254671,62.14767764802754,0.0,1527.0,1672.0,1395.0,1,0,833961.75,58259975,1572.0780699274676,0.7735849056603774,0.22641509433962265,0.22641509433962265,14985018.867924528,0.0,-5.217925107427879,6.733113447515723,-2.074449650713725,69.54039709584637,34.367014699821404,2.0,1.0,658277.75,33956.0,4.604646684629987,0.1382605199418364,1.300605713521193,0.3,0.0
2023-01-04,,,,1659.4,1616.5,1569.3,1462.6333333333334,1576.2673126265593,42.92857142857143,63.49693251533743,58.711353542046936,50.9077433128763,7.803610229170637,1731.6253393326033,1406.9746606673966,1569.3,324.65067866520667,-14.012738853503185,86.35400339846504,79.97681257987401,99.10838503564713,57.59931936138594,31.780366056572376,10.815307820299502,60.52137617059618,0.0,1684.0,1672.0,1395.0,0,0,856006.35,57365220,1580.8484903373283,0.7272727272727273,0.2727272727272727,0.30303030303030304,27113787.87878788,-0.5980861244019087,-5.217925107427879,6.14340394114756,-2.074449650713725,69.54039709584637,34.367014699821404,2.0,1.0,668877.6,3912.0,0.5071397551158041,0.1371139958609817,1.2583347557929518,-0.1,0.0
2023-01-05,,,,1662.0,1627.1,1583.0,1464.8333333333333,1585.0989971383156,40.785714285714285,57.19424460431655,58.775468404863204,52.48128833127368,6.294180073589523,1728.7943757487624,1437.2056242512376,1583.0,291.58875149752475,-11.25,87.15266893231002,82.36876469735267,96.72047740222473,62.51796968708548,25.74430823117338,11.383537653239932,58.00845209289605,0.0,1527.0,1672.0,1405.0,0,0,878684.9,58312530,1590.6618040020185,0.4857142857142857,0.5142857142857142,0.2,27066000.0,-0.17942583732056816,-5.217925107427879,6.940906736620252,-2.074449650713725,69.54039709584637,34.367014699821404,2.0,1.0,681140.65,6425.0,0.828714673215547,0.13131506757123482,1.1922756974515842,-0.1,0.0
2023-01-06,,,,1671.0,1641.9,1597.35,1467.8666666666666,1595.2800450299046,37.285714285714285,72.22222222222223,59.99065277425075,53.983161219869096,6.007491554381652,1724.7073918668614,1469.9926081331384,1597.35,254.71478373372292,-1.1976047904191616,90.96229938276933,85.23327625915823,102.42034562999152,72.84805870155203,29.501915708812263,8.620689655172415,57.432881445728476,72.83535419914872,1527.0,1692.0,1440.0,1,0,894224.2,59036240,1598.8696831100447,0.9354838709677419,0.06451612903225806,0.7419354838709677,23345483.870967742,0.0,-5.217925107427879,7.183795628937521,-2.074449650713725,69.83264781491003,34.367014699821404,2.0,1.0,696533.35,30654.0,3.921342881484713,0.12025056068754174,1.1056631583597039,0.3,0.0
2023-01-09,,,,1674.4,1654.1,1609.2,1470.3833333333334,1603.0628978841994,36.642857142857146,77.4468085106383,59.062484940873446,54.99902596406997,4.063458976803474,1717.6058650577493,1500.7941349422508,1609.2,216.81173011549845,-12.280701754385966,88.37486625517955,86.28047292449867,92.56365291654134,72.52298114086153,30.799220272904485,5.0682261208577,58.68639475292165,98.15709758579031,1698.0,1692.0,1537.0,0,0,905493.25,58246607,1607.5897197834806,0.34375,0.65625,0.46875,24676031.25,-0.886524822695034,-5.217925107427879,5.8967518696399654,-2.074449650713725,70.84444444444445,34.367014699821404,2.0,1.0,714322.7,-35838.0,-4.4115040326154435,0.07688537452147168,1.0606417374122283,0.5,0.0
2023-01-10,,,,1670.8,1661.8,1615.05,1473.0666666666666,1607.9140504666566,37.5,70.42801556420233,55.8274533342003,55.164711438096035,0.662741896104265,1719.6101816128826,1510.4898183871173,1615.05,209.12036322576523,-25.730994152046783,74.1429149520127,82.23462026700335,57.95950432203142,48.49194237017267,30.0952380952381,7.6190476190476195,58.48946749717087,64.13946172672152,1698.0,1692.0,1544.0,0,0,891195.8,57424929,1613.3614179772092,0.2558139534883721,0.7441860465116279,0.5348837209302325,19108790.69767442,-2.2458628841607653,-5.217925107427879,3.6861640399799054,-2.074449650713725,70.84444444444445,34.367014699821404,1.0,1.0,720955.8,-23566.0,-3.0347516798920338,0.07050023457976283,1.0729741318319033,0.4,0.0
2023-01-11,,,,1674.2,1666.8,1620.8,1476.2666666666667,1614.6841408984037,38.142857142857146,71.64179104477611,54.65097611148826,55.06196437277448,-0.4109882612862208,1726.1847087678138,1515.415291232186,1620.8,210.76941753562778,-11.11111111111111,73.30920698293384,79.25948250564684,61.40865593750783,52.513242209027,28.46441947565543,7.49063670411985,58.155721281921764,70.02220718280333,1527.0,1692.0,1544.0,0,0,889985.05,58044645,1617.4558160836523,0.8571428571428571,0.14285714285714285,0.7142857142857143,17706171.42857143,-0.768321513002368,-5.217925107427879,3.589140998941078,-2.074449650713725,71.75787728026533,34.367014699821404,1.0,1.0,728182.65,26497.0,3.5189887538978892,0.06613439339969499,1.0011678578063785,0.8,0.0
2023-01-12,,,,1674.2,1668.1,1625.55,1479.75,1619.8570798604605,37.642857142857146,74.13127413127413,52.308710753392006,54.511313648897996,-2.20260289550599,1730.6163449544,1520.4836550456,1625.55,210.13268990879988,-16.95906432748538,67.77827729210514,75.43241410113295,52.470003674049536,49.872286303881076,29.032258064516128,7.020872865275141,58.092922238859565,82.0878614569905,1698.0,1692.0,1544.0,0,0,891945.2,57452829,1620.7796699281525,0.24,0.76,0.4,23672640.0,-1.3593380614657091,-5.217925107427879,2.9639442611400697,-2.074449650713725,72.24353120243532,34.367014699821404,1.0,1.0,735530.05,16830.0,2.159162198881548,0.06347119046873753,0.9074445784534501,0.4,0.0
2023-01-13,,,,1671.8,1671.4,1628.1,1483.4166666666667,1625.5849770166071,38.5,74.13127413127413,50.754984780485756,53.760047875215555,-3.005063094729799,1735.9574107449428,1520.242589255057,1628.1,215.7148214898857,-12.413793103448276,69.56362764747308,73.47615194991299,61.73857904259327,43.02466508684351,28.571428571428573,8.905380333951761,57.76528656972364,82.0878614569905,1553.0,1692.0,1544.0,0,0,893082.05,58606558,1624.3037965921867,0.8125,0.1875,0.22916666666666666,24036020.833333332,-0.7092198581560183,-5.217925107427879,1.7843888160928323,-2.074449650713725,72.61102430870972,34.367014699821404,0.0,1.0,739453.0,-4218.0,-0.5297005270633259,0.06494582878081484,1.0205893001862527,0.1,0.0
2023-01-16,,,,1668.8,1671.6,1632.2,1486.8166666666666,1629.0530744435969,39.07142857142857,66.66666666666666,47.52337628569626,52.5127135573117,-4.98933727161544,1738.5828240982992,1525.817175901701,1632.2,212.76564819659825,-28.8,59.70908509831539,68.88712966604712,41.352995962851935,30.46188528771114,23.94881170018282,9.140767824497258,56.76127179397999,45.909518471271866,1698.0,1692.0,1544.0,0,0,868825.5,57623744,1629.0706070628298,0.5609756097560976,0.43902439024390244,0.43902439024390244,23971073.170731705,-1.7730496453900457,-5.217925107427879,3.199202784085861,-1.4041877071020448,72.61102430870972,34.367014699821404,0.0,1.0,742192.15,-28880.0,-3.6460917507174173,0.0642993340105435,1.074767139562233,0.1,0.0
2023-01-17,,,,1672.2,1671.5,1638.35,1490.8,1633.0480197346828,36.07142857142857,59.905660377358494,45.167861068573984,51.04374305956416,-5.875881990990173,1738.2621192794907,1538.4378807205092,1638.35,199.8242385589815,-33.333333333333336,57.885152777408,65.21980403650075,43.21585025922252,33.632166700915896,15.841584158415843,9.900990099009903,53.67094748414348,13.14128442508225,1617.0,1692.0,1544.0,0,0,833830.35,58106931,1635.420036861615,0.7272727272727273,0.2727272727272727,0.4090909090909091,21963045.454545457,-1.241134751773032,-5.217925107427879,5.241773340164659,-1.2234052902713355,72.61102430870972,35.69260149484706,0.0,1.0,745613.75,-1949.0,-0.2553717827937896,0.06227358457971218,0.9834632033191401,-0.1,0.0
2023-01-18,,,,1680.0,1677.1,1646.8,1495.9833333333333,1641.138684521856,36.57142857142857,63.362068965517246,46.55692622816696,50.146379693284715,-3.5894534651177565,1743.4264647194673,1550.1735352805326,1646.8,193.25292943893464,-2.247191011235955,71.10038991744895,67.17999933015015,78.94117109204655,63.766821208113114,19.3359375,9.765625000000002,50.95135596176051,30.454535977419795,1617.0,1718.0,1544.0,1,0,838100.25,59013653,1643.3884768558414,0.9607843137254902,0.0392156862745098,0.9215686274509803,17778862.74509804,0.0,-5.217925107427879,6.4627007213862475,-1.2234052902713355,72.61102430870972,40.60780416361545,0.0,1.0,751730.95,50334.0,6.61200233299879,0.062087302095093035,1.0478978814149176,-0.1,0.0
2023-01-19,,,,1692.4,1683.3,1655.2,1501.45,1649.6969050435841,37.285714285714285,67.79661016949152,48.15169891755568,49.74744353813891,-1.5957446205832326,1750.3510710174166,1560.0489289825834,1655.2,190.3021420348332,-21.25984251968504,73.17056806821526,69.17685557617186,81.15799305230206,89.7135319551731,25.670498084291186,9.578544061302683,49.3639649792355,52.35073255028949,1617.0,1731.0,1544.0,1,0,849319.5,59868730,1651.2412035949567,0.325,0.675,0.325,21376925.0,0.0,-5.217925107427879,6.381552144700025,-1.2234052902713355,72.61102430870972,44.935626960943424,0.0,1.0,755768.15,-45981.0,-5.6655733341876235,0.058218781636343316,1.1226291160737454,0.0,1.0
2023-01-20,,,,1705.6,1688.7,1665.3,1507.4666666666667,1658.8686283727666,36.857142857142854,68.0672268907563,50.04900858681981,49.807756547875094,0.24125203894471525,1753.3719801309283,1577.2280198690717,1665.3,176.1439602618566,-9.448818897637794,78.7523675076617,72.36869288666847,91.51971674964818,87.94121360855672,25.968992248062015,9.108527131782946,49.413813357086205,53.68694223967265,1617.0,1746.0,1555.0,1,0,835219.4,60309756,1657.9202346313634,0.8846153846153846,0.11538461538461539,0.5769230769230769,16962538.46153846,0.0,-4.542664211172498,8.064950479333694,-1.086431978873836,72.61102430870972,46.42278605629391,0.0,1.0,758077.3,-45339.0,-5.9219832681343565,0.0535106005255746,0.9537751820003046,0.0,1.0
2023-01-30,,,,1700.4,1684.6,1669.35,1511.4166666666667,1656.6906637658365,42.42857142857143,44.64285714285714,42.19021691929902,48.284248622159886,-6.0940317028608675,1742.199592708998,1596.500407291002,1669.35,145.69918541799598,-96.18320610687023,53.7738429694844,66.17040958094046,28.980709746572273,12.997575660363657,21.21212121212121,23.4006734006734,46.08617929022375,0.0,1762.0,1746.0,1577.0,0,0,859890.35,59094499,1663.8210240022656,0.03816793893129771,0.9618320610687023,0.8396946564885496,9276770.99236641,-6.300114547537216,-6.300114547537216,2.195247216694336,-1.6179276116940957,72.61102430870972,46.42278605629391,1.0,0.95,765074.65,73911.0,10.2616255661103,0.043251496767181825,1.0022665330184295,-0.3,0.0
2023-01-31,,,,1687.8,1680.0,1670.9,1515.7833333333333,1652.0534576928997,43.0,42.37288135593221,33.31862553398469,45.29112400452485,-11.972498470540167,1736.4274952333074,1605.3725047666928,1670.9,131.05499046661453,-96.85534591194968,36.89744667567304,56.41275527918465,-2.1331705313501885,-81.61896127629588,20.930232558139537,27.740863787375417,43.57006672318328,0.0,1762.0,1746.0,1608.0,0,0,864631.65,58095355,1666.01384793937,0.11904761904761904,0.8809523809523809,0.6666666666666666,23789142.85714286,-7.9037800687285165,-7.9037800687285165,0.9255378850438066,-1.940922597792511,72.61102430870972,46.42278605629391,1.0,0.9,775215.5,80654.0,10.155670587287213,0.04402840907286272,1.1037410741901734,-0.4,0.0
2023-02-01,,,,1663.8,1671.9,1669.35,1519.7833333333333,1646.9055093411948,43.714285714285715,40.05602240896358,25.19052828869303,41.27100486135849,-16.08047657266546,1740.2933428498332,1598.4066571501667,1669.35,141.8866856996665,-94.25287356321839,26.514006596042563,46.446505718137296,-13.350991648146902,-98.86353015575868,17.973856209150327,29.73856209150327,42.568515934865886,0.0,1762.0,1746.0,1598.0,0,1,874380.85,56903729,1664.9684782094666,0.2222222222222222,0.7777777777777778,0.2222222222222222,26480577.777777776,-8.47651775486825,-8.47651775486825,-0.6746287976579194,-1.940922597792511,72.61102430870972,46.42278605629391,1.0,0.85,783413.1,19029.0,2.175162974334466,0.05304711215213184,1.14692135974177,-0.8,0.0
2023-02-02,,,,1630.2,1661.3,1664.7,1523.2666666666667,1638.9145084515574,44.785714285714285,32.52032520325203,15.743266591798601,36.165457207446515,-20.422190615647914,1750.055232935338,1579.3447670646622,1664.7,170.71046587067576,-96.60194174757281,18.808690481504108,37.233900639259566,-18.04172983400681,-121.03736543288765,16.4274322169059,34.130781499202556,41.15722332943223,0.0,1762.0,1746.0,1563.0,0,1,871381.05,55804754,1660.561152762426,0.15217391304347827,0.8478260869565217,0.7608695652173914,23890760.869565215,-10.481099656357372,-10.481099656357372,-2.3020224644156766,-2.3957316347610966,72.61102430870972,46.42278605629391,1.0,0.8,792024.15,29905.0,3.3456022195869517,0.06477844028284863,1.1614823617464176,-0.9,0.0
2023-02-03,,,,1596.8,1651.2,1661.3,1527.0,1633.2083647895042,45.142857142857146,36.75675675675675,9.438508662985896,30.820067498554394,-21.381558835568498,1754.665382968283,1567.934617031717,1661.3,186.73076593656606,-88.83495145631068,16.260809835565848,30.24287037136166,-11.703311236025783,-99.74928373559308,15.664556962025316,33.860759493670884,38.6573721596269,10.181050090525043,1556.0,1746.0,1563.0,0,0,868375.25,56746013,1656.7193915303321,0.5945945945945946,0.40540540540540543,0.43243243243243246,25439432.43243243,-9.564719358533768,-10.481099656357372,-1.6198396044293182,-2.3957316347610966,72.61102430870972,46.42278605629391,1.0,0.75,799305.5,-21766.0,-2.356226962485053,0.07017420441805426,1.2477254918512801,-0.9,0.0
2023-02-06,,,,1583.2,1641.8,1656.7,1529.9166666666667,1626.998044333361,44.42857142857143,37.988826815642454,3.5138292753067617,25.35881985390487,-21.844990578598107,1758.9753764674126,1554.4246235325875,1656.7,204.55075293482514,-93.26923076923077,13.084129633966976,24.523290125563435,-9.79419134922594,-92.92698089777969,15.916398713826364,31.189710610932476,36.71646134499595,13.141977660374305,1762.0,1746.0,1563.0,0,0,864335.2,55910949,1652.7995179416505,0.42424242424242425,0.5757575757575758,0.3333333333333333,25304969.696969695,-10.1947308132875,-10.481099656357372,-2.2564804977417463,-2.3957316347610966,72.61102430870972,46.42278605629391,1.0,0.7,807815.35,5627.0,0.6238366117922611,0.07308853591878786,1.125694234392335,-0.9,0.0
2023-02-07,,,,1569.6,1628.7,1650.1,1532.75,1618.7125163016124,45.214285714285715,30.747922437673125,-3.4016754218812366,19.606720798747652,-23.00839622062889,1764.5320529258042,1535.6679470741956,1650.1,228.86410585160866,-92.5,11.222753089311318,20.089777780146065,-6.511296292358175,-100.77587745199456,15.639810426540283,35.70300157977883,35.34100346953807,0.0,1762.0,1746.0,1540.0,0,1,881421.05,54775026,1645.3163196333164,0.391304347826087,0.6086956521739131,0.6086956521739131,24693978.260869563,-11.798396334478788,-11.798396334478788,-3.2900125800816507,-2.3957316347610966,72.61102430870972,46.42278605629391,1.0,0.65,818216.85,71789.0,7.909535425384462,0.08513217115260764,1.1292338313134709,-0.9,0.0
2023-02-08,,,,1556.2,1610.0,1643.55,1535.2333333333333,1610.3589433205066,45.142857142857146,30.83333333333333,-9.498989068716583,13.785578825254806,-23.28456789397139,1769.528235379948,1517.571764620052,1643.55,251.9564707598961,-93.90243902439025,9.514355718077464,16.564637092789866,-4.586207031347339,-96.60766220477774,15.031645569620252,36.708860759493675,33.972674389958385,0.1968748202384772,1762.0,1746.0,1531.0,0,1,885329.05,53802111,1638.316423462365,0.6521739130434783,0.34782608695652173,0.391304347826087,42300652.17391304,-12.31386025200456,-12.31386025200456,-3.284419794512384,-2.3957316347610966,72.61102430870972,46.42278605629391,1.0,0.6,830405.8,39661.0,4.049458094883174,0.09873283729304735,1.0535496970279203,-0.9,0.0
2023-02-09,,,,1549.4,1589.8,1636.55,1537.5166666666667,1602.6104725280775,42.857142857142854,28.490028490028493,-14.327380227135109,8.162987014776824,-22.490367241911933,1771.791655059119,1501.308344940881,1636.55,270.483310118238,-94.71544715447155,8.104421427227795,13.744565204269177,-3.17586612685497,-83.17580123912764,15.666666666666668,35.0,32.95000633367908,0.0,1762.0,1746.0,1529.0,0,1,873098.05,53099421,1632.2615636162895,0.4375,0.5625,0.125,43918125.0,-12.428407789232509,-12.428407789232509,-3.531222566400308,-2.3957316347610966,72.61102430870972,46.42278605629391,1.0,0.55,843363.1,21792.0,2.138407734064973,0.11092679143947629,0.9506358094515198,-0.9,0.0
2023-02-10,,,,1541.4,1569.1,1628.9,1540.15,1596.5523322873082,42.857142857142854,32.06997084548105,-17.149311986840303,3.100527214453399,-20.249839201293703,1768.183731622572,1489.6162683774282,1628.9,278.5674632451437,-86.43410852713178,13.677179296638858,13.722103235059071,13.587331419798435,-73.69447929541145,16.833333333333336,37.666666666666664,32.48392908215907,9.045466834728566,1504.0,1746.0,1529.0,0,0,899310.45,54347379,1623.0784154496741,0.8536585365853658,0.14634146341463414,0.24390243902439024,30438000.0,-11.855670103092752,-12.428407789232509,-3.8968270314122084,-2.3957316347610966,72.61102430870972,46.42278605629391,1.0,0.5,853192.75,-31899.0,-3.064653731308864,0.11745904957464942,0.9893036123714924,-0.9,0.0
2023-02-13,,,,1532.8,1558.0,1621.3,1542.35,1589.7378244504216,43.214285714285715,29.022988505747122,-20.28160254516365,-1.5758987374700109,-18.705703807693638,1766.0147466387184,1476.5852533612815,1621.3,289.4294932774369,-91.86046511627907,14.544476120239858,13.996227530119334,15.640973300480908,-66.60901866302264,16.694214876033058,37.35537190082644,33.56602741196382,1.3466340146725198,1762.0,1746.0,1525.0,0,1,903766.85,53468618,1615.9548096207925,0.3333333333333333,0.6666666666666666,0.5185185185185185,32546703.703703705,-12.657502863688407,-12.657502863688407,-3.90611203753044,-2.3957316347610966,72.61102430870972,46.42278605629391,1.0,0.45,866384.05,31395.0,3.1115921301843708,0.12320753893079223,0.9742263910185759,-0.9,0.0
2023-02-14,,,,1530.4,1550.0,1615.0,1544.5833333333333,1583.8580316456196,42.285714285714285,18.75,-22.265230731369684,-5.713765136249945,-16.551465595119737,1764.6086121922026,1465.3913878077974,1615.0,299.2172243844052,-87.96992481203007,19.759210495254244,15.91722185183097,27.443187782100793,-64.98419680305715,9.797297297297298,41.554054054054056,35.63432735645593,0.0,1496.0,1746.0,1525.0,0,0,914929.55,54513550,1608.4145834689314,0.8421052631578947,0.15789473684210525,0.07894736842105263,27498210.52631579,-12.485681557846473,-12.657502863688407,-3.249365811957046,-2.3957316347610966,72.61102430870972,45.50976800976801,1.0,0.4,881408.55,13098.0,1.2589824330714983,0.1259395631665994,0.9406474825612211,-0.5,0.0
2023-02-15,,,,1531.4,1543.8,1607.85,1546.6,1579.3001238698462,41.142857142857146,17.391304347826093,-22.92744391735596,-9.156500892471147,-13.770943024884811,1758.2463535391275,1457.4536464608723,1607.85,300.79270707825526,-84.9624060150376,26.77824917370691,19.53756429245628,41.25961893620817,-49.468093996122406,5.5555555555555545,42.708333333333336,37.87191616739476,0.0,1496.0,1746.0,1525.0,0,0,927294.0,55380555,1602.886756016251,0.5833333333333334,0.4166666666666667,0.3333333333333333,36125208.333333336,-12.027491408934686,-12.657502863688407,-3.755042045795012,-2.3957316347610966,72.61102430870972,44.18886198547215,1.0,0.35,893900.75,-24149.0,-2.292346567792669,0.12637803330950995,0.9181697142884795,-0.4,0.0
2023-02-16,,,,1533.2,1541.3,1601.3,1548.65,1575.3667787393847,41.07142857142857,13.63636363636364,-23.02544634036667,-11.930289982050253,-11.095156358316418,1751.8933527573788,1450.706647242621,1601.3,301.1867055147577,-84.21052631578948,33.236781500419994,24.103970028444184,51.502404444371614,-41.744464542156656,6.782608695652174,42.78260869565218,39.62657906773954,0.0,1496.0,1746.0,1525.0,0,0,945388.45,56334260,1597.4929558849592,0.4,0.6,0.08,38148200.0,-11.912943871706737,-12.657502863688407,-3.429693313211726,-2.3957316347610966,72.61102430870972,41.90950956653848,1.0,0.3,905954.85,8068.0,0.7838237737209264,0.12677592060753864,0.9670175481593949,0.0,0.0
2023-02-17,,,,1530.6,1536.0,1593.6,1551.1,1570.6651807642052,33.57142857142857,20.744680851063833,-23.797095573889465,-14.303651100418096,-9.493444473471369,1742.9937221254552,1444.2062778745446,1593.6,298.78744425091054,-79.86577181208054,36.046743222502215,28.084894426463528,51.97044081457959,-43.57573333496824,5.531914893617022,34.680851063829785,44.45380136126912,24.73618162112829,1645.0,1746.0,1525.0,0,0,927385.4,55540592,1590.0947113788939,0.2692307692307692,0.7307692307692307,0.46153846153846156,30525692.307692308,-12.600229095074422,-12.657502863688407,-4.09430599011202,-2.3957316347610966,72.61102430870972,39.642583290299356,1.0,0.25,919468.0,24963.0,2.4063482944067793,0.12685092479981427,0.8690629033394164,-0.1,0.0
2023-02-20,,,,1532.8,1532.8,1587.3,1553.9333333333334,1567.363734977138,32.5,28.82352941176471,-23.332751291619388,-16.109471138658353,-7.223280152961035,1735.1677930128724,1439.4322069871275,1587.3,295.73558602574485,-70.8029197080292,47.42297501383189,34.53092128891964,73.20708246365638,-39.175679610559065,5.714285714285714,30.76923076923077,48.35962455653678,57.48433734939761,1496.0,1746.0,1525.0,0,0,911385.8,56203414,1584.134411299803,0.8148148148148148,0.18518518518518517,0.37037037037037035,24548962.962962963,-12.027491408934686,-12.657502863688407,-3.312486107611735,-2.3957316347610966,72.61102430870972,37.742412803865314,1.0,0.2,933462.3,-19257.0,-1.8126896749075638,0.12175294618525229,0.8272180662591454,0.0,0.0
2023-02-21,,,,1538.4,1534.4,1581.55,1557.0,1566.2814745031249,31.142857142857142,38.33333333333333,-21.107606896204288,-17.10909829016754,-3.998508606036747,1724.578116484957,1438.5218835150429,1581.55,286.05623296991416,-43.39622641509434,62.38454744511869,43.81546334098599,99.52271565338408,-22.254649308004566,10.55045871559633,28.669724770642205,49.89828856816403,100.00000000000001,1496.0,1746.0,1525.0,0,0,930569.3,57070271,1580.406937774543,0.8076923076923077,0.19230769230769232,0.7692307692307693,33340653.846153844,-10.882016036655207,-12.657502863688407,-2.933224009655626,-2.3957316347610966,72.61102430870972,37.742412803865314,1.0,0.15,946201.2,-27057.0,-2.593935117588464,0.11355126454672089,0.7994735919614517,-0.3,0.0
2023-02-22,,,,1540.0,1535.7,1572.85,1560.0,1564.159429312351,29.857142857142858,43.94904458598727,-20.08098257619281,-17.703475147372593,-2.3775074288202163,1701.3625838604823,1444.3374161395175,1572.85,257.0251677209649,-51.02040816326531,66.20508291213041,51.278669864700795,96.05790900698962,-24.43194310788274,11.004784688995215,23.923444976076556,50.039040603821206,100.0,1594.0,1746.0,1525.0,0,0,937387.65,56027182,1572.3731643644621,0.6153846153846154,0.38461538461538464,0.46153846153846156,40118807.692307696,-11.56930126002289,-12.657502863688407,-4.89569840699187,-2.3957316347610966,72.61102430870972,37.742412803865314,1.0,0.1,959478.45,61101.0,6.013700382862708,0.11082413848506793,0.824689878104371,-0.4,0.0
2023-02-23,,,,1541.4,1537.3,1563.55,1562.7666666666667,1562.3347217587936,28.571428571428573,38.02816901408451,-18.968032096683146,-17.956386537234703,-1.0116455594484428,1668.664423868631,1458.4355761313689,1563.55,210.22884773726219,-46.15384615384615,69.2649270696254,57.274088933009,93.24660334285821,-15.1556192608984,13.0,25.0,49.67030726888642,80.46733120787763,1496.0,1746.0,1525.0,0,0,933338.5,56801276,1563.9100196588197,0.21052631578947367,0.7894736842105263,0.05263157894736842,40741789.473684214,-11.512027491408904,-12.657502863688407,-5.287091192115221,-2.3957316347610966,72.61102430870972,37.742412803865314,1.0,0.05,973661.65,-27862.0,-2.5866862990666872,0.10032089560459267,0.7883712402343781,-0.7,0.0
2023-02-24,,,,1541.0,1535.8,1552.45,1565.0666666666666,1558.6837958770038,28.357142857142858,35.526315789473685,-19.555116113059512,-18.276132452399665,-1.278983660659847,1614.5110056398028,1490.3889943601973,1552.45,124.12201127960543,-61.111111111111114,60.5355924053913,58.36125675713643,64.88426370190103,-32.18764756927689,13.09823677581864,30.226700251889167,50.178284092443846,72.21384406575176,1568.0,1636.0,1524.0,0,1,956929.75,55888425,1558.2501978332266,0.2,0.8,0.7,30428366.666666664,-6.845965770171125,-12.657502863688407,-6.450640526346857,-2.3957316347610966,72.61102430870972,36.510668563300136,1.0,0.0,994547.05,88705.0,8.45398081902735,0.084863522247616,0.7993873938782834,-0.7,0.0
2023-02-27,,,,1538.0,1535.4,1546.7,1566.6,1555.0948629363368,26.428571428571427,42.519685039370074,-20.03154813599781,-18.627215589119295,-1.4043325468785142,1596.2074688673854,1497.1925311326147,1546.7,99.01493773477068,-61.53846153846154,47.02372827026087,54.58208059484458,31.907023621093444,-48.33141036077748,14.054054054054056,25.675675675675677,49.47648249268307,95.2846152110642,1568.0,1608.0,1521.0,0,1,927449.8,55262767,1549.246163655794,0.5263157894736842,0.47368421052631576,0.15789473684210525,32929368.421052635,-5.410447761194015,-12.657502863688407,-5.959304148245614,-1.805940461290904,72.61102430870972,36.510668563300136,0.0,0.0,1011778.05,823.0,0.0723215117392817,0.0752261026102056,0.782179371901196,-0.8,0.0
2023-02-28,,,,1530.8,1534.6,1542.3,1568.4666666666667,1551.752495037638,25.357142857142858,45.3781512605042,-20.25631341737676,-18.953035154770788,-1.3032782626059713,1583.8747899317075,1500.7252100682924,1542.3,83.14957986341506,-63.07692307692308,37.34915218017392,48.837771123287695,14.37191429394636,-47.58574002743246,14.647887323943662,25.070422535211264,48.35827608460743,100.0,1568.0,1598.0,1520.0,0,1,902985.35,54752912,1544.6080747415597,0.3333333333333333,0.6666666666666666,0.1111111111111111,56650555.55555555,-4.881101376720897,-12.657502863688407,-4.8645448269674185,-1.805940461290904,72.61102430870972,36.510668563300136,0.0,0.0,1025309.95,6672.0,0.5858814169689586,0.07268500438534113,0.7005644468613432,-0.9,0.0
2023-03-01,,,,1527.6,1533.8,1538.8,1570.5,1549.4903526531011,26.142857142857142,49.6,-19.56339375558082,-19.075106874932796,-0.4882868806480225,1571.4615821316,1506.1384178684,1538.8,65.32316426319994,-50.76923076923077,38.93452250608085,45.53668825088541,25.730191016471736,-49.45813340496376,15.573770491803277,27.868852459016395,47.65427551715106,100.0,1496.0,1579.0,1520.0,0,0,891269.3,55710217,1539.2138829420019,0.8888888888888888,0.1111111111111111,0.2962962962962963,35455740.74074074,-3.2298923369221133,-12.657502863688407,-3.8007823177210045,-1.805940461290904,72.61102430870972,36.510668563300136,0.0,0.0,1035772.95,-42349.0,-3.6970882669020266,0.06722223682638992,0.6804484784891006,-0.8,0.0
2023-03-02,,,,1526.4,1533.9,1537.6,1573.05,1548.4912714480438,24.428571428571427,50.0,-17.9200704449936,-18.844099588944957,0.9240291439513584,1568.2175044528155,1506.9824955471843,1537.6,61.235008905631275,-33.84615384615385,46.424184594697174,45.83252036548933,47.607513053112854,0.5395404209635514,18.42105263157895,24.56140350877193,45.944233702259965,100.0,1496.0,1579.0,1520.0,0,0,869062.3,56365052,1536.9395491938071,0.7058823529411765,0.29411764705882354,0.6470588235294118,38519705.88235294,-2.533248891703632,-12.657502863688407,-1.4477242095115241,-1.3805478502080397,72.61102430870972,36.510668563300136,0.0,0.05,1041935.35,-56107.0,-5.086210022481685,0.0618596514555738,0.6579855969316605,-0.8,0.0
2023-03-03,,,,1531.2,1536.1,1536.05,1575.7833333333333,1548.444483691087,23.571428571428573,59.50413223140496,-15.710400381770114,-18.217359747509988,2.506959365739874,1560.3245263918732,1511.7754736081267,1536.05,48.54905278374645,-20.0,56.680450548511566,49.44849709316341,71.14435745920787,47.799169614281325,22.12121212121212,25.454545454545453,43.71423868315725,100.0,1496.0,1568.0,1520.0,0,0,853333.0,56991725,1535.1179336007551,0.6,0.4,0.6,41778200.0,-1.2755102040816535,-12.657502863688407,-1.9370267232369918,-1.3805478502080397,72.61102430870972,36.510668563300136,0.0,0.1,1047760.5,-28511.0,-2.723079847146115,0.05328370760782231,0.6206089606230314,-0.7,0.0
2023-03-06,,,,1542.6,1540.3,1536.55,1578.8666666666666,1551.2592947681262,23.928571428571427,66.89189189189189,-11.406979102814148,-16.85528361857082,5.448304515756671,1563.8223110010726,1509.2776889989273,1536.55,54.54462200214539,-1.3333333333333333,70.67585592122992,56.52428336918558,98.97900102531861,125.41709628625935,29.253731343283583,20.0,40.638936792065884,99.99999999999999,1496.0,1578.0,1520.0,1,0,864584.15,58051812,1535.2405626257819,0.9767441860465116,0.023255813953488372,0.6976744186046512,24653186.04651163,0.0,-12.657502863688407,0.6313141265554327,-1.3805478502080397,72.61102430870972,36.510668563300136,0.0,0.15,1052695.4,-12178.0,-1.1956775735344705,0.04402651666127317,0.7214134742447152,-0.6,1.0
2023-03-07,,,,1556.2,1543.5,1538.95,1581.9666666666667,1554.7584095521142,23.571428571428573,67.33333333333333,-7.107637883087136,-14.905754471474083,7.7981165883869465,1574.647412555096,1503.252587444904,1538.95,71.39482511019196,-8.695652173913043,77.5520198895156,63.53352887596226,105.5890019166223,151.26224712515307,31.212121212121207,20.3030303030303,36.65308345792648,100.0,1496.0,1588.0,1520.0,1,0,852024.45,58936541,1537.3884065572688,0.5789473684210527,0.42105263157894735,0.5263157894736842,46564684.21052631,0.0,-12.657502863688407,3.131235799266042,-0.9321586959127409,72.61102430870972,36.510668563300136,0.0,0.2,1052152.05,-37776.0,-3.75386058565631,0.044959887754280996,0.8150841192439433,-0.5,1.0
2023-03-08,,,,1567.4,1547.5,1541.6,1584.8166666666666,1557.5433229281034,24.071428571428573,65.13157894736842,-3.9772977493057624,-12.72006312704042,8.742765377734658,1582.3270762124284,1500.8729237875714,1541.6,81.45415242485706,-19.19191919191919,78.63737352903733,68.56814376032062,98.77583306647074,117.21878587804696,30.563798219584566,21.661721068249257,32.68264600064691,95.27405437020778,1603.0,1588.0,1520.0,0,0,851915.95,57965796,1540.6560395228348,0.40625,0.59375,0.125,30335781.25,-0.25188916876573986,-12.657502863688407,3.521243314751245,-0.9321586959127409,72.61102430870972,36.510668563300136,0.0,0.25,1047602.85,-40456.0,-4.176974192296101,0.052007426234943935,0.8507124986177029,-0.3,1.0
2023-03-09,,,,1574.0,1550.2,1543.75,1587.7666666666667,1558.9201493159032,24.357142857142858,65.13157894736842,-2.436691687234088,-10.663388839079156,8.226697151845068,1586.1807485324443,1501.3192514675557,1543.75,84.86149706488868,-31.31313131313131,75.32053858164778,70.81894203409635,84.32373167675064,68.22054375732328,30.205278592375365,23.75366568914956,28.35905666152962,94.28261335620111,1603.0,1588.0,1520.0,0,0,862242.1,57056583,1542.6509567711128,0.6,0.4,0.4,30307100.0,-1.0075566750629594,-12.657502863688407,2.7943670140125394,-0.9321586959127409,72.61102430870972,36.510668563300136,0.0,0.3,1040339.2,-32497.0,-3.501484766596419,0.06174785267096009,0.9286672883881366,-0.1,1.0
2023-03-10,,,,1581.8,1556.5,1546.15,1590.8,1561.5944208096266,25.071428571428573,66.24203821656052,-0.005314382907499748,-8.531773947844824,8.526459564937324,1592.6813702895536,1499.6186297104466,1546.15,93.06274057910696,-20.952380952380953,76.56289873697153,72.73359426838807,84.22150767413845,96.88254944933347,36.46723646723646,21.65242165242165,25.274449324618953,96.56901149166849,1504.0,1588.0,1520.0,0,0,865975.95,58379218,1547.1755385354525,0.40540540540540543,0.5945945945945946,0.40540540540540543,35746891.8918919,-0.06297229219142109,-12.657502863688407,3.041956856264414,-0.9321586959127409,72.61102430870972,36.510668563300136,0.0,0.35,1032179.65,-49817.0,-5.562447311563822,0.0750263303784453,1.1183712447844074,-0.1,1.0
2023-03-13,,,,1591.8,1567.2,1551.3,1593.9333333333334,1567.9187616849003,26.642857142857142,70.2247191011236,5.1703266889483075,-5.791353820486199,10.961680509434506,1609.3493438012906,1493.2506561987093,1551.3,116.09868760258132,-3.125,83.33359915798101,76.26692923158572,97.4669390107716,119.61887584527278,35.12064343163539,20.375335120643435,23.872393460320524,100.0,1504.0,1628.0,1520.0,1,0,884566.1,59629782,1552.8988355609226,0.9166666666666666,0.08333333333333333,0.8541666666666666,26053416.666666668,0.0,-12.600229095074422,5.584715702185932,-0.8091835317585543,72.61102430870972,36.510668563300136,0.0,0.4,1022973.3,10459.0,1.2366129173376539,0.08484689701507038,1.1997931919555476,0.2,1.0
2023-03-14,,,,1598.2,1577.2,1555.9,1595.3166666666666,1572.8788796196716,26.571428571428573,71.83908045977012,8.52821839266494,-2.927439377855971,11.455657770520911,1620.3977355781417,1491.4022644218585,1555.9,128.9954711562832,-13.432835820895523,83.48366069991528,78.67250638769556,93.1059693243547,110.69847414287898,36.82795698924731,18.548387096774192,23.588351129463458,100.0,1638.0,1628.0,1520.0,0,0,880554.5,58665082,1558.7304030963821,0.3333333333333333,0.6666666666666666,0.2962962962962963,35729629.62962963,-0.49140049140050657,-12.600229095074422,4.913451633287392,-0.8091835317585543,72.24353120243532,36.510668563300136,0.0,0.45,1012322.25,-15796.0,-1.8448163300581522,0.09433008029499641,1.246671320697199,0.4,1.0
2023-03-15,,,,1605.6,1586.5,1560.15,1596.2666666666667,1577.4618434654171,26.785714285714285,71.83908045977012,11.141629631842989,-0.11362557591617906,11.255255207759168,1630.098176304977,1490.2018236950232,1560.15,139.89635260995374,-12.686567164179104,83.43355157772129,80.25952145103747,89.78161183108892,94.69261550268214,34.93333333333334,18.400000000000002,23.546997746004813,100.0,1504.0,1628.0,1520.0,0,0,874456.8,59410133,1562.6896728917884,0.3181818181818182,0.6818181818181818,0.045454545454545456,33865954.54545455,-0.4299754299754377,-12.600229095074422,4.5324210271229415,-0.8091835317585543,71.91570881226053,36.510668563300136,0.0,0.5,1002257.4,-12425.0,-1.4783905116480534,0.10361603868702417,1.2174403071950972,0.2,1.0
2023-03-16,,,,1601.0,1587.5,1560.7,1595.85,1574.751191706806,30.5,55.55555555555556,7.318614168158092,1.3728223728986753,5.945791795259417,1630.0855741109629,1491.3144258890372,1560.7,138.7711482219256,-66.41791044776119,59.87073373155276,73.4632588778759,32.685683438906466,17.483970403907584,30.679156908665107,27.400468384074944,21.126303286675693,44.461593867366375,1638.0,1628.0,1520.0,0,0,905981.4,57825936,1564.7446054815991,0.07317073170731707,0.926829268292683,0.8780487804878049,19319475.609756097,-4.852579852579863,-12.600229095074422,0.5054118491593182,-1.5133472685565017,71.83908045977012,36.510668563300136,1.0,0.5,988177.3,-72237.0,-8.724106780545304,0.11848475322691902,1.4336214863247032,0.2,0.0
2023-03-17,,,,1596.6,1589.2,1562.65,1594.7833333333333,1573.8225067823482,31.857142857142858,59.2436974789916,5.516324398397273,2.201522777998395,3.3148016203988786,1630.0944020537818,1495.2055979462184,1562.65,134.88880410756337,-54.47761194029851,50.291180978267874,65.7392329113399,19.39507711212383,-9.045863653308977,29.372197309417043,27.130044843049326,19.320342807245826,52.400073006023014,1504.0,1628.0,1520.0,0,0,919564.7,58891270,1565.7181446286488,0.868421052631579,0.13157894736842105,0.42105263157894735,28035105.263157893,-3.8697788697788837,-12.027491408934686,1.5116334098263138,-1.5133472685565017,71.68124892777492,36.510668563300136,1.0,0.55,969952.3,-57935.0,-7.665600658393523,0.136409031062447,1.4261812782433294,0.2,0.0
2023-03-20,,,,1582.0,1586.9,1563.6,1594.3666666666666,1572.0298870887912,33.92857142857143,57.08502024291498,3.2436891155546164,2.409956045509639,0.8337330700449774,1629.9908681099453,1497.2091318900546,1563.6,132.78173621989072,-61.940298507462686,40.76015838802764,57.41287473690248,7.454725690277968,2.4085404811399678,31.578947368421048,25.47368421052631,18.210340825767044,33.65705815245002,1638.0,1628.0,1520.0,0,0,945319.4,57713354,1566.9139265698627,0.10526315789473684,0.8947368421052632,0.2631578947368421,30997789.47368421,-4.484029484029495,-11.56930126002289,0.7902475647183151,-1.5133472685565017,70.72835820895523,36.510668563300136,1.0,0.55,952908.95,4376.0,0.6270742458199807,0.15095359015591933,1.469557769908357,-0.2,-1.0
2023-03-21,,,,1571.6,1584.9,1564.2,1594.7,1571.64608831843,33.357142857142854,57.93650793650794,2.46320632568586,2.4206061015448834,0.04260022414097664,1630.5185296006491,1497.881470399351,1564.2,132.63705920129814,-63.06306306306306,38.494193642332895,51.10664770537929,13.269285516240103,2.2900900172411207,31.04925053533191,23.126338329764458,17.233385049795682,36.340852130325814,1527.0,1628.0,1520.0,0,0,934694.95,58367722,1567.6236706424913,0.6842105263157895,0.3157894736842105,0.6842105263157895,34440421.05263158,-3.6855036855036993,-11.56930126002289,0.5387339442834631,-1.5133472685565017,70.72835820895523,36.510668563300136,1.0,0.6,936491.45,-14540.0,-2.070576172709404,0.1650816896924911,1.430299590860299,-0.4,-1.0
2023-03-22,,,,1564.2,1584.9,1566.2,1595.2833333333333,1572.8226513357224,34.0,58.75486381322957,3.099999509398913,2.5564847831156894,0.5435147262832234,1632.3659794915513,1500.0340205084487,1566.2,132.3319589831026,-50.943396226415096,42.014997019416896,48.07609747672516,29.892796104800368,20.681019577905083,31.092436974789916,22.689075630252102,17.329048315101804,19.647516594186285,1527.0,1628.0,1520.0,0,0,925317.2,59223256,1569.609248320468,0.7692307692307693,0.23076923076923078,0.6153846153846154,32905153.846153844,-2.7027027027027195,-11.512027491408904,1.5405476854762608,-1.5133472685565017,70.44241245136186,36.510668563300136,1.0,0.65,915602.45,-28329.0,-4.119503257328994,0.1776006801421792,1.5098469687476135,-0.4,-1.0
2023-03-23,,,,1578.6,1589.8,1570.0,1596.25,1577.4109702561298,35.857142857142854,62.80701754385966,6.515150869750869,3.3482180004427256,3.1669328693081433,1639.6759416303537,1500.3240583696463,1570.0,139.35188326070738,-16.037735849056602,55.99741939659239,50.7165381166809,66.55918195641537,63.17000784665512,34.462151394422314,21.513944223107572,18.48085568446703,44.532507739938126,1527.0,1628.0,1520.0,0,0,934586.1,60182728,1572.61831394311,0.8918918918918919,0.10810810810810811,1.0,25931675.675675675,-0.4299754299754488,-6.845965770171125,2.6571537613954157,-1.5133472685565017,70.26537839373934,36.510668563300136,1.0,0.7,897002.7,17923.0,2.7182790349904673,0.1869700247921756,1.373958163851809,-0.3,1.0
2023-03-24,,,,1591.6,1594.1,1575.3,1597.6833333333334,1582.4194492793554,35.357142857142854,59.84848484848485,9.834541241881197,4.64548264873042,5.1890585931507776,1646.35550091652,1504.24449908348,1575.3,142.11100183304006,-7.547169811320755,68.14922299395468,56.52743307577216,91.39280283031972,67.54437961348002,31.313131313131315,21.212121212121215,18.51249071610206,26.363636363636374,1527.0,1630.0,1520.0,1,0,933427.15,61072400,1576.9285172210102,0.9444444444444444,0.05555555555555555,0.25,24713111.11111111,0.0,-5.410447761194015,3.790506410307197,-0.9417821023311457,70.26537839373934,36.510668563300136,1.0,0.75,872777.85,-23797.0,-3.513644403889715,0.19026262510184824,1.340925326372552,-0.3,1.0
2023-03-27,,,,1608.2,1595.1,1581.15,1599.0666666666666,1587.7128350622738,36.214285714285715,59.54198473282443,12.961305308457668,6.3086471806758695,6.652658127781798,1652.6461169352115,1509.6538830647887,1581.15,142.99223387042275,-10.92436974789916,75.1246920800034,62.726519410515905,99.92103741897839,83.26507048936864,30.966469428007887,20.71005917159763,18.41755197724774,24.48136506511003,1527.0,1638.0,1520.0,1,0,952786.6,62085247,1581.9332405598484,0.5806451612903226,0.41935483870967744,0.25806451612903225,32672483.870967742,0.0,-4.881101376720897,4.181771914862607,-0.9417821023311457,70.26537839373934,36.510668563300136,1.0,0.8,848137.4,-7489.0,-1.1460235019748244,0.1898179159088723,1.3190226072827076,-0.2,1.0
2023-03-28,,,,1628.6,1600.1,1588.65,1600.6166666666666,1595.549707913486,36.714285714285715,64.82758620689656,17.81604860496668,8.610127465534033,9.205921139432649,1664.4760474616448,1512.8239525383553,1588.65,151.6520949232895,-4.827586206896552,81.80726598437008,69.0867682684673,107.24826141617564,104.62285802644439,34.24124513618677,19.260700389105057,19.200019509715275,56.941176470588246,1527.0,1670.0,1528.0,1,0,968755.55,62914481,1586.9492007383424,0.8205128205128205,0.1794871794871795,0.8205128205128205,21262410.256410256,0.0,-4.852579852579863,5.156814921083813,-0.9417821023311457,68.49872533282976,36.510668563300136,1.0,0.85,825004.1,36815.0,5.699022272859566,0.18035997314835778,1.3716019757338118,0.1,0.0
2023-03-29,,,,1645.6,1604.9,1595.7,1601.2833333333333,1602.5449738264872,36.857142857142854,67.38351254480287,21.336818440066736,11.155465660440573,10.181352779626163,1673.9629844614526,1517.4370155385475,1595.7,156.52596892290512,-9.868421052631579,84.58203697203619,74.2518578363236,105.2423952434614,100.94770957284628,35.46511627906977,15.891472868217054,21.068354210289517,72.63757115749526,1684.0,1670.0,1539.0,0,0,962717.15,62077944,1593.763992483843,0.53125,0.46875,0.03125,26141781.25,-0.05988023952097077,-4.852579852579863,4.827596860426444,-0.9417821023311457,68.04159787081988,36.510668563300136,1.0,0.9,801532.55,-49114.0,-7.1929971016530425,0.17384482813686286,1.376115375820806,0.3,1.0
2023-03-30,,,,1656.8,1617.7,1602.6,1601.6333333333334,1609.635928700155,36.142857142857146,66.54411764705883,24.490278357138777,13.822428199780214,10.667850157358563,1684.0820613126657,1521.1179386873341,1602.6,162.96412262533158,-7.643312101910828,86.82280725671978,78.44217430978898,103.58407315058139,97.28156899724557,32.21343873517786,16.20553359683794,21.60914195395841,67.48269896193771,1532.0,1677.0,1548.0,1,0,965504.25,62788521,1598.726391295878,0.5555555555555556,0.4444444444444444,0.2962962962962963,26317666.666666668,0.0,-4.852579852579863,4.703500297209681,-0.9417821023311457,67.84432625876036,36.510668563300136,1.0,0.9,780976.05,2194.0,0.34622661905130414,0.16814420424955573,1.316274895907695,0.3,1.0
2023-03-31,,,,1659.4,1625.5,1607.35,1601.5666666666666,1612.8134593001405,35.92857142857143,52.83018867924528,23.969595632825985,15.85186168638937,8.117733946436616,1686.4722239055568,1528.227776094443,1607.35,158.2444478111138,-29.29936305732484,79.77241876816144,78.88558912924647,81.54607804599138,61.84871991743557,27.83300198807157,21.47117296222664,20.63294034662076,0.0,1689.0,1677.0,1549.0,0,0,978185.45,61908224,1602.840430206767,0.15555555555555556,0.8444444444444444,0.7555555555555555,19562155.555555556,-2.027429934406677,-4.852579852579863,3.105511577947549,-2.1481435703205194,67.4661320697406,36.510668563300136,1.0,0.9,758488.1,-67140.0,-10.558546147640369,0.16735529997878537,1.3535449991730546,0.5,0.0
2023-04-03,,,,1661.2,1634.7,1610.8,1601.35,1616.0693203191747,36.285714285714285,55.17241379310345,23.607583861551802,17.403006121421857,6.204577740129945,1690.548552205786,1531.0514477942138,1610.8,159.4971044115723,-26.751592356687897,75.31494584544096,77.6953747013113,70.5540881337003,56.316500072201606,26.37795275590551,21.25984251968504,19.042518411979938,12.321734169994318,1532.0,1677.0,1549.0,0,0,968823.85,62781079,1607.2367302889993,0.1875,0.8125,0.125,27276718.75,-1.7889087656529523,-4.852579852579863,2.32648123093663,-2.1481435703205194,67.34336917562723,36.510668563300136,1.0,0.9,735077.9,-30623.0,-5.384330004940718,0.16583076154201223,1.3643733052857274,0.5,0.0
2023-04-04,,,,1653.2,1640.9,1612.9,1600.65,1617.3960517173484,37.357142857142854,51.62454873646209,21.698798754581276,18.26216464805374,3.436634106527535,1692.3319304745833,1533.468069525417,1612.9,158.86386094916634,-37.5796178343949,64.07135003557451,73.1540331460657,45.90598381459213,20.621982892840943,25.621414913957935,26.577437858508606,16.95905425708721,0.0,1689.0,1677.0,1549.0,0,0,962111.15,62030604,1608.989983814933,0.5714285714285714,0.42857142857142855,0.4857142857142857,21442142.85714286,-2.802623732856291,-4.852579852579863,1.4471137628838708,-2.1481435703205194,67.34336917562723,36.510668563300136,1.0,0.9,710663.55,-57859.0,-10.752062736935997,0.17107214668725912,1.4340101434947585,0.4,-1.0
2023-04-06,,,,1651.0,1648.3,1616.6,1600.5833333333333,1621.2630944109344,34.92857142857143,73.39055793991416,22.189650323142132,19.04766178307142,3.141988540070713,1697.2484247894793,1535.9515752105206,1616.6,161.2968495789587,-19.745222929936304,64.9364555792719,70.4148406238011,53.979685490213484,53.84197909854305,34.151329243353786,13.905930470347647,19.564946991669036,100.0,1532.0,1677.0,1549.0,0,0,945560.2,62670330,1611.828004781363,0.5,0.5,0.7,15993150.0,-1.1329755515801954,-4.852579852579863,2.394123135878743,-2.1481435703205194,67.4661320697406,36.510668563300136,1.0,0.9,685825.2,-48936.0,-10.189459481406981,0.18298793195398144,1.4666217667597066,0.2,0.0
2023-04-07,,,,1651.6,1654.2,1622.0,1600.7666666666667,1626.8570854194168,34.0,74.05857740585773,24.07633288742022,20.05339600394118,4.022936883479041,1704.5157082332503,1539.4842917667497,1622.0,165.03141646650056,-6.521739130434782,72.82683536508421,71.21883887089547,76.04282835346169,65.91199597594975,35.924369747899156,11.974789915966385,22.852928851079465,100.0,1532.0,1680.0,1549.0,1,0,922186.45,63112068,1615.3550876470442,0.92,0.08,0.88,17669520.0,0.0,-4.852579852579863,3.4316430366385475,-2.1481435703205194,67.85073351374447,36.510668563300136,1.0,0.9,661382.85,-24577.0,-5.69802353213934,0.19658115211284752,1.4603335214589124,-0.1,0.0
2023-04-10,,,,1664.0,1661.7,1627.9,1600.9833333333333,1634.2992677604245,33.714285714285715,79.5275590551181,27.274430817981056,21.497602966749156,5.7768278512319,1716.526715705897,1539.2732842941032,1627.9,177.25343141179383,-5.660377358490566,78.99994152544075,73.8125397557439,89.37474506483443,87.7494547358023,38.983050847457626,12.076271186440676,25.8526423099805,100.0,1532.0,1705.0,1549.0,1,0,889145.7,63773888,1620.477915036872,0.7,0.3,0.8333333333333334,22060666.666666668,0.0,-4.852579852579863,3.662469597798866,-2.1481435703205194,67.85073351374447,36.510668563300136,1.0,0.9,638399.3,-20641.0,-5.074640809543007,0.2133243319125988,1.4935916100401907,-0.3,1.0
2023-04-11,,,,1663.6,1662.4,1628.75,1600.45,1635.3183851165747,38.785714285714285,62.7906976744186,24.682918589012843,22.134666091201897,2.548252497810946,1717.7062281478231,1539.7937718521769,1628.75,177.91245629564628,-46.0,63.884576401575885,70.5032186376879,50.647291929351866,17.29228873187005,33.88581952117864,23.204419889502763,26.144440273587723,40.0177214230208,1714.0,1705.0,1549.0,0,0,875737.75,62791483,1622.1561084734938,0.5555555555555556,0.4444444444444444,1.1111111111111112,18192685.185185187,-3.5190615835777095,-4.852579852579863,0.606446190540221,-3.5651936370330004,67.4661320697406,36.510668563300136,2.0,0.9,636494.35,432031.0,111.89411225385709,0.20929117815642184,1.4093388624463714,-0.4,0.0
2023-04-12,,,,1666.6,1659.9,1630.0,1600.3,1636.2404436769011,39.0,60.70175438596491,22.37124469350806,22.18198181166313,0.1892628818449289,1719.1409292251863,1540.8590707748137,1630.0,178.2818584503725,-54.76190476190476,53.80766631899931,64.93803453145837,31.546929894081188,13.461462450432856,30.76923076923077,23.076923076923077,26.0487770082816,32.53127725589444,1714.0,1705.0,1549.0,0,0,867363.9,62791483,1622.9598622715719,0.7241379310344828,0.27586206896551724,0.0,27490448.275862068,-3.5190615835777095,-4.852579852579863,0.8325668603825921,-3.5651936370330004,67.34336917562723,36.510668563300136,2.0,0.9,637114.05,34697.0,4.24097157203307,0.21069419856716878,1.2837692042320528,-0.5,0.0
2023-04-13,,,,1666.4,1658.7,1631.8,1599.9333333333334,1638.217544279101,38.142857142857146,56.92307692307692,21.26242617488174,21.998070684306853,-0.7356445094251143,1721.6269681693539,1541.973031830646,1631.8,179.6539363387078,-48.30508474576271,50.935880110102104,60.27064972433962,32.26634088162706,22.82004057047616,26.40449438202247,23.595505617977526,24.79779878901197,18.98909159300358,1596.0,1705.0,1549.0,0,0,863100.4,63451264,1623.9628721061883,0.8620689655172413,0.13793103448275862,0.41379310344827586,22751068.96551724,-2.8152492668621742,-4.852579852579863,1.1337603098700617,-3.5651936370330004,66.98018018018017,36.510668563300136,2.0,0.9,639712.55,27151.0,3.1836169950811177,0.21659655579743356,1.137088883711644,-0.2,0.0
2023-04-14,,,,1671.2,1661.4,1639.55,1600.5166666666667,1644.4825400620437,39.214285714285715,62.41610738255034,23.90067461556032,22.37859147055755,1.522083145002771,1725.9797098040597,1553.1202901959402,1639.55,172.85941960811942,-9.615384615384615,64.08545853493986,61.54225266120637,69.17187028240686,63.81172273428924,32.96903460837887,22.950819672131146,24.70383737583231,38.67524873785029,1596.0,1705.0,1555.0,0,0,841813.25,64609718,1633.387675453354,0.9183673469387755,0.08163265306122448,0.9591836734693877,23641918.36734694,-0.05865102639297515,-4.484029484029495,5.238760509701949,-2.1020115168652285,66.7117117117117,36.510668563300136,1.0,0.95,651928.15,120105.0,13.648512589973016,0.24334646674291585,1.1515538459971435,0.1,0.0
2023-04-17,,,,1682.4,1673.2,1649.35,1601.8666666666666,1655.5794410085157,41.57142857142857,67.72334293948126,30.242314566341975,23.951336089714435,6.29097847662754,1744.2233782191229,1554.476621780877,1649.35,189.74675643824594,-1.948051948051948,75.40762170727592,66.16404234322955,93.89478043536866,109.20943939655143,37.45704467353952,21.649484536082475,25.196470075992085,57.69554617644777,1596.0,1761.0,1555.0,1,0,847140.7,65781601,1645.763963255061,0.953125,0.046875,0.890625,18310671.875,0.0,-4.484029484029495,5.95778694846129,-2.1020115168652285,66.7117117117117,36.510668563300136,2.0,0.95,673026.25,119715.0,11.970410692626965,0.2823464280354813,1.0180380338152673,0.4,0.0
2023-04-18,,,,1707.4,1685.5,1660.1,1603.6666666666667,1666.4766371029427,41.142857142857146,65.4320987654321,35.584142851811066,26.27789744213376,9.306245409677306,1758.6129433118917,1561.587056688108,1660.1,197.02588662378366,-2.4390243902439024,82.76650671470387,71.69819713372098,104.90312587666963,113.3511742075446,35.06944444444444,21.875,24.851522340800447,49.48408745610596,1596.0,1770.0,1568.0,1,0,835402.7,66724757,1658.0004268600042,0.8787878787878788,0.12121212121212122,0.2727272727272727,28580484.848484848,0.0,-3.6855036855036993,6.63383751109063,-2.1020115168652285,66.61367249602544,36.510668563300136,2.0,1.0,695742.85,36746.0,3.2814612531099074,0.3143319140458645,0.9409796255560158,0.8,0.0
2023-04-19,,,,1734.0,1700.3,1670.6,1605.45,1677.0979097598054,41.5,66.46525679758308,40.00199529368183,29.022717012443376,10.979278281238454,1772.4882773070763,1568.7117226929236,1670.6,203.7765546141527,-12.953367875647668,84.07838036299407,75.824924876812,100.58529133535819,116.26320894362071,38.55421686746988,21.686746987951807,24.12915037314546,53.18676333355495,1596.0,1778.0,1584.0,1,0,879746.0,68265991,1672.3253775142673,0.32432432432432434,0.6756756756756757,0.21621621621621623,41654972.972972974,0.0,-3.5190615835777095,6.440874245474287,-2.1020115168652285,66.61367249602544,36.510668563300136,2.0,1.0,718719.15,-9346.0,-0.8080916379030079,0.3350713873920984,1.022714808236301,0.7,0.0
2023-04-20,,,,1772.6,1719.5,1683.9,1607.65,1693.5647754969668,46.42857142857143,71.89873417721519,48.75100224621701,32.968374059198105,15.782628187018908,1805.6917117566045,1562.1082882433957,1683.9,243.5834235132088,-6.614785992217898,87.13690965998546,79.59558647120316,102.21955603755006,130.58108415275507,43.53846153846154,19.384615384615383,24.509513485907153,72.65949160760528,1596.0,1850.0,1621.0,1,0,940428.35,70335172,1693.828117970568,0.8229166666666666,0.17708333333333334,0.75,21553968.75,0.0,-3.5190615835777095,7.173553391690615,-2.1020115168652285,66.98018018018017,36.510668563300136,3.0,1.0,747144.45,80651.0,7.030210790389879,0.3556359045176187,1.2098016062949997,0.7,0.0
2023-04-21,,,,1793.2,1732.2,1693.2,1608.9166666666667,1704.3681302115415,51.0,70.29702970297029,51.61987091562514,36.69867343048352,14.921197485141626,1822.9164519045644,1563.4835480954357,1693.2,259.4329038091287,-33.445945945945944,80.0844002544233,79.75852439894321,80.73615196538347,112.31540637217311,45.09803921568628,14.00560224089636,27.345471290524188,66.91923471075714,1906.0,1850.0,1630.0,0,0,1073431.3,66715641,1721.5970115646899,0.09174311926605505,0.908256880733945,0.3944954128440367,33206706.422018345,-2.324324324324323,-3.5190615835777095,4.817246469429373,-2.384061187286992,66.98018018018017,36.510668563300136,3.0,1.0,770854.7,-76378.0,-6.220431206565591,0.3631367654063757,1.6068070095398614,0.6,0.0
2023-04-24,,,,1808.4,1745.4,1703.55,1610.4333333333334,1716.9997368580614,55.57142857142857,72.09302325581396,55.67246180002576,40.493431104391966,15.179030695633791,1844.5740367715405,1562.5259632284594,1703.55,282.04807354308105,-23.31081081081081,78.56690513415455,79.361317977347,76.97807944776966,89.18767407376754,41.38817480719794,16.323907455012854,29.680188608031546,73.35579310475545,1610.0,1850.0,1630.0,0,0,1193001.7,69996721,1739.5377748413937,0.6979166666666666,0.3020833333333333,0.3125,34177916.666666664,-0.7027027027027066,-3.5190615835777095,5.245660871976143,-2.384061187286992,66.98018018018017,36.510668563300136,3.0,1.0,796258.7,10078.0,0.8752222142131894,0.36612107616157236,1.9624510896861154,0.6,0.0
2023-04-25,,,,1823.6,1765.5,1713.95,1613.9333333333334,1729.2854762049128,56.857142857142854,75.59241706161137,58.93107332712043,44.180959548937665,14.750113778182765,1864.9459567251417,1562.9540432748583,1713.95,301.9919134502834,-20.61855670103093,78.41200001644367,79.04487865704589,77.14624273523924,95.13407939305321,43.21608040201006,12.060301507537687,33.57534107461258,82.59131985187669,1610.0,1850.0,1630.0,0,0,1256975.1,72289036,1754.2848573266617,0.23636363636363636,0.7636363636363637,0.16363636363636364,41678454.54545455,-0.216216216216214,-3.5190615835777095,5.24528251670233,-2.384061187286992,67.34336917562723,36.510668563300136,3.0,1.0,821902.0,-2703.0,-0.2327048952397548,0.36506201858196674,2.1949707588066936,0.3,0.0
2023-04-26,,,,1830.6,1782.3,1721.1,1617.35,1737.2582879949211,57.285714285714285,68.14988290398126,58.18005873066022,46.980779385282176,11.199279345378045,1876.8026856408133,1565.3973143591866,1721.1,311.4053712816267,-31.95876288659794,73.05739272351306,77.04905001253493,65.07407814546931,61.296910223389595,38.77805486284289,17.082294264339154,33.340457227456696,49.666282621846406,1906.0,1850.0,1630.0,0,0,1333447.25,69930359,1762.5345111202062,0.4375,0.5625,0.6875,49139104.166666664,-1.9999999999999907,-3.5190615835777095,3.5647483806913898,-2.384061187286992,67.45147862373855,36.510668563300136,3.0,1.0,844647.2,-21147.0,-1.8248200377269264,0.36243094689404387,2.340914239505073,0.5,0.0
2023-04-27,,,,1811.2,1791.9,1725.3,1619.9333333333334,1738.7574986620716,60.142857142857146,57.8494623655914,52.14231158265693,48.01308582475713,4.129225757899803,1879.61082780842,1570.9891721915799,1725.3,308.62165561684014,-52.577319587628864,57.280980262277325,70.45969342911573,30.923553928600512,29.940021504218727,36.46080760095011,21.49643705463183,31.61329095111009,4.098237849923383,1906.0,1850.0,1630.0,0,0,1395039.85,67861970,1765.9864804220467,0.078125,0.921875,0.9375,32318578.125,-5.2432432432432226,-5.2432432432432226,2.0295309029227395,-3.3199133659963103,67.45147862373855,36.510668563300136,4.0,1.0,866408.0,-68802.0,-6.047426973728742,0.35296253399509564,2.390885648047387,0.4,-1.0
2023-04-28,,,,1808.4,1800.8,1731.1,1623.7666666666667,1743.9234511704458,62.285714285714285,59.166666666666664,50.00855171931926,48.41217900366955,1.5963727156497072,1886.483261307997,1575.7167386920028,1731.1,310.7665226159943,-38.83161512027491,49.99684398437537,63.63874361420228,22.713044724721527,28.166158232783015,31.53669724770642,22.706422018348622,29.012003403378465,12.017509600989396,1615.0,1850.0,1630.0,0,0,1458003.45,69831819,1768.653068687869,0.96875,0.03125,0.625,30778890.625,-3.0810810810810607,-5.2432432432432226,2.654699344513027,-3.3199133659963103,67.45147862373855,37.742412803865314,4.0,1.0,886837.7,-24428.0,-2.2853293791309848,0.3419295584892375,2.1394038972088314,0.2,0.0
2023-05-04,,,,1788.6,1798.5,1735.85,1626.4166666666667,1743.3593129637366,60.42857142857143,59.78947368421053,43.37944012588605,47.40563122811285,-4.026191102226804,1885.59965073318,1586.1003492668199,1735.85,299.49930146636007,-59.57446808510638,34.664562656250254,53.98068329488494,-3.967678621019118,14.313538262798081,32.74231678486997,15.248226950354608,30.279398014170503,15.353497980452033,1906.0,1850.0,1630.0,0,0,1496609.8,68179395,1771.346067982004,0.078125,0.921875,0.859375,25819125.0,-6.054054054054037,-6.054054054054037,2.1928378028886035,-3.3199133659963103,67.45147862373855,38.0203005743961,4.0,1.0,915640.5,100322.0,9.604998482494121,0.3262818160189639,1.8631424320224141,-0.2,0.0
2023-05-05,,,,1770.4,1797.0,1741.25,1629.5333333333333,1744.4679498243331,62.214285714285715,61.17886178861789,39.04746448857031,45.73399788020435,-6.686533391634036,1885.1854753096127,1597.3145246903873,1741.25,287.87095061922537,-55.10948905109489,31.149909442525296,46.37042534409839,0.7088776393790965,1.629666981068194,31.802525832376578,17.795637198622273,31.27618561810096,22.795582671702544,1632.0,1850.0,1630.0,0,0,1551023.75,70140529,1772.738836730686,0.8888888888888888,0.1111111111111111,0.3148148148148148,36317296.2962963,-5.135135135135105,-6.054054054054037,2.4516988211948516,-3.3199133659963103,67.45147862373855,38.27230046948357,4.0,1.0,945544.55,-8598.0,-0.7510488740818277,0.3053740762875146,1.8127338553229406,-0.2,0.0
2023-05-08,,,,1753.8,1792.2,1746.25,1632.7,1743.0900498410633,65.5,57.227722772277225,33.21417913752748,43.23003413166897,-10.015854994141492,1880.5377899374637,1611.9622100625363,1746.25,268.57557987492737,-71.25506072874494,24.912543276774745,39.217797988323845,-3.697966146323452,-4.183450434749179,31.40676117775355,17.121046892039256,32.9776302408939,0.0,1906.0,1850.0,1645.0,0,0,1624441.45,67921700,1773.724799981762,0.3333333333333333,0.6666666666666666,0.3333333333333333,29584386.666666664,-6.486486486486454,-6.486486486486454,2.2957043093827583,-3.3199133659963103,67.45147862373855,41.68241469816273,4.0,0.95,978452.25,2214.0,0.1948598883472208,0.2757516489577047,1.7879070891742184,-0.5,0.0
2023-05-09,,,,1738.4,1774.8,1747.15,1635.1166666666666,1736.7005212847716,66.07142857142857,47.265625,23.957739855228738,39.37557527638092,-15.417835421152184,1879.169575900793,1615.1304240992072,1747.15,264.03915180158583,-99.13793103448276,16.919888664267276,31.785161546971658,-12.810657101141487,-38.50358433595748,26.054054054054056,20.324324324324326,32.58041616289807,0.0,1906.0,1850.0,1645.0,0,0,1687055.05,66029702,1771.467128167118,0.03389830508474576,0.9661016949152542,0.9152542372881356,32067762.711864404,-9.405405405405364,-9.405405405405364,0.5443119012257516,-3.3199133659963103,67.45147862373855,43.66317267666383,4.0,0.9,1017056.2,64989.0,5.708726606729542,0.23707219103799038,1.7153373052864218,-0.8,0.0
2023-05-10,,,,1719.0,1763.7,1747.95,1637.9,1732.8242811624123,63.714285714285715,43.15789473684211,18.027962755362523,35.10605277217724,-17.07809001681472,1878.441338692102,1617.4586613078982,1747.95,260.9826773842037,-90.51724137931035,14.706717053436751,26.092346715793358,-8.064542271276459,-40.62654058983691,20.739910313901344,21.076233183856502,30.727566412735516,0.0,1674.0,1850.0,1645.0,0,0,1737290.1,67476141,1769.466336940503,0.6333333333333333,0.36666666666666664,0.6666666666666666,48214633.33333333,-8.324324324324294,-9.405405405405364,0.4994883750731501,-3.3199133659963103,67.45147862373855,43.79081461615824,4.0,0.85,1054063.5,-56510.0,-4.695846116516145,0.18488502148547392,1.5903797996907847,-0.8,0.0
2023-05-11,,,,1709.6,1749.1,1747.25,1640.4333333333334,1728.8410162898015,65.21428571428571,41.613588110403406,12.777818728340662,30.640405963409926,-17.862587235069263,1878.8568707211946,1615.6431292788054,1747.25,263.21374144238916,-88.47736625514403,15.077547715473841,22.420747049020186,0.39114904838115194,-42.21929437508545,20.262869660460023,22.124863088718513,29.386283066347232,0.0,1906.0,1850.0,1645.0,0,0,1810581.15,65348500,1766.0681398529603,0.5185185185185185,0.48148148148148145,0.09259259259259259,39400759.25925926,-8.594594594594573,-9.405405405405364,-0.11107417921129946,-3.3199133659963103,67.45147862373855,43.79081461615824,4.0,0.8,1093747.3,32889.0,2.8676582142726392,0.10689816955974955,1.6623795570848832,-0.8,0.0
2023-05-12,,,,1695.2,1732.8,1749.15,1643.0666666666666,1724.4752052145823,65.21428571428571,39.91507430997876,7.8806652173877865,26.0884578142055,-18.207792596817715,1875.5350007755085,1622.7649992244917,1749.15,252.77000155101678,-88.4920634920635,16.169841936898173,20.337112011646184,7.835301787402152,-56.692426024905615,17.086527929901425,23.110624315443594,28.456738496475687,0.0,1906.0,1850.0,1645.0,0,0,1851372.7,63550264,1764.926828878558,0.8285714285714286,0.17142857142857143,0.22857142857142856,51378171.428571425,-9.027027027027001,-9.405405405405364,1.0053903669298756,-3.1307895131181707,67.45147862373855,43.79081461615824,3.0,0.75,1109780.8,-40975.0,-3.4730963236459633,0.0878657327248491,1.6329807823680387,-0.6,0.0
2023-05-15,,,,1671.0,1712.4,1747.35,1644.4166666666667,1713.4775666227172,65.14285714285714,24.524312896405917,-1.949078020166553,20.480950647331092,-22.430028667497645,1880.8080951380143,1613.8919048619855,1747.35,266.91619027602883,-97.37704918032787,12.140438842285858,17.60488762185941,1.2115412831387502,-87.03326096190229,10.855263157894736,28.947368421052634,28.961612595481817,0.0,1906.0,1850.0,1609.0,0,1,1929798.45,61184526,1759.5500705527047,0.08421052631578947,0.9157894736842105,0.7789473684210526,24902505.263157893,-13.027027027027005,-13.027027027027005,-0.5582737993441238,-3.363805800780586,67.45147862373855,43.79081461615824,4.0,0.7,1125944.1,37293.0,3.274739903478019,0.068739247103781,1.6454724068986608,-0.6,0.0
2023-05-16,,,,1654.6,1696.5,1744.2,1645.3833333333334,1702.098750753887,60.214285714285715,26.067415730337075,-10.824813285826849,14.219797860699503,-25.04461114652635,1889.1189973379828,1599.2810026620173,1744.2,289.83799467596555,-97.02970297029702,9.508720234479881,14.906165159399569,-1.2861696153594941,-104.01848112346896,7.117437722419928,33.214709371293,29.82584454418547,3.021656783927628,1906.0,1850.0,1594.0,0,1,1972872.75,59663259,1755.281907639507,0.225,0.775,0.375,38031675.0,-13.837837837837819,-13.837837837837819,-1.1133163153584917,-3.363805800780586,67.45147862373855,43.79081461615824,4.0,0.65,1137393.9,-67119.0,-5.706907825093255,0.04554409402136098,1.605385148009893,-0.3,-1.0
2023-05-17,,,,1641.6,1680.3,1740.55,1646.9333333333334,1695.3274411582788,56.785714285714285,27.21238938053098,-14.703810279881736,8.435076232583256,-23.138886512464993,1893.202994867699,1587.8970051323008,1740.55,305.30598973539827,-84.81848184818482,14.202394686234449,14.671575001677862,13.264034055347622,-80.51803176756408,9.685534591194969,31.823899371069185,30.533236632423883,5.263709174378449,1585.0,1850.0,1594.0,0,0,2000484.55,61373949,1751.5349919015039,0.75,0.25,0.8409090909090909,38879318.18181819,-11.837837837837817,-13.837837837837819,-1.3027113426807966,-3.363805800780586,67.45147862373855,43.79081461615824,4.0,0.6,1140859.1,-39587.0,-3.569670202041153,0.03842681616601599,1.6730853217448325,-0.3,-1.0
2023-05-18,,,,1628.0,1668.8,1733.65,1648.55,1688.439113428919,56.357142857142854,25.277161862527706,-18.21352233756147,3.1053565185543106,-21.31887885611578,1894.6577147546004,1572.6422852453998,1733.65,322.01542950920066,-85.09803921568627,15.963989619882794,15.10237987441284,17.6872091108227,-64.84774321236719,10.26615969581749,32.06590621039291,30.185620177022994,1.7257057409016334,1840.0,1850.0,1594.0,0,0,2038649.65,59438764,1746.3666949018595,0.08163265306122448,0.9183673469387755,0.16326530612244897,39493571.428571425,-12.270270270270245,-13.837837837837819,-2.7816687590638924,-3.363805800780586,67.45147862373855,43.79081461615824,3.0,0.55,1138644.25,6114.0,0.5717251343049012,0.04041979859863603,1.6722659011983076,-0.3,-1.0
2023-05-19,,,,1607.8,1651.5,1724.25,1649.3166666666666,1678.3020550071174,57.57142857142857,24.83660130718954,-24.02639050426137,-2.320992886008826,-21.705397618252547,1897.7864363377746,1550.7135636622254,1724.25,347.0728726755492,-90.19607843137256,15.377508231437012,15.19408932675423,15.744346040802576,-83.18507841589278,10.049627791563276,33.99503722084368,31.2946852819382,0.8519772312624888,1840.0,1850.0,1582.0,0,1,2125174.55,56765110,1736.1281393568352,0.352112676056338,0.647887323943662,0.5774647887323944,37657098.59154929,-14.486486486486461,-14.486486486486461,-3.812262452258323,-3.363805800780586,67.45147862373855,43.79081461615824,3.0,0.5,1135004.35,8245.0,0.7666137614841029,0.04175432184432242,1.8498617537712199,-0.6,-1.0
2023-05-22,,,,1582.8,1626.9,1709.55,1648.1166666666666,1659.797097387392,60.642857142857146,22.93762575452716,-36.12449074308029,-9.081692457423118,-27.04279828565717,1911.4123553966613,1507.6876446033386,1709.55,403.72471079332263,-97.20496894409938,11.491341575778947,13.959840076429137,6.554344574478566,-105.42611345707118,9.540636042402825,36.74911660777385,33.64889626929898,0.0,1840.0,1850.0,1484.0,0,1,2189280.55,53941756,1720.1786214501683,0.08333333333333333,0.9166666666666666,0.9074074074074074,26142166.666666668,-19.78378378378376,-19.78378378378376,-5.4068468627412205,-4.486799278574397,67.45147862373855,43.79081461615824,4.0,0.45,1134871.9,60803.0,5.610406051557826,0.04173081698155991,1.9409130595074164,-0.6,-1.0
2023-05-23,,,,1558.8,1606.7,1690.75,1646.95,1642.1021357314498,60.92857142857143,15.845824411134899,-45.98910499579506,-16.463174965097508,-29.525930030697552,1907.0557047206773,1474.4442952793227,1690.75,432.6114094413547,-96.7065868263473,9.104463937658407,12.341381363505562,2.6306290859640953,-100.54338455541021,9.495896834701055,35.99062133645955,36.64663576308259,0.0,1840.0,1846.0,1474.0,0,1,2208083.8,51496510,1702.2822360576472,0.16176470588235295,0.8382352941176471,0.14705882352941177,35959500.0,-20.151679306608862,-20.151679306608862,-7.710740151759443,-4.486799278574397,67.45147862373855,43.0302527973477,3.0,0.4,1128397.1,-46196.0,-4.0361467362481696,0.03774323645531767,2.1118128924971202,-0.6,0.0
2023-05-24,,,,1528.4,1585.0,1674.35,1645.85,1626.5685989951214,60.0,18.94484412470024,-52.79483861264225,-23.729507694606458,-29.065330918035794,1902.9330725416985,1445.7669274583013,1674.35,457.16614508339717,-90.11976047904191,10.469642625105603,11.717468450705574,7.973990973905661,-93.79666814866854,9.404761904761905,38.57142857142857,38.38526738412323,6.836117526739185,1446.0,1846.0,1474.0,0,0,2143930.05,53832966,1678.4992769858945,0.6470588235294118,0.35294117647058826,0.09803921568627451,45812862.74509804,-19.88082340195013,-20.151679306608862,-6.772765258012139,-4.486799278574397,67.45147862373855,43.0302527973477,3.0,0.35,1128122.55,47627.0,4.336188193135038,0.03762906994209848,2.199639587886089,-0.3,0.0
2023-05-25,,,,1501.4,1564.7,1656.9,1645.25,1613.3715895670148,59.214285714285715,17.359413202933993,-56.8073667898002,-30.345079513645207,-26.462287276154992,1886.485347047496,1427.3146529525043,1656.9,459.17069409499163,-87.42514970059881,12.579761750070402,12.00489955049385,13.729486149223504,-78.39675383315596,10.856453558504223,35.946924004825085,40.19723214711893,3.6576108195663557,1446.0,1846.0,1474.0,0,0,2087612.4,55987693,1657.1561898255952,0.5348837209302325,0.46511627906976744,0.20930232558139536,50109930.23255814,-19.393282773564422,-20.151679306608862,-7.307660468684399,-4.486799278574397,67.45147862373855,43.0302527973477,3.0,0.3,1124782.7,-51228.0,-4.470203876480383,0.03761498970414872,2.233419281712048,-0.2,0.0
2023-05-26,,,,1480.0,1543.9,1638.35,1644.4833333333333,1600.193342941585,58.57142857142857,17.884130982367765,-60.34074508484082,-36.34421262788433,-23.996532456956487,1863.512654657923,1413.187345342077,1638.35,450.32530931584597,-86.86868686868686,13.989956109242337,12.666585070076678,16.636698187573657,-78.26050235052635,8.658536585365853,39.63414634146342,42.67603299670629,6.487331342119414,1733.0,1813.0,1474.0,0,0,2117343.5,53100756,1633.7195170347497,0.5909090909090909,0.4090909090909091,0.19696969696969696,43741469.696969695,-18.643132928847184,-20.151679306608862,-7.894005137182195,-4.486799278574397,67.45147862373855,42.84903341155437,3.0,0.25,1118207.4,-67412.0,-6.157696664109025,0.04178420309457809,2.3020305630704723,0.1,-1.0
2023-05-29,,,,1475.6,1529.2,1620.8,1643.5166666666667,1587.0320721852434,57.214285714285715,19.94382022471909,-63.45845463127057,-41.767061028561585,-21.691393602708985,1843.3466006787241,1398.2533993212758,1620.8,445.0932013574484,-90.74733096085409,13.062269590069604,12.79847991007432,13.589848950060173,-72.22865107499992,8.863920099875156,36.70411985018727,46.15757428646676,15.004339710296492,1733.0,1793.0,1462.0,0,1,2122671.7,50635515,1614.0632235152834,0.25,0.75,0.325,61631025.0,-18.460680423870592,-20.151679306608862,-7.586391840195258,-4.486799278574397,67.45147862373855,41.27388535031848,3.0,0.2,1113691.6,20043.0,1.950945541335547,0.044039431091123835,2.279416803798292,0.1,0.0
2023-05-30,,,,1464.0,1511.4,1603.95,1641.65,1570.7433034056965,60.07142857142857,13.350785340314133,-68.84744695817403,-47.183138214484075,-21.664308743689958,1835.212416451807,1372.687583548193,1603.95,462.52483290361397,-97.41100323624596,9.733820752354097,11.776926857500914,5.6476085420604605,-78.51301413671838,8.442330558858501,40.19024970273484,50.76306600431649,0.0,1733.0,1793.0,1416.0,0,1,2128824.0,48444080,1597.1883509549561,0.11267605633802817,0.8873239436619719,0.647887323943662,30865281.690140843,-21.02621305075292,-21.02621305075292,-7.5568994572484405,-4.486799278574397,67.45147862373855,37.37453732408922,2.0,0.15,1115367.65,55035.0,5.254484714877261,0.043032298883774946,2.231729107822855,-0.2,0.0
2023-05-31,,,,1450.0,1489.2,1584.75,1639.4833333333333,1555.3391792718205,58.42857142857143,13.28125,-72.84341021192245,-52.315192613971746,-20.5282175979507,1813.6759820621696,1355.8240179378304,1584.75,457.85196412433925,-95.03311258278146,8.625965971654868,10.7266065622189,4.424684790526804,-80.45807126065978,7.457212713936429,41.320293398533,55.40812272141377,0.0,1733.0,1755.0,1409.0,0,1,2105776.6,46935179,1582.2347935594562,0.4838709677419355,0.5161290322580645,0.22580645161290322,48674225.80645161,-19.715099715099715,-21.02621305075292,-9.147065488721111,-4.486799278574397,67.45147862373855,26.983394650492198,2.0,0.1,1115371.45,-57873.0,-5.249604055056755,0.04302685780733477,2.1128748351553113,-0.3,-1.0
2023-06-01,,,,1442.0,1471.7,1570.25,1637.8166666666666,1545.116400293552,59.42857142857143,21.686746987951807,-72.0329152088832,-56.25873713295404,-15.774178075929157,1795.0042517599638,1345.4957482400362,1570.25,449.5085035199277,-82.11920529801324,15.274453504912767,12.242555543116854,21.33824942850459,-64.33405426531777,10.216346153846153,39.543269230769226,58.54746715325909,60.336033962151305,1394.0,1755.0,1409.0,0,0,2087856.5,48229201,1570.692518834508,0.9803921568627451,0.0196078431372549,0.7647058823529411,25372980.392156865,-17.49287749287751,-21.02621305075292,-6.473593651428053,-4.486799278574397,67.45147862373855,25.909364956775203,2.0,0.05,1107534.0,-56503.0,-5.409299480256147,0.04983268796411582,1.9811656316410347,-0.3,-1.0
2023-06-02,,,,1458.2,1469.1,1560.3,1637.45,1546.152933598928,60.642857142857146,44.09799554565702,-61.96163946338061,-57.39931759903936,-4.56232186434125,1767.5548393187073,1353.0451606812926,1560.3,414.5096786374147,-40.87591240875913,43.516302336608504,22.66713780761407,85.21463139459738,-21.531613081813756,21.790341578327443,32.50883392226149,56.710692214531875,100.0,1394.0,1730.0,1409.0,0,0,2106733.15,50567868,1559.8779803301936,1.0,0.0,0.9642857142857143,20880955.35714286,-10.057803468208116,-21.02621305075292,-3.135412561045001,-4.486799278574397,67.45147862373855,25.909364956775203,3.0,0.0,1104075.7,78985.0,7.994028642275186,0.050238280904853834,1.8574969773320327,-0.2,0.0
2023-06-05,,,,1472.0,1473.8,1550.35,1636.5,1544.7097970656969,64.28571428571429,43.13725490196078,-55.359225252934266,-56.99129912981834,1.6320738768840712,1741.8067698902614,1358.8932301097384,1550.35,382.913539780523,-50.0,51.17915301404968,32.17114287642594,89.19517328929716,-3.9076150365628792,25.444444444444443,28.88888888888889,52.541662639511685,96.88240718906272,1668.0,1696.0,1409.0,0,0,2127001.2,47943678,1549.7550215455135,0.24175824175824176,0.7582417582417582,0.27472527472527475,28837252.747252747,-9.728773584905682,-21.02621305075292,-3.182675173953204,-4.486799278574397,67.45147862373855,25.909364956775203,3.0,0.0,1097577.1,-58592.0,-5.491103853200697,0.053525763694871484,1.9072014799620025,0.1,1.0
2023-06-06,,,,1490.2,1477.1,1541.9,1635.2166666666667,1541.1183878213446,64.0,36.09865470852018,-51.47004915924617,-55.88704913570391,4.416999976457738,1724.7302635318567,1359.0697364681434,1541.9,365.6605270637133,-58.75912408759124,52.404224986712734,38.91550357985487,79.38166780042846,-18.714515534756355,23.660714285714285,31.026785714285715,49.69423795535231,74.0422270570872,1668.0,1696.0,1409.0,0,0,2113203.8,46327628,1541.8009394708324,0.36363636363636365,0.6363636363636364,0.5454545454545454,36728409.090909086,-11.143867924528328,-21.02621305075292,-2.8012350196518567,-4.486799278574397,67.45147862373855,25.909364956775203,3.0,0.0,1089888.15,41182.0,4.0837211423947695,0.04958675155485638,1.8175645885106675,0.1,1.0
2023-06-07,,,,1513.8,1481.9,1533.45,1634.4666666666667,1539.773779457407,63.42857142857143,39.519650655021834,-46.240979009955026,-53.95783511055414,7.7168561005991165,1701.3001524699357,1365.5998475300644,1533.45,335.70030493987133,-43.162393162393165,56.45718558984732,44.76273091651902,79.84609493650393,-5.03070730256033,22.409909909909906,31.306306306306308,47.19886930361714,85.14332123795464,1394.0,1691.0,1409.0,0,0,2114195.0,47793891,1536.1503391992383,0.4473684210526316,0.5526315789473685,0.5263157894736842,38585868.421052635,-9.698403311649928,-21.02621305075292,-2.758879513816843,-4.486799278574397,67.45147862373855,25.909364956775203,3.0,0.0,1085580.8,11122.0,1.0596165297130034,0.048524423586166425,1.8051146983647048,0.2,0.0
2023-06-08,,,,1535.2,1488.6,1526.65,1633.9333333333334,1541.2238956995589,61.5,46.96629213483146,-39.38354822051065,-51.042977732545445,11.659429512034798,1677.815681151063,1375.4843188489372,1526.65,302.33136230212585,-21.844660194174757,63.68990366183996,51.07178849829266,88.92613398893457,15.185575216909776,25.78397212543554,25.087108013937282,43.413416862945716,100.0,1394.0,1683.0,1409.0,0,0,2082798.4,49293600,1528.8818375556655,0.5789473684210527,0.42105263157894735,0.7368421052631579,39466026.315789476,-7.605466428995866,-21.02621305075292,-2.1192188071824116,-4.486799278574397,67.45147862373855,25.909364956775203,3.0,0.05,1080430.85,16037.0,1.5118590955241817,0.04423333133458356,1.8217335397716916,0.5,0.0
2023-06-09,,,,1538.6,1498.4,1521.15,1633.0166666666667,1544.25019134722,56.07142857142857,62.1917808219178,-32.12620445988614,-47.25962307801359,15.13341861812745,1655.4243068261915,1386.8756931738087,1521.15,268.54861365238276,-13.106796116504855,71.42433706905835,57.85597135521456,98.56106849674593,27.80623015739877,28.53503184713376,17.070063694267517,41.01063392367934,100.0,1394.0,1631.0,1409.0,0,0,2048951.75,50414903,1523.3706026183063,1.0,0.0,0.5625,35040718.75,-3.5561005518087163,-21.02621305075292,-1.652714087364172,-4.486799278574397,66.71199662660764,25.909364956775203,3.0,0.1,1077415.55,1718.0,0.1595491760650214,0.042484883431097915,1.5913219647462915,0.5,0.0
2023-06-12,,,,1544.2,1508.1,1518.65,1632.0,1545.6549350284372,54.07142857142857,61.517615176151764,-27.1909498957516,-43.2458884415612,16.0549385458096,1647.80152259824,1389.4984774017603,1518.65,258.3030451964796,-19.902912621359224,74.31525383891916,63.34239884978276,96.26096381719198,36.90700401619646,32.23249669749009,16.116248348745046,39.2310561131737,98.62163498445629,1600.0,1631.0,1409.0,0,0,2006126.55,48905669,1518.4602642174627,0.15,0.85,0.35,37730850.0,-4.4144696505211805,-21.02621305075292,-0.7225815011181659,-3.298790600825632,66.48102896747822,25.909364956775203,2.0,0.15,1072945.9,8206.0,0.7608701699208797,0.03688458539941617,1.348640636160837,0.2,0.0
2023-06-13,,,,1565.4,1527.8,1519.6,1631.8666666666666,1552.0687507400146,54.714285714285715,66.02870813397129,-18.70673677689092,-38.338058108627145,19.631321331736224,1651.3388165630906,1387.8611834369092,1519.6,263.47763312618144,-0.45454545454545453,82.72251490495844,69.80243753484132,108.5626696451927,57.35592372054073,34.595300261096604,13.70757180156658,37.97742744019018,100.0,1394.0,1631.0,1409.0,0,0,2006489.7,50434199,1518.1832425387815,0.9833333333333333,0.016666666666666666,0.9,25475500.0,-1.1036174126303089,-21.02621305075292,0.5451086643563665,-3.298790600825632,66.11601786669365,25.909364956775203,2.0,0.2,1075141.05,66177.0,6.089676343599204,0.0397789840771152,1.3058776972384072,0.6,0.0
2023-06-14,,,,1589.6,1551.7,1520.45,1633.5166666666667,1561.2050601933465,57.0,68.01801801801803,-9.054356278901878,-32.481317742682094,23.426961463780216,1655.3955640735473,1385.5044359264527,1520.45,269.8911281470946,-12.110726643598616,83.60022611516058,74.40170039494774,101.99727755558627,94.65843396043896,40.47619047619048,13.157894736842104,37.78645115565961,100.0,1394.0,1648.0,1409.0,1,0,2008071.95,52176534,1519.2497120351359,0.5333333333333333,0.4666666666666667,0.4666666666666667,23231133.333333336,0.0,-21.02621305075292,0.5035076587216103,-3.298790600825632,66.48102896747822,25.909364956775203,2.0,0.25,1080396.7,21623.0,1.8755556712074517,0.04456254885078669,1.3261110174749355,0.6,0.0
2023-06-15,,,,1604.4,1569.8,1520.75,1634.5833333333333,1567.6617211273135,56.5,67.11111111111111,-2.9044358741648466,-26.565941368978645,23.6615054948138,1656.678580318263,1384.821419681737,1520.75,271.8571606365258,-18.685121107266436,79.69181741010706,76.16507273333418,86.74530676365282,83.67686515199036,40.83438685208597,10.36662452591656,37.45536249123761,98.34314860057434,1683.0,1648.0,1409.0,0,0,1989760.1,50607586,1517.9325652792681,0.4576271186440678,0.5423728813559322,0.3220338983050847,26592338.983050846,-1.1529126213592145,-21.02621305075292,0.31498502488846447,-3.298790600825632,66.65751633986929,25.909364956775203,2.0,0.3,1083995.4,-27025.0,-2.3009634672560786,0.04649270214762259,1.3210166989358119,0.5,0.0
2023-06-16,,,,1612.8,1575.7,1522.4,1635.5833333333333,1572.170128638998,58.42857142857143,66.96230598669624,0.8301677007621038,-21.0867195550305,21.916887255792602,1662.204976946164,1382.5950230538363,1522.4,279.60995389232767,-23.529411764705884,74.65565605118249,75.66193383928362,72.64310047498023,74.97756471663362,39.73105134474328,10.757946210268948,37.19029802570215,98.07129271685483,1683.0,1648.0,1409.0,0,0,1935846.65,49012201,1517.4230273267426,0.2835820895522388,0.7164179104477612,0.208955223880597,23811716.41791045,-2.0024271844660047,-21.02621305075292,0.8003449130096119,-3.298790600825632,66.99206701157921,25.909364956775203,2.0,0.35,1087468.1,5725.0,0.4989180667600346,0.048479369089681625,1.38976600478439,0.1,0.0
2023-06-19,,,,1603.0,1573.6,1523.7,1634.6166666666666,1566.2491640067126,61.07142857142857,59.2156862745098,-4.629389814047272,-17.795253606833853,13.165863792786581,1662.481312256186,1384.9186877438142,1523.7,277.5626245123717,-59.86159169550173,50.338619185636816,67.22082895473469,16.574199647441077,13.336282633469082,38.01169590643275,15.555555555555555,35.521742581829336,83.9187952408686,1683.0,1648.0,1409.0,0,0,1910004.55,46705689,1519.2002266259872,0.028846153846153848,0.9711538461538461,1.0096153846153846,22178000.0,-8.37378640776697,-21.02621305075292,0.7025985171763651,-3.3141334869321,66.99206701157921,25.909364956775203,2.0,0.35,1085823.3,-41547.0,-3.6027325512830277,0.04728211055233008,1.526970234086018,0.4,0.0
2023-06-20,,,,1582.6,1574.0,1525.55,1633.4,1560.987338863216,60.857142857142854,60.11904761904762,-8.774292256544186,-15.991061336775921,7.216769080231735,1662.5163423886995,1388.5836576113004,1525.55,273.9326847773991,-60.35087719298246,36.39595888971533,56.9458722663949,-4.703867863643808,-11.821325238297918,38.14553990610329,15.375586854460096,33.601764064106455,82.95110359945781,1398.0,1648.0,1409.0,0,0,1843098.2,47812808,1520.8951204734144,0.5714285714285714,0.42857142857142855,0.03571428571428571,39539964.28571428,-8.313106796116475,-21.02621305075292,0.9144307326300826,-3.3141334869321,66.99206701157921,25.909364956775203,2.0,0.35,1084859.95,-32567.0,-2.929580150783373,0.04726241106824057,1.4669983228867065,0.1,-1.0
2023-06-21,,,,1555.0,1572.3,1527.1,1631.55,1556.1314018286241,60.214285714285715,56.65236051502146,-12.001503090334836,-15.193149687487706,3.19164659715287,1662.5414225683505,1391.6585774316493,1527.1,270.88284513670123,-72.38493723849372,29.04945114099834,47.64706522459605,-8.14577702619708,-16.89236404858256,35.705812574139976,17.200474495848162,31.890362664656703,64.39259332088675,1683.0,1648.0,1409.0,0,0,1779128.95,46755737,1523.492283475761,0.6904761904761905,0.30952380952380953,0.023809523809523808,25168357.14285714,-8.373786407766948,-21.02621305075292,0.7992201257775613,-3.3141334869321,66.99206701157921,25.909364956775203,2.0,0.35,1076196.45,-106376.0,-9.85789931183011,0.05102258542396085,1.3876502042832477,0.0,-1.0
2023-06-26,,,,1527.6,1566.0,1527.3,1629.25,1550.023649273517,54.857142857142854,41.48936170212766,-15.829072796691207,-15.320334309328405,-0.5087384873628018,1662.5099342347282,1392.0900657652717,1527.3,270.41986846945656,-92.27053140096618,21.942790293676836,39.078973580956315,-12.329576280882122,-25.48860559736231,25.260416666666668,19.53125,31.394005619089146,16.888516670391837,1683.0,1648.0,1409.0,0,0,1712626.95,45931050,1525.0698047814792,0.43243243243243246,0.5675675675675675,0.4864864864864865,22288837.837837838,-9.466019417475701,-21.02621305075292,0.28632331000776956,-3.3141334869321,66.99206701157921,25.909364956775203,2.0,0.35,1071701.55,32144.0,3.304554865850129,0.053141907509064945,1.278330518390074,-0.3,-1.0
2023-06-27,,,,1503.8,1558.3,1528.35,1626.8833333333334,1544.8785398188966,52.214285714285715,45.070422535211264,-18.328404358119315,-15.921948319086589,-2.406456039032726,1662.16884848741,1394.5311515125898,1528.35,267.6376969748203,-88.20754716981132,18.55934447251412,32.23909721147558,-8.800161005408803,-24.05213446550594,22.16142270861833,21.203830369357043,31.098915161238146,28.107602710300515,1471.0,1648.0,1409.0,0,0,1630711.75,47179683,1528.7940511558834,0.46296296296296297,0.5370370370370371,0.07407407407407407,23122833.333333332,-9.22330097087376,-21.02621305075292,0.6109692855270922,-3.3141334869321,66.99206701157921,25.909364956775203,2.0,0.35,1071634.4,21143.0,2.104070011603576,0.05319731880194849,1.2450411518192337,0.1,-1.0
2023-06-28,,,,1502.6,1552.8,1530.45,1624.1166666666666,1540.98534555043,51.285714285714285,49.557522123893804,-19.43952276826235,-16.625463208921744,-2.814059559340606,1661.1670105306705,1399.7329894693296,1530.45,261.4340210613409,-84.43396226415095,17.561575560292432,27.346589994414533,-2.0084533079517684,-23.870296200804184,22.56267409470752,19.080779944289695,30.734044893972136,35.2226193908416,1471.0,1648.0,1409.0,0,0,1560960.3,48249895,1532.5435384764962,0.7096774193548387,0.2903225806451613,0.25806451612903225,34522967.741935484,-8.737864077669876,-21.02621305075292,1.0156511258819103,-3.3141334869321,66.99206701157921,25.909364956775203,2.0,0.35,1071304.1,14780.0,1.4405387887973298,0.0533693722612369,1.0357291290825519,0.2,0.0
2023-06-29,,,,1501.6,1542.1,1534.95,1621.4,1537.6534078789605,50.285714285714285,46.728971962616825,-19.928979952639338,-17.286166557665265,-2.6428133949740733,1654.8244518673455,1415.0755481326546,1534.95,239.74890373469088,-83.49056603773585,17.784105929083843,24.159095305970972,5.034127175309585,-25.399671604372454,21.44886363636364,19.460227272727273,29.89827819735638,19.75075630706067,1471.0,1648.0,1409.0,0,0,1496884.0,49159804,1538.8345853898275,0.6666666666666666,0.3333333333333333,0.07407407407407407,33700333.333333336,-8.616504854368912,-19.715099715099715,2.0296474462530503,-1.8514270137766937,66.6277553149863,25.909364956775203,2.0,0.35,1068530.9,6177.0,0.5934943336039611,0.05327916363048865,1.0043538729982464,0.5,0.0
2023-06-30,,,,1503.0,1529.0,1540.35,1618.7333333333333,1535.6864166523928,50.785714285714285,43.75,-19.207854043502948,-17.670504054832804,-1.5373499886701438,1645.112940413969,1435.5870595860308,1540.35,209.52588082793818,-78.30188679245283,19.84218173050034,22.720124114147428,14.08629696320616,-15.770285410373145,23.066104078762304,19.26863572433193,30.441152244076058,8.52149566473988,1471.0,1648.0,1448.0,0,0,1508021.95,50891464,1544.3851422167074,0.3333333333333333,0.6666666666666666,0.21568627450980393,33954117.64705882,-7.949029126213569,-17.49287749287751,2.398057457482989,-1.8514270137766937,66.56466663540571,25.909364956775203,2.0,0.35,1068928.95,5552.0,0.5302962285164137,0.05312008366090243,1.116062255314177,0.6,0.0
2023-07-03,,,,1508.6,1518.1,1543.95,1616.6833333333334,1534.1924722093079,50.07142857142857,40.83044982698962,-18.18466019396874,-17.773335282659993,-0.41132491130874627,1639.9313030036901,1447.96869699631,1543.95,191.96260600738015,-76.88679245283019,24.89478782033356,23.44501201620947,27.79433942858173,-27.330570742378562,23.109843081312412,19.543509272467904,29.2426907589981,0.0,1471.0,1648.0,1492.0,0,0,1482375.0,51672547,1548.6098222447088,0.6363636363636364,0.36363636363636365,0.13636363636363635,35503772.72727273,-7.76699029126211,-11.143867924528328,1.6713347007205699,-1.8514270137766937,66.56466663540571,25.909364956775203,2.0,0.35,1071551.2,-12019.0,-1.141932553866265,0.05038713822946606,1.102059710739312,0.7,0.0
2023-07-04,,,,1521.8,1512.8,1544.25,1615.2666666666667,1536.8408081893738,50.357142857142854,50.47318611987381,-13.825352645826797,-16.983738755293356,3.1583861094665586,1640.4271939263635,1448.0728060736365,1544.25,192.3543878527271,-57.075471698113205,49.21301266875283,32.03434556705726,83.57034687214397,5.347387460625146,25.24822695035461,19.432624113475182,27.791443593465225,35.46744683132853,1471.0,1648.0,1492.0,0,0,1432445.45,53012623,1551.1347597797412,0.9487179487179487,0.05128205128205128,1.0769230769230769,34360923.07692308,-5.218446601941706,-11.143867924528328,0.3066181179956261,-1.8514270137766937,66.56466663540571,25.909364956775203,1.0,0.4,1069511.5,-14254.0,-1.3699248915179818,0.051363936925510494,1.119824698002504,0.4,0.0
2023-07-05,,,,1534.2,1518.4,1546.0,1614.2,1539.6178740761,48.785714285714285,41.19850187265918,-9.933298553740542,-15.573650714982794,5.640352161242252,1642.435416075499,1449.564583924501,1546.0,192.870832150998,-55.18867924528302,63.85442674648881,42.64103929353444,106.28120165239757,12.917022484448037,24.30453879941435,20.058565153733532,25.386280297212817,1.3537512552925224,1471.0,1648.0,1492.0,0,0,1350304.95,53994003,1551.8184029343395,0.8157894736842105,0.18421052631578946,0.10526315789473684,25825789.47368421,-4.975728155339764,-11.143867924528328,1.0303795139672545,-1.8143001296224752,66.56466663540571,25.909364956775203,1.0,0.45,1070918.6,10344.0,1.0079503742298268,0.05008108976111656,1.10351860639866,0.4,0.0
2023-07-06,,,,1546.4,1524.0,1549.0,1612.6833333333334,1542.2256955926619,45.285714285714285,32.61802575107296,-6.6909963613225045,-13.797119844250737,7.106123482928233,1644.0501252800855,1453.9498747199145,1549.0,190.10025056017093,-50.0,73.04580830718302,52.77596229808397,113.58550032538113,17.041166693515326,15.77287066246057,21.60883280757098,22.86322564769419,0.0,1471.0,1648.0,1492.0,0,0,1309045.6,54784866,1554.7160168701023,0.6538461538461539,0.34615384615384615,0.038461538461538464,30417807.692307692,-4.915048543689271,-9.698403311649928,1.6916392699550682,-1.4575277305066339,66.11601786669365,25.909364956775203,1.0,0.5,1070404.05,2749.0,0.2651977406580297,0.050351574624050814,1.0818861866873206,0.4,0.0
2023-07-07,,,,1562.0,1532.5,1552.4,1611.2666666666667,1547.2518198219323,45.0,42.97520661157025,-1.8408622064498559,-11.405868316690562,9.565006110240706,1648.9889826994668,1455.8110173005334,1552.4,193.17796539893334,-35.416666666666664,77.60163444255092,61.05118634623962,110.70253063517353,40.24117296555356,21.904761904761905,20.793650793650794,18.798658336534565,30.15693090506058,1471.0,1648.0,1492.0,0,0,1301259.5,56095407,1557.945632686383,0.6545454545454545,0.34545454545454546,0.509090909090909,23828018.18181818,-3.2160194174756795,-9.466019417475701,1.8577483686688372,-1.4575277305066339,65.55142063913995,25.909364956775203,1.0,0.55,1070697.9,27290.0,2.6257199321873426,0.05030094256097985,0.9985702985122712,0.4,0.0
2023-07-10,,,,1575.2,1541.9,1553.95,1609.2833333333333,1550.942122696034,42.714285714285715,43.881856540084385,1.2621302192358144,-8.872268609505287,10.134398828741102,1651.7025877970664,1456.1974122029337,1553.95,195.50517559413265,-19.58041958041958,77.99704922432687,66.69980730560204,100.59153306177654,39.94349322562842,22.742474916387955,20.903010033444815,15.000770586071042,40.95786274083262,1614.0,1648.0,1492.0,0,0,1269640.9,55228070,1559.3895256131084,0.2571428571428571,0.7428571428571429,0.2571428571428571,24781057.14285714,-3.7621359223300566,-9.466019417475701,0.9355545727042364,-1.4575277305066339,63.31897789262131,25.909364956775203,1.0,0.55,1069163.15,-20535.0,-1.9252332593303723,0.05061089596378092,1.0142581937922237,0.6,0.0
2023-07-11,,,,1587.4,1554.6,1556.45,1608.9166666666667,1557.8047776773642,40.214285714285715,83.4319526627219,6.630433342274728,-5.771728219149284,12.402161561424013,1658.70762100011,1454.19237899989,1556.45,204.51524200022004,-19.148936170212767,78.31382228990213,70.57114563370206,93.79917560230228,67.89904563421894,32.5044404973357,6.394316163410302,16.800905606879628,100.0,1471.0,1648.0,1492.0,0,0,1290318.6,56762927,1563.1638568309152,0.45454545454545453,0.5454545454545454,0.5606060606060606,23255409.090909094,-1.516990291262088,-9.466019417475701,1.3673481286889428,-1.4575277305066339,65.55142063913995,25.909364956775203,1.0,0.55,1064361.05,-63629.0,-6.08256085285287,0.05392959056304367,1.065547951714135,0.6,1.0
2023-07-12,,,,1599.0,1566.6,1559.7,1608.5666666666666,1564.1090845652343,40.857142857142854,83.4319526627219,10.840580423376196,-2.4492664906441886,13.289846914020384,1666.336815998446,1453.0631840015542,1559.7,213.2736319968917,-18.617021276595743,78.20502198781736,73.11577108507383,88.38352379330442,60.098444071892516,31.993006993006993,4.195804195804196,19.248600932149323,100.0,1471.0,1648.0,1492.0,0,0,1260817.5,57682139,1565.0113622444699,0.5675675675675675,0.43243243243243246,0.02702702702702703,24843567.56756757,-1.4563106796116165,-9.466019417475701,1.7476826514598185,-1.4575277305066339,66.11601786669365,25.909364956775203,1.0,0.55,1057865.55,-25662.0,-2.612014738513524,0.0585251651388424,1.0683426513466088,0.3,1.0
2023-07-13,,,,1609.0,1577.7,1559.9,1607.9,1569.1463146066405,41.57142857142857,80.57142857142857,13.45718476984166,0.7320237614529814,12.725161008388678,1666.9718401230643,1452.8281598769358,1559.9,214.1436802461285,-22.340425531914892,76.31968786115928,74.18374334376898,80.59157689593988,42.643013062482346,31.443298969072167,6.872852233676976,21.330599650919346,94.3705903771874,1659.0,1648.0,1492.0,0,0,1246747.35,56435012,1565.254812425843,0.8461538461538461,0.15384615384615385,0.1346153846153846,23983211.53846154,-1.8810679611650172,-9.466019417475701,0.25007729496373665,-1.4575277305066339,66.56466663540571,25.909364956775203,1.0,0.55,1046054.85,-40127.0,-4.1938841845405195,0.062397236924176994,1.1882553050708822,0.2,1.0
2023-07-14,,,,1625.6,1593.8,1561.4,1607.4666666666667,1579.513332263151,43.785714285714285,92.66055045871559,20.219969545336426,4.62961291822967,15.590356627106756,1674.3478687386453,1448.452131261355,1561.4,225.89573747729037,-3.2710280373831777,82.75479190743951,77.04075953165915,94.18285665900024,92.35858264733811,39.641109298531816,5.709624796084829,25.76127438023888,100.0,1471.0,1678.0,1492.0,1,0,1221600.5,57674410,1564.3129053374375,0.8939393939393939,0.10606060606060606,0.9242424242424242,18778757.575757574,0.0,-9.466019417475701,0.8641978493570416,-1.4575277305066339,66.99206701157921,25.909364956775203,1.0,0.55,1034857.65,33893.0,3.697400703196685,0.059094084578975206,1.2032901171848436,0.2,1.0
2023-07-17,,,,1642.4,1608.8,1563.45,1605.95,1588.1311101428507,43.714285714285715,89.1891891891892,24.649844004253055,8.633659135434348,16.016184868818705,1682.866960798232,1444.0330392017681,1563.45,238.83392159646382,-20.675105485232066,79.62638301075677,77.90263402469168,83.07388098288695,103.09827075641772,43.300653594771234,4.901960784313725,31.293618312839452,94.21849549726788,1719.0,1678.0,1492.0,0,0,1223256.2,56072348,1567.9606533365618,0.07547169811320754,0.9245283018867925,0.1509433962264151,30227584.905660376,-0.47675804529201393,-9.466019417475701,1.1392303572687932,-1.4575277305066339,66.99206701157921,25.909364956775203,1.0,0.55,1021330.7,-73620.0,-7.744875673810492,0.0633938384089958,1.402839255732933,0.2,1.0
2023-07-18,,,,1659.4,1623.4,1568.1,1604.9166666666667,1599.5471948911506,44.5,90.47619047619048,30.87097249480871,13.081121807309222,17.789850687499488,1702.2968703061688,1433.903129693831,1568.1,268.39374061233775,-4.761904761904762,84.24796342728952,80.01774382555763,92.70840263075331,102.09645813280022,42.53611556982343,4.815409309791332,36.38646209396621,96.36197845916519,1488.0,1708.0,1492.0,1,0,1200503.95,57212688,1570.479676236523,0.8709677419354839,0.12903225806451613,1.2258064516129032,36785161.29032259,0.0,-9.466019417475701,2.3348979381201747,-1.4575277305066339,67.2924924924925,25.909364956775203,1.0,0.55,1009038.9,30428.0,3.4697768614643687,0.06110133713054182,1.341737503758915,0.5,1.0
2023-07-19,,,,1684.0,1641.5,1579.95,1604.4,1613.5903191872314,45.57142857142857,91.6955017301038,38.504381169804674,18.16577367980831,20.338607489996363,1733.0670518881495,1426.8329481118506,1579.95,306.234103776299,-1.2,88.9750820754356,83.00352324218362,100.91819974193956,106.28422083919122,47.17868338557994,4.702194357366771,41.88731928477809,98.39272460092113,1488.0,1747.0,1492.0,1,0,1142691.05,58362942,1581.6342605320424,0.9210526315789473,0.07894736842105263,1.0263157894736843,30269842.105263155,0.0,-9.466019417475701,8.893427847165672,-0.5956528057464393,68.04439099521068,25.909364956775203,0.0,0.6,996111.8,-54253.0,-5.979135349118114,0.0662158780660038,1.4192526374168297,0.5,1.0
2023-07-20,,,,1700.2,1654.6,1589.3,1601.8666666666666,1621.6293364074952,47.642857142857146,77.67584097859327,40.137343736598496,22.560087691166352,17.577256045432144,1747.4446373284927,1431.1553626715072,1589.3,316.2892746569855,-28.089887640449437,80.15005471695707,82.0523670671081,76.34543001665503,83.86939126167918,43.1784107946027,7.346326836581708,46.312303687482654,75.043172229873,1773.0,1747.0,1492.0,0,0,1195776.2,56194120,1597.6347091537698,0.0625,0.9375,0.6125,27110275.0,-2.804808242701773,-9.466019417475701,6.161898648102178,-1.2726907432609178,68.04439099521068,25.909364956775203,0.0,0.65,982840.2,-39457.0,-4.625028864671865,0.07583097010141591,1.6802549471600094,0.5,1.0
2023-07-21,,,,1702.8,1664.2,1598.35,1599.9333333333334,1628.236066273448,49.92857142857143,75.83081570996978,40.40092017797156,26.128254188527393,14.272665989444164,1758.0948953141178,1438.605104685882,1598.35,319.4897906282358,-33.064516129032256,73.10003647797139,79.06825687072919,61.16359569245577,59.96853194277419,41.201716738197426,10.586552217453503,49.93764783648762,71.97030799305546,1773.0,1747.0,1492.0,0,0,1208902.1,54874531,1606.9405303787628,0.42592592592592593,0.5740740740740741,0.12962962962962962,24436833.333333332,-3.205495134516312,-9.466019417475701,5.94524573428313,-1.2726907432609178,68.04439099521068,25.909364956775203,0.0,0.7,974054.9,-16650.0,-2.046304239352459,0.087628818139377,1.7506179037184224,0.4,0.0
2023-07-24,,,,1697.2,1669.8,1605.85,1596.6833333333334,1629.5469171045481,52.642857142857146,61.83431952662722,36.23818468129275,28.150240287080468,8.087944394212283,1758.4985816300152,1453.2014183699846,1605.85,305.29716326003063,-55.04201680672269,60.23335765198093,72.78995713114644,35.12015869364993,38.654394236973594,34.19267299864315,14.246947082767978,51.94911909165636,48.6593358920422,1773.0,1747.0,1496.0,0,0,1234721.5,53533456,1613.9307164679108,0.06097560975609756,0.9390243902439024,0.5975609756097561,16354573.170731708,-6.010303377218085,-9.22330097087376,4.639481239728989,-2.8094525141858444,67.2924924924925,25.909364956775203,0.0,0.75,963373.35,-5781.0,-0.7253341229492172,0.09778702570391386,1.72422850323496,0.4,0.0
2023-07-25,,,,1690.6,1675.0,1614.8,1593.8333333333333,1633.87578214221,53.92857142857143,64.85013623978202,35.19629009350956,29.559450248366286,5.636839845143275,1761.19183181115,1468.40816818885,1614.8,292.7836636223001,-43.946188340807176,57.15557176798728,67.57849534342671,36.30972461710843,38.5922306127824,32.18543046357616,13.90728476821192,54.09799161437661,53.6821371946845,1550.0,1747.0,1504.0,0,0,1220779.95,54503258,1622.2133850576429,0.5740740740740741,0.42592592592592593,0.6111111111111112,17959296.296296295,-4.121350887235254,-8.737864077669876,5.3553588168727435,-2.8094525141858444,66.99206701157921,25.909364956775203,0.0,0.8,950248.7,-27719.0,-3.5032752761203767,0.10829160146675947,1.7269155842218837,0.1,0.0
2023-07-26,,,,1683.8,1683.9,1625.25,1592.1666666666667,1641.41142193819,58.142857142857146,68.06930693069307,37.01023262338322,31.04960672336967,5.960625900013547,1768.1358580161948,1482.3641419838052,1625.25,285.7717160323896,-28.037383177570092,58.45003485831187,64.53567518172176,46.27875421149207,57.12425251478801,35.62653562653563,12.899262899262899,56.32825080666112,50.50604137172455,1550.0,1747.0,1506.0,0,0,1251382.1,56185513,1633.2198526466589,0.5882352941176471,0.4117647058823529,0.4470588235294118,19791235.29411765,-1.9461934745277354,-8.616504854368912,6.012535509059941,-2.8094525141858444,66.99206701157921,25.909364956775203,0.0,0.85,932802.3,-71655.0,-9.384921258604972,0.12387232112942138,1.9435584323009578,0.1,0.0
2023-07-27,,,,1688.2,1694.2,1635.95,1591.6166666666666,1648.896048420267,59.214285714285715,66.31853785900783,38.56804819381523,32.55329501745878,6.01475317635645,1773.1743265221053,1498.7256734778948,1635.95,274.44865304421046,-26.5,59.309827160443206,62.79372584129557,52.34202979873848,60.787805935335626,31.363088057901088,12.665862484921592,59.175645302474415,45.99688822408931,1550.0,1747.0,1517.0,0,0,1275263.85,57573057,1642.6227898511615,0.4857142857142857,0.5142857142857142,0.1,19822057.14285714,-1.5455065827131964,-7.949029126213569,6.148303724379068,-2.8094525141858444,66.99206701157921,25.909364956775203,0.0,0.9,911804.15,-64858.0,-9.374480564625355,0.14351313723628514,1.8530554455248491,-0.1,0.0
2023-07-28,,,,1686.8,1694.8,1644.3,1589.8,1652.239281904051,61.92857142857143,61.951219512195124,36.47724217983682,33.33808444993439,3.139157729902429,1770.9659095082443,1517.6340904917556,1644.3,253.33181901648868,-44.5,51.05949261676606,58.882314766452396,35.41384831739339,37.189242360281284,29.988465974625147,14.994232987312573,61.25555772721443,0.37922244151560675,1773.0,1747.0,1520.0,0,0,1251468.3,56317308,1653.449446488843,0.3150684931506849,0.684931506849315,0.4931506849315068,17202041.09589041,-3.6061820263308175,-7.76699029126211,4.59718155478604,-2.8094525141858444,66.99206701157921,25.909364956775203,0.0,0.95,890130.25,-7963.0,-1.270017974510329,0.15926565214358435,1.9276325478646943,-0.1,0.0
2023-07-31,,,,1702.0,1699.6,1654.2,1589.4666666666667,1658.5022074369986,61.642857142857146,61.670761670761664,37.1357019446134,34.09760794887019,3.0380939957432105,1770.4856736434406,1537.9143263565595,1654.2,232.57134728688106,-27.5,53.89260292098129,57.21907748462869,47.239653793686486,38.939150518315856,24.681344148319813,15.64310544611819,58.0620224009441,0.0,1573.0,1747.0,1562.0,0,0,1265180.0,57372625,1659.5581060534205,0.8985507246376812,0.10144927536231885,0.4927536231884058,15294449.275362318,-1.65998855180306,-6.010303377218085,5.296583553839137,-2.8094525141858444,66.99206701157921,25.909364956775203,0.0,1.0,866844.4,-44258.0,-7.149503421448832,0.17711285058685305,1.9558566616792508,-0.3,1.0
2023-08-01,,,,1730.8,1710.7,1667.05,1590.5333333333333,1673.7877114906178,66.71428571428571,69.23076923076923,45.28537039912953,36.33516043892206,8.950209960207474,1796.4916755469164,1537.6083244530835,1667.05,258.88335109383297,-2.766798418972332,68.02716737941962,60.82177411622567,82.43795390580755,101.07054294859361,33.61884368308351,14.453961456102784,55.42307779434189,24.395156778048843,1573.0,1819.0,1566.0,1,0,1276593.5,58940971,1673.3445260505137,0.9292929292929293,0.0707070707070707,1.02020202020202,15841878.787878787,0.0,-6.010303377218085,5.724024490238504,-2.8094525141858444,67.2924924924925,25.909364956775203,1.0,1.0,843095.0,-23525.0,-4.092884557168164,0.19447179971380676,2.270830853121155,-0.3,1.0
2023-08-02,,,,1750.8,1717.3,1679.4,1591.9166666666667,1687.0460246819875,65.92857142857143,69.36758893280633,50.67573320082579,39.203274991302806,11.472458209522983,1815.2224847674104,1543.5775152325898,1679.4,271.6449695348206,-9.767441860465116,75.13147876056063,65.59167566433732,94.21108495300723,104.04300375781524,34.88624052004334,11.375947995666305,54.47265719384411,24.836656082782035,1834.0,1819.0,1567.0,0,0,1282723.35,57836994,1683.7809632788965,0.4878048780487805,0.5121951219512195,0.14634146341463414,26926268.292682927,-0.32985156679495864,-6.010303377218085,5.482262824356706,-2.8094525141858444,68.02827580055303,25.909364956775203,1.0,1.0,815931.45,-57939.0,-10.510418990917058,0.21430175464130966,2.2321052765333356,-0.1,1.0
2023-08-03,,,,1768.8,1728.5,1691.55,1594.15,1698.7559270932268,65.0,64.73214285714286,54.08213444772946,42.17904688258814,11.90308756514132,1828.5071196818606,1554.5928803181394,1691.55,273.9142393637212,-17.22488038277512,77.67935904611538,69.62090345826334,93.79627022181944,94.48748618078979,30.109890109890113,11.758241758241759,52.25921984473577,10.196195471902696,1846.0,1819.0,1586.0,0,0,1313508.15,56430435,1694.4383670427421,0.34545454545454546,0.6545454545454545,0.05454545454545454,25573800.0,-0.4947773501924102,-6.010303377218085,5.38844919868861,-2.8094525141858444,68.02827580055303,25.909364956775203,1.0,1.0,789095.0,9291.0,1.8833846191269599,0.2279566273787423,2.349214327290516,-0.2,1.0
2023-08-04,,,,1802.0,1744.4,1704.3,1596.7166666666667,1713.1601245129195,65.28571428571429,68.75,59.325529903876486,45.60834348684581,13.717186417030675,1850.5731403194725,1558.0268596805274,1704.3,292.54628063894506,-7.391304347826087,82.57846656886018,73.94009116179562,99.85521738298931,102.10618399031353,28.555798687089712,11.706783369803063,49.55827764029319,23.578017046098108,1637.0,1850.0,1586.0,1,0,1308863.45,57648082,1706.8123298499931,0.5952380952380952,0.40476190476190477,0.9523809523809523,28991595.238095235,0.0,-6.010303377218085,5.509784716720042,-2.8094525141858444,68.20544554455446,25.909364956775203,1.0,1.0,760238.7,-13107.0,-2.6078132927447983,0.2358540431455019,2.4410116571865275,-0.4,1.0
2023-08-07,,,,1824.8,1763.4,1716.6,1599.0666666666666,1724.4782078926414,67.42857142857143,63.47826086956522,61.32163141619799,48.75100107271625,12.570630343481739,1862.3588491489834,1570.8411508510164,1716.6,291.51769829796694,-15.217391304347826,82.85641847086728,76.91220026481952,94.74485488296281,81.8179879820964,27.64830508474576,14.51271186440678,46.09361777924461,6.020032797057157,1867.0,1850.0,1617.0,0,0,1326958.1,56418852,1716.3429641322762,0.5138888888888888,0.4861111111111111,0.25,17072638.88888889,-0.9729729729729741,-6.010303377218085,5.327380703051145,-2.8094525141858444,68.20544554455446,25.909364956775203,1.0,1.0,732318.5,-1813.0,-0.3703794499671065,0.24018927080442606,2.5779112847299963,-0.2,1.0
2023-08-08,,,,1822.8,1776.8,1725.9,1601.1666666666667,1732.5279023790565,68.92857142857143,56.98198198198198,60.351948767262456,51.0711906116255,9.28075815563696,1870.2415539977987,1581.5584460022014,1725.9,288.6831079955973,-25.217391304347824,79.40822842765559,77.74420965243154,82.73626597810369,59.29137734120598,23.10880829015544,16.165803108808287,41.508259813628534,0.0,1867.0,1850.0,1617.0,0,0,1307599.9,55271159,1725.7262826215674,0.5238095238095238,0.47619047619047616,0.36507936507936506,18217349.206349205,-2.216216216216227,-6.010303377218085,4.0293957837799494,-2.8094525141858444,68.20544554455446,25.909364956775203,1.0,1.0,704248.5,-66625.0,-13.661482309277506,0.2536734566444491,2.5540445945904495,0.0,0.0
2023-08-09,,,,1819.8,1785.3,1734.6,1604.3166666666666,1738.7633402477177,67.0,62.3152709359606,58.02696152074873,52.46234479345014,5.564616727298585,1873.9706153427828,1595.229384657217,1734.6,278.7412306855658,-30.0,75.37167835145443,76.95336588543917,72.20830328348498,56.15600403119692,21.85501066098081,14.605543710021323,37.86277121577386,28.295060749883163,1867.0,1850.0,1617.0,0,0,1301517.0,54473605,1731.9901437194699,0.1320754716981132,0.8679245283018868,0.20754716981132076,15048188.679245282,-2.8108108108108265,-6.010303377218085,3.7697730437730055,-2.8094525141858444,68.20544554455446,26.983394650492198,1.0,1.0,673636.05,-76511.0,-18.171044506721135,0.27525753633116873,2.5694241528356505,0.0,0.0
2023-08-10,,,,1816.6,1792.7,1743.45,1607.65,1744.02397450984,67.5,62.779156327543426,55.2250260823605,53.014881051232216,2.2101450311282846,1873.5487074654625,1613.3512925345376,1743.45,260.1974149309249,-31.73913043478261,72.04873343493486,75.31848840193773,65.50922350092912,41.101514796595,21.693121693121693,14.603174603174605,35.03545018701282,46.805734822511894,1867.0,1850.0,1642.0,0,0,1279402.9,53668760,1740.1613775327016,0.47540983606557374,0.5245901639344263,0.06557377049180328,13194180.327868853,-3.0270270270270405,-6.010303377218085,3.850646658545263,-2.8094525141858444,68.20544554455446,31.53689847696457,1.0,1.0,641957.5,-61449.0,-17.834618588357532,0.30463204847462794,2.578310765382234,0.3,0.0
2023-08-11,,,,1810.2,1806.1,1750.45,1610.7666666666667,1751.0693102708076,64.64285714285714,73.28042328042328,54.31496240747083,53.274897322479944,1.0400650849908857,1880.786366456282,1620.1136335437182,1750.45,260.6727329125638,-21.973094170403588,69.69915562328991,73.44537747572178,62.20671191842615,46.29952880139971,22.65193370165746,11.823204419889505,34.337863460014326,100.0,1644.0,1850.0,1642.0,0,0,1239502.2,54110144,1745.3317682023205,0.8809523809523809,0.11904761904761904,0.5714285714285714,10509142.857142856,-1.7297297297297454,-6.010303377218085,3.1607997438273094,-2.8094525141858444,68.84615384615384,35.402528917030736,1.0,1.0,606505.7,-41572.0,-14.684563758389258,0.33118785176145654,2.446295325246819,0.3,0.0
2023-08-14,,,,1759.4,1792.1,1745.85,1610.0166666666667,1734.5865188164448,80.42857142857143,41.7094017094017,33.8376764809052,49.387453154165,-15.5497766732598,1893.4872153909525,1598.2127846090473,1745.85,295.27443078190527,-88.65030674846626,50.24933483270452,65.7133632613827,19.32127797534818,-119.90693216189415,18.206039076376552,30.81705150976909,33.34282526482621,0.0,1867.0,1850.0,1578.0,0,1,1211447.9,53069168,1741.9455715071745,0.6065573770491803,0.39344262295081966,3.9344262295081966,17065180.327868853,-14.70270270270273,-14.70270270270273,-0.9125479893774965,-3.412874995364705,68.84615384615384,38.835451465721505,2.0,0.95,598849.8,482298.0,199.68616475108476,0.32190398651654833,2.229818698521048,0.0,0.0
2023-08-15,,,,1710.0,1766.4,1738.55,1609.6833333333334,1718.149707500593,77.42857142857143,36.58969804618117,16.132251022987475,42.736412727929505,-26.60416170494203,1907.0336084483083,1570.0663915516916,1738.55,336.9672168966167,-93.55828220858896,35.646795818940035,55.69117411390181,-4.441960770983513,-106.17114085026587,14.298892988929888,32.011070110701105,32.729365901555965,0.0,1867.0,1850.0,1562.0,0,1,1198357.7,52190632,1737.4393645987338,0.3953488372093023,0.6046511627906976,0.37209302325581395,20431069.767441858,-15.567567567567597,-15.567567567567597,-1.634324087324608,-3.412874995364705,68.84615384615384,38.9336601332537,2.0,0.9,591386.4,34278.0,4.735668517019276,0.3091581514701816,1.9164459576458461,-0.3,0.0
2023-08-16,,,,1661.4,1740.6,1728.95,1610.8666666666666,1702.611640119584,76.21428571428571,35.346358792184716,1.5182310656673508,34.49277639547707,-32.97454532980972,1916.236973722918,1541.663026277082,1728.95,374.573947445836,-90.69767441860465,26.865305739758472,46.0825513225207,-11.56918542576598,-96.89130559387698,13.776944704779757,34.58294283036552,32.76918750079139,0.0,1867.0,1850.0,1555.0,0,1,1196033.55,51086861,1728.9050628917003,0.6037735849056604,0.39622641509433965,0.1320754716981132,20825867.9245283,-15.945945945945983,-15.945945945945983,-2.257800254745865,-3.412874995364705,68.84615384615384,38.9336601332537,2.0,0.85,588105.45,29396.0,3.877568249211194,0.30338694007354194,1.7338134096761446,-0.6,0.0
2023-08-17,,,,1619.8,1718.2,1723.35,1612.7333333333333,1691.5057696320046,74.28571428571429,41.21863799283154,-7.475866975716372,26.099047721238385,-33.57491469695476,1920.9474376564488,1525.752562343551,1723.35,395.1948753128977,-81.68604651162791,24.014854989296346,38.72665254477925,-5.408740121669453,-75.03385947261583,15.673076923076922,33.07692307692308,32.93824920831464,15.480226756264202,1523.0,1850.0,1555.0,0,0,1143559.7,52206206,1722.0744512507742,0.8695652173913043,0.13043478260869565,0.6739130434782609,24333586.95652174,-14.270270270270302,-15.945945945945983,-1.205492303595213,-3.412874995364705,68.84615384615384,40.568289992596064,2.0,0.8,587111.95,6292.0,0.7989841269841369,0.3017350525155892,1.4472440354828815,-0.5,0.0
2023-08-18,,,,1571.0,1690.6,1717.5,1614.3166666666666,1680.314743952766,74.07142857142857,36.56716417910449,-15.394594877362124,17.800319201518285,-33.19491407888041,1925.7695621695327,1509.2304378304673,1717.5,416.53912433906544,-85.17441860465117,21.305853481960806,32.91971952383977,-1.9218786017971183,-64.72887535447876,18.514946962391512,32.69045323047252,33.314665116583264,3.218229850635387,1867.0,1850.0,1555.0,0,0,1142611.9,50905573,1715.8184041901422,0.2878787878787879,0.7121212121212122,0.18181818181818182,19706560.60606061,-14.918918918918944,-15.945945945945983,-1.280514846152464,-3.412874995364705,68.84615384615384,40.568289992596064,2.0,0.75,588394.05,28862.0,3.635965089091342,0.3039393403660107,1.3979551470451632,-0.6,0.0
2023-08-21,,,,1588.0,1673.7,1718.55,1617.2333333333333,1678.6657207191693,75.85714285714286,35.114503816793885,-14.323574345861061,11.375540492042417,-25.69911483790348,1925.4239509433714,1511.6760490566285,1718.55,413.74790188674297,-59.30232558139535,28.74180470967688,31.527081252452138,23.171251624126363,-40.07048712821523,14.312617702448211,32.485875706214685,33.24085285068754,0.0,1523.0,1850.0,1555.0,0,0,1183835.55,53071121,1710.9128976852683,0.8571428571428571,0.14285714285714285,0.6691729323308271,16282315.789473685,-10.108108108108127,-15.945945945945983,0.5673466674889283,-2.648438099623915,68.84615384615384,40.568289992596064,2.0,0.7,589759.45,-4115.0,-0.5002102949721254,0.30616240099487596,1.6394487744231498,-0.5,0.0
2023-08-22,,,,1598.2,1654.1,1715.45,1619.5333333333333,1672.4118425554389,78.14285714285714,32.3943661971831,-17.309828067951685,5.638466780043597,-22.94829484799528,1926.8796946728314,1504.0203053271687,1715.45,422.85938934566275,-73.83720930232558,29.06219323879449,30.705451914566254,25.775675887250955,-42.08654199658052,13.162705667276054,31.53564899451554,32.54689730407183,0.0,1867.0,1850.0,1555.0,0,0,1218376.45,51410501,1706.479873824438,0.2876712328767123,0.7123287671232876,0.684931506849315,22748219.17808219,-12.810810810810835,-15.945945945945983,-0.4771320501186798,-3.516349831014369,68.84615384615384,40.568289992596064,2.0,0.65,593998.75,29759.0,3.6356239592737705,0.3127554203337853,1.7991949553455544,-0.5,0.0
2023-08-23,,,,1610.8,1636.1,1710.7,1622.1333333333334,1667.2297623120637,77.71428571428571,33.15789473684211,-19.05336214573822,0.7001009948872339,-19.753463140625453,1926.5831067718052,1494.8168932281949,1710.7,431.7662135436103,-72.38372093023256,29.930351048085214,30.447084959072576,28.89688322611049,-38.3902849871327,12.132352941176473,31.52573529411765,32.58897099222923,1.8674545655124775,1523.0,1850.0,1555.0,0,0,1202901.75,52783262,1701.762345608581,0.2653061224489796,0.7346938775510204,0.10204081632653061,28015530.612244897,-12.540540540540556,-15.945945945945983,-0.8920735718792152,-3.516349831014369,68.84615384615384,40.568289992596064,2.0,0.6,601431.0,-7796.0,-0.9190166663130217,0.3204693430012379,1.845524804996026,-0.4,0.0
2023-08-24,,,,1616.6,1618.2,1705.45,1625.45,1662.2554992347243,77.5,27.954971857410882,-20.44156278051969,-3.528231760194151,-16.913331020325536,1925.4485406649546,1485.4514593350455,1705.45,439.9970813299092,-73.25581395348837,39.24077910543207,33.3783163411924,50.9657046339114,-33.40860975598415,11.336405529953918,31.612903225806452,32.97200487381694,0.0,1867.0,1850.0,1555.0,0,0,1204589.75,51361958,1696.498919528412,0.05555555555555555,0.9444444444444444,0.05555555555555555,26320444.444444444,-12.702702702702705,-15.945945945945983,-1.0171738268652077,-3.516349831014369,68.84615384615384,40.568289992596064,2.0,0.55,611908.15,-3960.0,-0.47114700500415774,0.32647098170722455,1.9033046193005116,-0.5,0.0
2023-08-25,,,,1625.4,1598.2,1702.15,1628.9333333333334,1658.0406897837981,75.21428571428571,29.343629343629345,-21.05691583876137,-7.033968575907595,-14.022947262853775,1925.4584013315127,1478.8415986684874,1702.15,446.6168026630253,-70.40498442367601,46.07666196127337,37.611098214552726,63.00778945471467,-38.76364722306026,11.680911680911683,31.623931623931625,34.036065779850865,3.0637477236761095,1523.0,1850.0,1555.0,0,0,1203808.9,52602090,1692.432003867059,0.65,0.35,0.075,31003300.0,-12.540540540540535,-15.945945945945983,-0.5433167589004925,-3.516349831014369,68.84615384615384,40.568289992596064,2.0,0.5,623365.25,11636.0,1.3909642313237214,0.3315115928095051,1.8795230611238902,-0.1,0.0
2023-08-28,,,,1607.2,1597.6,1694.85,1631.0,1649.8463383758174,77.85714285714286,28.09611829944548,-24.968580874833833,-10.620891035692843,-14.34768983914099,1925.4047314858208,1464.295268514179,1694.85,461.10946297164173,-84.73520249221184,40.99031132847995,38.7375025858618,45.49592881371625,-44.95689332590786,13.211009174311927,32.38532110091743,35.77708103838284,0.3114065885793569,1844.0,1850.0,1555.0,0,0,1241461.95,50793712,1684.8583402683696,0.19,0.81,0.46,18083780.0,-15.027027027027028,-15.945945945945983,-1.5638394298715677,-3.516349831014369,68.84615384615384,40.568289992596064,2.0,0.45,637932.15,17938.0,2.114886262081783,0.3342232065013863,1.767981201906308,-0.2,0.0
2023-08-29,,,,1600.2,1599.2,1682.8,1631.3666666666666,1643.0038299590728,77.42857142857143,29.477611940298516,-27.270100992841208,-13.950733027122517,-13.31936796571869,1911.2156875430449,1454.384312456955,1682.8,456.8313750860898,-81.84818481848185,35.17001147388859,37.54833888187073,30.413356657924325,-48.010322261178295,12.822878228782288,32.933579335793354,37.49626475035093,3.359348964177259,1523.0,1850.0,1555.0,0,0,1239450.05,52321820,1671.350808731663,0.6170212765957447,0.3829787234042553,0.1276595744680851,32512936.170212764,-14.702702702702709,-15.945945945945983,-2.9457773732977497,-3.516349831014369,68.84615384615384,38.9336601332537,1.0,0.4,653215.1,-9204.0,-1.062675207477981,0.33309330607814513,1.733117719193744,-0.1,0.0
2023-08-30,,,,1619.8,1615.3,1677.95,1634.45,1649.9558461534468,82.92857142857143,44.17910447761194,-17.753968880250568,-14.711380197748127,-3.0425886825024406,1898.7165830928645,1457.1834169071356,1677.95,441.533166185729,-35.666666666666664,56.78000764925906,43.958895137666836,82.42223267244351,-1.8650010916907909,22.3083548664944,28.5099052540913,36.972683474187754,35.79475131705767,1523.0,1850.0,1555.0,0,0,1304889.9,54734594,1665.435565164029,1.0,0.0,1.0534351145038168,18418122.137404583,-7.243243243243258,-15.945945945945983,-0.7528780324900217,-3.516349831014369,68.84615384615384,38.9336601332537,2.0,0.4,676117.0,94440.0,11.020968314132595,0.3311257022640542,1.9136956277807387,0.2,0.0
2023-08-31,,,,1650.4,1633.5,1675.85,1638.8,1661.198146519785,85.71428571428571,46.418338108882516,-5.947837237847807,-12.958671605768064,7.010834367920257,1892.0801648949532,1459.6198351050466,1675.85,432.4603297899066,-10.583941605839415,67.28882230380711,51.735537526380256,98.39539185866082,42.15521986356194,28.333333333333332,27.583333333333336,34.824899564108755,100.0,1523.0,1850.0,1555.0,0,0,1368605.0,57415455,1667.336589239895,0.5915492957746479,0.4084507042253521,0.7323943661971831,37758605.633802816,-4.432432432432442,-15.945945945945983,-0.12775255544773473,-3.516349831014369,68.84615384615384,40.568289992596064,2.0,0.4,694180.25,-87482.0,-9.195544866673956,0.3222755862785877,2.1945541140512814,0.0,0.0
2023-09-01,,,,1689.2,1657.3,1673.95,1643.55,1675.560227803615,73.5,73.30677290836653,6.879734131417763,-8.990990458330899,15.870724589748662,1884.3255789308698,1463.5744210691303,1673.95,420.75115786173956,-11.349693251533742,74.08143709142696,59.184170714729156,103.87596984482259,62.976642459038445,38.095238095238095,8.843537414965986,37.43877119971952,100.0,1523.0,1832.0,1555.0,0,0,1443118.25,60123367,1672.3146600194866,0.6509433962264151,0.3490566037735849,0.41509433962264153,25546339.62264151,-1.0917030567685782,-15.945945945945983,-0.07408332203092373,-3.516349831014369,69.25813317117665,41.124891463525266,2.0,0.4,712467.55,-8626.0,-0.9985298713926838,0.31024283907622474,2.5353805238733704,-0.3,0.0
2023-09-04,,,,1724.4,1665.8,1669.75,1646.7666666666667,1682.45925372708,77.78571428571429,66.9090909090909,11.746011026068118,-4.843590161451095,16.589601187519214,1869.9476654787215,1469.5523345212785,1669.75,400.3953309574431,-30.98159509202454,71.49873583872909,63.28902575606247,87.91815600406233,53.297928169383965,35.99632690541781,8.999081726354452,38.992556060277295,85.89321294630082,1849.0,1818.0,1555.0,0,0,1495096.3,57854576,1673.518212059874,0.11650485436893204,0.883495145631068,0.6213592233009708,22027097.08737864,-3.8503850385038563,-15.945945945945983,-0.5550450601547908,-4.015474395121626,69.25813317117665,41.124891463525266,2.0,0.4,729110.8,-34694.0,-4.056620099059449,0.29582460415379497,2.6707899466184477,0.0,1.0
2023-09-05,,,,1760.2,1680.2,1667.15,1649.8333333333333,1689.558372419739,77.35714285714286,68.29710144927536,16.142712171152652,-0.6463296949303454,16.789041866082997,1860.9825647507841,1473.317435249216,1667.15,387.6651295015681,-30.363036303630363,70.77693500359717,65.7849955052407,80.76081400031012,48.76227896196444,36.19575253924284,7.017543859649122,40.74242118223544,88.9537541111929,1546.0,1818.0,1555.0,0,0,1505274.65,59205836,1672.273109517478,0.40425531914893614,0.5957446808510638,0.19148936170212766,28750212.76595745,-3.355335533553361,-15.945945945945983,-0.2217778567450132,-4.015474395121626,69.25813317117665,41.124891463525266,2.0,0.4,749235.85,3011.0,0.3669489976235507,0.27212820798179654,2.64228591025431,0.3,1.0
2023-09-06,,,,1772.8,1696.3,1666.2,1653.5,1698.076622665478,79.14285714285714,67.77163904235726,21.158444268627363,3.7146250977811963,17.44381917084617,1857.5020207887699,1474.8979792112302,1666.2,382.60404157753965,-23.333333333333332,72.740178891287,68.10338996725613,82.01375673934874,50.97525575168637,33.935018050541515,9.2057761732852,42.286848217489634,87.79511786138286,1546.0,1818.0,1555.0,0,0,1538746.9,60672835,1672.76438836909,0.9436619718309859,0.056338028169014086,0.30985915492957744,20661957.746478874,-2.1452145214521656,-15.945945945945983,0.12898980465591225,-4.015474395121626,69.25813317117665,41.124891463525266,2.0,0.4,774970.55,35682.0,4.332648097712255,0.23401893576043792,2.4765184834657017,0.3,1.0
2023-09-07,,,,1768.2,1709.3,1663.75,1655.7,1702.5455157449562,79.14285714285714,65.13274336283186,22.13477631914293,7.3986553420535435,14.736120977089385,1849.3300295516551,1478.1699704483449,1663.75,371.16005910331023,-34.666666666666664,70.27123037196911,68.82600343549379,73.16168424491974,50.22835993826408,31.768953068592058,9.2057761732852,44.242738465771424,81.97639485948834,1849.0,1818.0,1555.0,0,0,1569051.8,59261892,1673.1769272159572,0.3484848484848485,0.6515151515151515,0.5151515151515151,21377924.242424242,-4.015401540154029,-15.945945945945983,-0.18807593492420732,-4.015474395121626,69.25813317117665,41.124891463525266,2.0,0.4,802894.8,-17658.0,-2.055064748854518,0.17423504233869236,2.191161539547884,0.5,0.0
2023-09-08,,,,1743.6,1716.4,1657.3,1656.3833333333334,1701.255466626389,75.57142857142857,52.44360902255639,18.18022420693569,9.554969115029973,8.625255091905718,1828.734934718911,1485.8650652810888,1657.3,342.8698694378222,-53.333333333333336,62.403042470201626,66.68501644706308,53.839094516478724,33.6625966997765,27.504725897920604,12.665406427221171,44.10760835739005,53.997055459012444,1849.0,1812.0,1555.0,0,0,1627454.45,57652455,1673.3432825518814,0.060240963855421686,0.9397590361445783,0.6746987951807228,19390807.22891566,-6.788079470198671,-15.945945945945983,-1.0294266376400043,-4.015474395121626,69.25813317117665,41.124891463525266,2.0,0.4,833283.05,7708.0,0.9158908488150264,0.05532336724742971,1.936918851506221,0.4,0.0
2023-09-11,,,,1743.6,1734.0,1665.8,1658.3666666666666,1705.7073269476853,76.85714285714286,62.47689463955638,19.58129905683677,11.560235103391332,8.021063953445438,1837.5373760011537,1494.0626239988462,1665.8,343.47475200230747,-33.666666666666664,62.18283639427583,65.18428976280066,56.17992965722618,39.15021980138534,27.044609665427505,13.289962825278808,43.60740035810088,76.1202906657619,1549.0,1812.0,1555.0,0,0,1641901.6,58982374,1678.7841233299243,0.8021978021978022,0.1978021978021978,0.6483516483516484,14614494.505494505,-3.532008830022082,-15.945945945945983,2.863454605554642,-3.225311043220304,69.25813317117665,41.124891463525266,1.0,0.45,840121.2,11296.0,1.3300474630074666,0.04586400623537858,1.6929979128608923,0.5,0.0
2023-09-12,,,,1745.6,1752.9,1676.05,1660.9,1711.544724381239,76.5,63.42342342342342,21.971528081040333,13.642493698921133,8.3290343821192,1846.1651003538293,1505.9348996461706,1676.05,340.2302007076587,-27.333333333333332,59.07974533564749,63.14944162041627,50.940352766109925,51.15777783082798,28.104575163398692,13.352007469654527,42.97629556910135,78.20737157971185,1549.0,1812.0,1555.0,0,0,1655431.6,60131510,1684.564377541583,0.7954545454545454,0.20454545454545456,0.4318181818181818,26116727.272727273,-2.4834437086092676,-15.945945945945983,3.4261304213702166,-3.225311043220304,69.25813317117665,41.124891463525266,1.0,0.5,847660.3,48297.0,5.61208660580137,0.04285581941948123,1.6177142731244145,0.5,0.0
2023-09-13,,,,1728.8,1750.8,1683.05,1663.9833333333333,1709.9690363449304,79.35714285714286,56.41025641025641,17.850237110475746,14.484042381232056,3.3661947292436896,1843.4356864593133,1522.6643135406866,1683.05,320.77137291862664,-51.333333333333336,43.21791451495274,56.50559925192843,16.64254504100137,21.88650810222574,26.01260126012601,17.551755175517552,40.99138036725287,62.62713591681536,1849.0,1812.0,1572.0,0,0,1677631.1,58583749,1690.4127226778282,0.1595744680851064,0.8404255319148937,0.7659574468085106,16465542.553191489,-6.456953642384111,-15.027027027027028,2.356348313447728,-3.5591435328333616,69.25813317117665,41.124891463525266,1.0,0.55,856693.75,59283.0,6.52260019408375,0.04962803008053757,1.5959806580586515,0.1,0.0
2023-09-14,,,,1722.6,1745.4,1689.45,1667.3666666666666,1710.3529376454132,79.14285714285714,57.5,15.933553448517841,14.773944594689214,1.1596088538286278,1843.6248494745462,1535.275150525454,1689.45,308.34969894909227,-45.0,36.73877227826117,49.91665692737268,10.383002980038171,14.389765456669597,26.08303249097473,15.794223826714802,39.45683279141673,65.03750488663019,1549.0,1812.0,1572.0,0,0,1675975.55,59669983,1694.923475047115,0.6486486486486487,0.35135135135135137,0.5135135135135135,29357675.675675675,-5.408388520971307,-15.027027027027028,2.15293170561865,-3.5591435328333616,69.25813317117665,41.124891463525266,1.0,0.6,863781.85,-32615.0,-3.3687300460973235,0.050113766229259546,1.4928864692907124,-0.1,0.0
2023-09-15,,,,1726.2,1734.9,1696.1,1670.65,1710.0336102506121,77.28571428571429,61.23128119800333,13.691894699707746,14.557534615692921,-0.8656399159851755,1840.469263385594,1551.7307366144057,1696.1,288.7385267711884,-47.333333333333336,36.732098185507446,45.52180401341761,19.152686529687116,3.797958683157601,25.41589648798521,15.341959334565619,38.21856417746545,72.4487271860831,1849.0,1812.0,1572.0,0,0,1680813.9,58272583,1699.4658445728785,0.6351351351351351,0.36486486486486486,0.0945945945945946,18883783.783783782,-5.79470198675498,-15.027027027027028,2.242726056451244,-3.5591435328333616,69.25813317117665,41.124891463525266,1.0,0.65,871128.5,34033.0,3.6377376399438166,0.05525798085205254,1.4021266053488495,-0.1,0.0
2023-09-18,,,,1718.2,1730.9,1698.35,1674.25,1709.8399330838872,77.0,60.90604026845638,11.859348446939293,14.017897381942197,-2.1585489350029032,1841.9477935616083,1554.7522064383916,1698.35,287.1955871232167,-53.40909090909091,36.988065457004964,42.67722449461339,25.60974738178811,-1.0286121095132625,25.51020408163265,15.027829313543599,36.926172082220326,57.42627780390148,1585.0,1812.0,1572.0,0,0,1633650.15,59494856,1703.8893831195537,0.8837209302325582,0.11627906976744186,0.023255813953488372,28424953.48837209,-5.7395143487858675,-15.027027027027028,0.9326924995731636,-3.5591435328333616,69.25813317117665,41.124891463525266,1.0,0.7,879675.45,19891.0,2.0514920270176873,0.06049442745949501,1.3401088985027625,-0.1,0.0
2023-09-19,,,,1708.2,1726.9,1703.55,1677.9333333333334,1710.5218442187552,70.42857142857143,50.10706638115632,11.00639228369414,13.415596362292586,-2.409204078598446,1841.5575894174485,1565.5424105825514,1703.55,276.01517883489714,-69.84126984126983,39.502460304669974,41.618969764632254,35.26944138474542,15.092052051568455,19.371196754563893,16.430020283975658,36.641308340785784,13.718642605201376,1585.0,1812.0,1572.0,0,0,1602593.2,60534337,1708.6828051352436,0.30434782608695654,0.6956521739130435,0.1956521739130435,22597413.04347826,-5.242825607064017,-15.027027027027028,1.9370148992896101,-3.5591435328333616,69.25813317117665,41.124891463525266,1.0,0.75,885798.2,-18725.0,-1.8924119586286925,0.06363365982302052,1.301401711911811,-0.4,0.0
2023-09-20,,,,1712.2,1720.5,1708.4,1681.45,1710.9483352455404,68.92857142857143,43.645083932853716,10.05314865398691,12.743106820631452,-2.6899581666445425,1840.4373152996986,1576.3626847003015,1708.4,264.0746305993971,-70.8994708994709,42.13957123759607,41.79250358895352,42.83370653488117,7.764598439852259,11.398963730569948,18.238341968911914,38.19385415562669,0.0,1849.0,1812.0,1572.0,0,0,1588095.95,59451521,1712.577065625873,0.43333333333333335,0.5666666666666667,0.03333333333333333,18046933.333333336,-5.3532008830022075,-15.027027027027028,1.8183319815019947,-3.5591435328333616,69.25813317117665,41.124891463525266,1.0,0.8,892658.15,6948.0,0.7157330443480436,0.06593506410326326,1.2031746857661463,-0.4,0.0
2023-09-21,,,,1706.0,1714.3,1711.8,1684.4,1708.2865890316793,64.78571428571429,34.074074074074076,6.639033005025567,11.522292057510276,-4.883259052484709,1837.0376267655524,1586.5623732344475,1711.8,250.47525353110495,-87.15083798882682,34.70224289402957,39.4290833573122,25.248561967464298,-14.547449986733557,6.39470782800441,20.948180815876512,37.54435171790545,0.0,1849.0,1812.0,1572.0,0,0,1573100.65,58330123,1715.5883073449031,0.16666666666666666,0.8333333333333334,0.6666666666666666,23362458.333333332,-7.1192052980132425,-15.027027027027028,1.3371328206059918,-3.5591435328333616,69.25813317117665,39.98229947082793,1.0,0.8,900002.35,5725.0,0.5855573431959193,0.0673601885725046,1.1990222131702957,-0.5,0.0
2023-09-22,,,,1713.0,1719.6,1718.0,1688.15,1711.4973900762814,62.642857142857146,49.25,8.595050282847524,10.936843702577727,-2.3417934197302035,1835.738336107858,1600.261663892142,1718.0,235.476672215716,-35.9375,46.69804698682431,41.85207123381624,56.38999849284046,10.383774935016662,10.376282782212087,20.866590649942985,35.656969027603054,44.344194800611696,1660.0,1812.0,1572.0,0,0,1574050.35,59589249,1720.0999325402775,0.7971014492753623,0.2028985507246377,0.855072463768116,18248202.898550723,-3.863134657836631,-15.027027027027028,2.1722343333978174,-3.5591435328333616,69.25813317117665,39.98229947082793,1.0,0.85,907756.0,19825.0,2.015911720861552,0.06994827292560614,1.161784943413539,-0.1,0.0
2023-09-25,,,,1709.6,1713.9,1723.95,1691.0,1709.545257688064,64.64285714285714,42.53393665158371,5.961217092732568,9.941718380608696,-3.9805012878761286,1820.7959982053694,1627.1040017946307,1723.95,193.69199641073874,-75.78125,40.19635880992966,41.30016709252071,37.98874224474757,-16.09646769574262,10.055248618784532,21.215469613259668,33.38323177153364,25.105263794200624,1788.0,1812.0,1578.0,0,0,1538688.3,58488112,1727.1315626541557,0.17333333333333334,0.8266666666666667,0.68,14681826.666666666,-6.677704194260481,-14.702702702702709,2.146459601849433,-3.5591435328333616,69.25813317117665,40.27674110736358,1.0,0.85,914786.1,3467.0,0.345576530698688,0.07254363413865979,1.133488625337916,-0.5,0.0
2023-09-26,,,,1702.2,1705.2,1729.05,1692.9666666666667,1706.7314236225343,62.142857142857146,38.515081206496525,2.9522455951473603,8.54382382351643,-5.59157822836907,1801.1040002174889,1656.995999782511,1729.05,144.10800043497784,-84.375,33.74201698439755,38.78078372314632,23.664483506900012,-65.65487540952694,10.459770114942529,20.229885057471265,31.562733932983058,14.298768215513816,1788.0,1812.0,1680.0,0,0,1502641.25,57680945,1733.7425159531592,0.3333333333333333,0.6666666666666666,0.3055555555555556,22421305.555555556,-7.284768211920534,-7.284768211920534,1.869183659805072,-3.5591435328333616,69.25813317117665,38.13000457443346,1.0,0.85,920547.1,-34586.0,-3.4355201754612485,0.0717768020098604,1.0853900890618395,-0.3,0.0
2023-09-27,,,,1697.8,1705.0,1727.9,1695.0833333333333,1705.4236689918166,60.214285714285715,43.65853658536586,1.5981825062112875,7.154695560055401,-5.556513053844114,1801.5475247018546,1654.2524752981456,1727.9,147.29504940370907,-71.55172413793103,33.9530113229317,37.171526256408114,27.515981455978874,-63.133752994967324,10.320284697508898,21.11506524317912,30.082272743437,32.65647356337139,1660.0,1812.0,1680.0,0,0,1417276.35,58386421,1737.8312115699948,0.6923076923076923,0.3076923076923077,0.3333333333333333,18089128.205128208,-6.567328918322291,-7.284768211920534,-0.29101549673584376,-3.5591435328333616,69.25813317117665,38.13000457443346,0.0,0.8,919826.0,-35202.0,-3.6211131821604514,0.07153327308085797,1.0144807124495063,-0.2,0.0
2023-09-28,,,,1694.8,1700.4,1722.9,1696.7666666666667,1701.8595100402151,58.214285714285715,47.229551451187334,-1.4752080336243125,5.428714841319459,-6.903922874943771,1798.6333271557417,1647.1666728442585,1722.9,151.46665431148313,-93.10344827586206,25.09148123283166,33.14484458188263,8.984754534729731,-65.4884634774708,12.024539877300613,17.791411042944787,28.825157551681286,44.82374454207417,1776.0,1812.0,1668.0,0,1,1325038.25,57550322,1733.4456633107256,0.12727272727272726,0.8727272727272727,0.45454545454545453,15201800.0,-7.947019867549665,-7.947019867549665,-1.9272706951125589,-3.5591435328333616,69.25813317117665,40.67792663556454,0.0,0.75,920848.3,-52614.0,-5.615574269155643,0.07062776868641277,0.9755163296131057,0.1,0.0
2023-10-09,,,,1691.2,1702.1,1718.5,1698.9166666666667,1703.9681281316232,57.142857142857146,46.80851063829787,0.6009128600499025,4.463154445065547,-3.862241585015645,1781.6105963241855,1655.3894036758145,1718.5,126.22119264837102,-44.827586206896555,38.83291731311584,35.04086882562703,46.41701428809347,5.729483979942246,15.75,16.999999999999996,26.661972652013464,43.389161417665655,1660.0,1779.0,1668.0,0,0,1226911.25,58295694,1725.6670090168843,0.5,0.5,1.4,18634300.0,-3.0916245081506366,-7.947019867549665,-1.5683066932874887,-3.5591435328333616,69.25813317117665,40.67792663556454,0.0,0.75,924903.3,52028.0,5.883417239991129,0.06836942085516724,0.8837161690770842,0.1,0.0
2023-10-10,,,,1680.4,1695.0,1712.95,1699.7666666666667,1697.5902111667067,61.92857142857143,35.36036036036036,-4.719515646160289,2.62662042682038,-7.346136072980669,1784.1427701827151,1641.757229817285,1712.95,142.3855403654302,-88.96103896103897,30.0552782087439,33.379005286665986,23.407824052899727,-96.00363476422294,13.379469434832759,25.37485582468281,26.33102946392742,4.736445395200039,1774.0,1779.0,1637.0,0,1,1180355.6,56958016,1717.4200074113262,0.15315315315315314,0.8468468468468469,0.7837837837837838,12051153.153153153,-7.982012366498026,-7.982012366498026,-1.9783995165278059,-4.123287927550338,69.25813317117665,38.13000457443346,0.0,0.7,934215.6,70452.0,7.524157788163333,0.06499842255357863,0.9306880848303793,0.1,0.0
2023-10-11,,,,1669.2,1685.7,1706.3,1699.7833333333333,1690.5816196270205,58.714285714285715,40.77922077922078,-9.871195921439949,0.12705715716831434,-9.998253078608263,1784.654390599945,1627.945609400055,1706.3,156.70878119988993,-89.1891891891892,23.640455742766203,30.13282210536606,10.655723017566487,-125.91969244571972,14.111922141119223,21.8978102189781,26.48818189380712,24.69011881283824,1774.0,1779.0,1624.0,0,1,1154537.9,56123110,1711.7552981153763,0.32653061224489793,0.673469387755102,0.2653061224489796,17038897.95918367,-8.71275997751545,-8.71275997751545,-2.415815748731859,-4.123287927550338,68.84615384615384,38.13000457443346,0.0,0.65,942547.45,-16598.0,-1.648596140628289,0.05940074223310125,0.9332610434519821,0.1,0.0
2023-10-12,,,,1661.4,1679.6,1700.05,1700.2833333333333,1687.0976558530188,58.357142857142854,42.42424242424243,-11.401758006955788,-2.1787058756565063,-9.223052131299282,1773.7934386017828,1626.3065613982171,1700.05,147.48687720356565,-68.91891891891892,26.12066418887116,28.795436133201093,20.771120300211294,-91.338053417508,14.198286413708693,22.03182374541004,26.27765732983428,30.74752242402239,1608.0,1767.0,1624.0,0,0,1114313.55,56785622,1706.6970436642364,0.96875,0.03125,0.9375,20703500.0,-6.39501980758348,-8.71275997751545,-2.1964379147522335,-4.123287927550338,68.38768115942028,38.13000457443346,0.0,0.6,947477.9,-32346.0,-3.266619403392046,0.05540929334193801,0.9210007892682187,0.1,0.0
2023-10-13,,,,1654.8,1674.8,1694.55,1700.5833333333333,1682.1359743432074,56.92857142857143,41.1764705882353,-13.986651287551467,-4.540294958035499,-9.446356329515968,1770.551315777904,1618.548684222096,1694.55,152.00263155580797,-81.75675675675676,23.620672677638243,27.07051498134681,16.72098807022111,-87.94595191799358,15.307402760351316,19.949811794228356,25.452707794012493,26.469907060512845,1756.0,1767.0,1624.0,0,0,1081256.25,56035825,1701.4157509532702,0.3888888888888889,0.6111111111111112,0.35185185185185186,13885129.629629629,-7.47028862478778,-8.71275997751545,-1.9632025315167667,-4.123287927550338,68.11486583440953,38.13000457443346,0.0,0.55,953355.75,1290.0,0.13467633830697157,0.04848687118014697,0.8882531585181651,-0.2,0.0
2023-10-16,,,,1638.6,1664.9,1692.25,1700.0,1678.4087386914734,57.5,42.168674698795186,-15.21428390012602,-6.675092746453604,-8.539191153672416,1771.6659602146492,1612.8340397853508,1692.25,158.8319204292984,-71.51898734177215,26.021087721165223,26.720705894619616,24.62185137425643,-87.35593174544769,15.155279503105588,21.73913043478261,24.88035024224991,50.48714843545136,1598.0,1767.0,1624.0,0,0,1042117.8,56862493,1697.662925982712,0.8823529411764706,0.11764705882352941,0.1568627450980392,16209176.470588235,-7.017543859649111,-8.71275997751545,-0.7731677521888249,-4.123287927550338,67.83117262002443,38.13000457443346,0.0,0.5,958207.45,-12815.0,-1.3360899637384294,0.04101613513494197,0.9037550056245012,-0.5,0.0
2023-10-17,,,,1637.6,1659.0,1686.45,1699.3666666666666,1673.988858816095,56.92857142857143,39.80815347721823,-16.880215047867978,-8.71611720673648,-8.164097841131499,1765.665827764365,1607.234172235635,1686.45,158.43165552873006,-78.48101265822785,25.10994889173572,26.18378689365832,22.962272887890528,-69.73415624283494,11.91969887076537,21.9573400250941,26.40994539790739,37.784049758362926,1756.0,1767.0,1624.0,0,0,1013797.2,56098986,1693.2669060603707,0.3157894736842105,0.6842105263157895,0.2894736842105263,20092289.47368421,-7.640067911714765,-8.71275997751545,-2.3679112982651764,-4.123287927550338,67.08160053574419,38.13000457443346,0.0,0.45,962296.7,-3953.0,-0.4177203017561637,0.03349148062369036,0.8000643677193287,-0.2,0.0
2023-10-18,,,,1641.8,1655.5,1680.35,1698.3166666666666,1671.228015119324,55.642857142857146,41.822429906542055,-16.95602759897247,-10.364099285183677,-6.591928313788792,1751.863782256317,1608.8362177436827,1680.35,143.0275645126344,-70.25316455696202,27.47055953512975,26.612711107482127,29.186256390424987,-47.89999754123056,14.249037227214377,20.66752246469833,26.074618959639775,51.05689017123501,1598.0,1742.0,1624.0,0,0,992996.05,56832099,1687.9171700632646,0.30952380952380953,0.6904761904761905,0.30952380952380953,17455071.42857143,-5.568312284730192,-8.71275997751545,-2.4856062582025658,-4.123287927550338,66.43664846902445,38.13000457443346,0.0,0.4,963973.25,43.0,0.004562944223840404,0.031231495533974113,0.7870116621916065,-0.1,0.0
2023-10-19,,,,1648.8,1655.1,1680.05,1697.35,1672.9205851079598,56.57142857142857,50.68181818181819,-13.312222303125736,-10.953723888772089,-2.3584984143536474,1751.3550525999956,1608.7449474000043,1680.05,142.61010519999127,-42.40506329113924,39.08996206451572,30.771794759826655,55.72629667389384,-2.070175846160678,18.055555555555554,18.560606060606062,22.371297809155113,100.0,1598.0,1742.0,1624.0,0,0,961236.7,57744673,1685.2535996423496,0.7213114754098361,0.2786885245901639,0.7213114754098361,14960229.50819672,-3.042479908151541,-8.71275997751545,0.01810729665512009,-3.033606063915657,65.36990226206706,38.13000457443346,0.0,0.4,965091.25,48112.0,5.105171065462533,0.031789781139893204,0.8329387348563225,0.2,0.0
2023-10-20,,,,1650.4,1652.6,1676.5,1696.4333333333334,1670.0710055738682,55.07142857142857,38.40749414519907,-13.975198526572058,-11.558018816332083,-2.4171797102399744,1747.7578712178422,1605.2421287821578,1676.5,142.5157424356844,-70.96774193548387,37.33817019839895,32.960586572684086,46.09333744982867,-34.19729355102116,14.267185473411153,20.103761348897535,21.185904219134063,19.888014706871893,1753.0,1742.0,1624.0,0,0,953765.0,56807873,1682.3887832782011,0.11764705882352941,0.8823529411764706,0.9019607843137255,18368627.45098039,-5.683122847301947,-8.71275997751545,-1.4227978545455384,-3.033606063915657,64.90665766439199,38.04393492539549,0.0,0.35,965211.5,-52570.0,-5.307265107836323,0.03166421475385493,0.8763441586576972,0.5,0.0
2023-10-23,,,,1643.0,1640.8,1671.45,1695.0166666666667,1663.9690050430236,54.07142857142857,39.70944309927361,-17.286929772559233,-12.703801007577514,-4.583128764981719,1747.74437449065,1595.15562550935,1671.45,152.5887489812999,-90.19607843137256,29.23993955255582,31.720370899307994,24.27907685905147,-81.90073064034983,14.531043593130779,25.36327608982827,20.57613792944827,28.385567415277677,1753.0,1742.0,1606.0,0,1,927209.25,55941588,1677.9508120380233,0.2459016393442623,0.7540983606557377,0.6065573770491803,14201393.442622952,-7.807118254879441,-8.71275997751545,-2.0652041816072138,-3.033606063915657,64.75574153367069,38.04393492539549,0.0,0.3,963391.05,-4781.0,-0.5097237725742776,0.03255397316035535,0.8872967025908001,0.7,0.0
2023-10-24,,,,1640.6,1639.1,1667.05,1694.65,1659.7814807532118,53.0,42.78846153846154,-18.56777983967072,-13.876596773996157,-4.691183065674563,1744.6087383517095,1589.4912616482904,1667.05,155.11747670341902,-81.04575163398692,27.89909013648649,30.446610645034163,22.804049119391138,-72.46079944702151,14.824797843665767,24.528301886792452,20.063447090452986,48.48168669497013,1591.0,1742.0,1606.0,0,0,890030.15,56420279,1674.9857978406687,0.7619047619047619,0.23809523809523808,0.6666666666666666,22794809.523809522,-7.003444316877139,-8.71275997751545,-1.755936938314702,-3.033606063915657,64.75574153367069,38.04393492539549,0.0,0.25,959081.15,-29898.0,-3.203890361753059,0.034869198181862904,0.831247144459064,0.5,0.0
2023-10-25,,,,1638.0,1639.9,1662.8,1693.9333333333334,1657.135625443382,52.785714285714285,42.65060240963855,-18.40243126159953,-14.781763671516831,-3.6206675900827,1738.1171539835548,1587.4828460164451,1662.8,150.63430796710963,-73.20261437908496,30.483451395338818,30.458890895135717,30.53257239574502,-46.07881215785486,18.267929634641405,24.357239512855212,18.631025065039044,47.581908550948384,1591.0,1742.0,1606.0,0,0,869479.55,57048748,1670.5862629163234,0.4722222222222222,0.5277777777777778,0.3333333333333333,17457472.222222224,-6.3145809414466125,-8.71275997751545,-1.6747383821646367,-3.033606063915657,63.72903726708075,38.04393492539549,0.0,0.2,955510.45,-3941.0,-0.4362988220706798,0.03752546834482928,0.8154281235440379,0.2,0.0
2023-10-26,,,,1624.8,1636.8,1658.2,1692.4333333333334,1653.8846134963933,51.357142857142854,44.3609022556391,-18.78111905642595,-15.581634748498656,-3.1994843079272943,1731.2986355979897,1585.1013644020104,1658.2,146.19727119597928,-79.08496732026144,29.59766324906646,30.171815013112635,28.449359720974115,-61.40376527737841,17.246175243393605,26.84283727399166,18.804239188481,58.74468343784756,1744.0,1742.0,1606.0,0,0,846748.75,56420548,1665.6005511079882,0.7428571428571429,0.2571428571428571,0.2571428571428571,17948571.42857143,-6.831228473019513,-8.71275997751545,-1.8318052699605385,-3.033606063915657,63.43439091265178,38.04393492539549,0.0,0.15,950986.55,-12116.0,-1.3472116743519447,0.04050300234500737,0.7727785933698162,0.1,-1.0
2023-10-27,,,,1622.0,1636.2,1655.5,1690.9166666666667,1651.5146503062606,47.714285714285715,36.389684813753576,-18.385149447740787,-16.142337688347084,-2.242811759393703,1728.7307096925674,1582.2692903074326,1655.5,146.46141938513483,-72.85714285714286,30.746268253000828,30.363299426408698,31.51220590618508,-48.74490254978898,14.371257485029938,28.892215568862277,20.929040613316765,6.718188734962531,1591.0,1742.0,1606.0,0,0,822355.15,57054074,1662.0331740489496,0.88,0.12,0.24,25341040.0,-6.48679678530425,-8.71275997751545,-1.0348995747382874,-3.033606063915657,62.90800974671943,36.58519127276583,0.0,0.15,946266.25,1797.0,0.20254208919290306,0.04236218933565387,0.7155480536637835,0.2,0.0
2023-10-30,,,,1626.6,1634.8,1649.85,1690.0,1649.3703978961405,43.142857142857146,48.473282442748086,-17.865399475720096,-16.486950045821686,-1.37844942989841,1711.5019090921646,1588.1980909078352,1649.85,123.30381818432943,-66.95652173913044,31.51200492229041,30.74620125836927,33.043612250132696,-40.97645735595675,18.543046357615893,19.039735099337744,18.812555252652675,84.54719332521054,1706.0,1724.0,1606.0,0,0,800903.05,57054074,1654.9542388640755,0.5957446808510638,0.40425531914893614,0.0,17661361.702127658,-5.510440835266817,-8.71275997751545,-2.531472301256487,-3.033606063915657,62.90800974671943,36.58519127276583,0.0,0.1,940520.25,-689.0,-0.07750106859237826,0.042234576561928486,0.7167708484171962,0.1,0.0
2023-10-31,,,,1631.2,1635.9,1647.45,1688.75,1648.7636933346034,41.785714285714285,53.61216730038022,-16.13778454635076,-16.4171169459275,0.2793323995767416,1706.0170106528733,1588.8829893471268,1647.45,117.1340213057465,-54.78260869565217,36.080467049642884,32.524289855460474,43.1928214380077,-17.791198162971476,19.658119658119656,17.606837606837605,17.66133850510565,100.0,1591.0,1724.0,1606.0,0,0,782866.95,57794489,1650.484582384444,0.7333333333333333,0.26666666666666666,0.4666666666666667,24680500.0,-4.698375870069615,-8.71275997751545,-1.0590472630503236,-2.8396499665503114,62.90800974671943,36.58519127276583,0.0,0.1,934385.05,-4317.0,-0.48596750535554456,0.04111193628459232,0.7782933964783133,0.1,0.0
2023-11-01,,,,1629.8,1633.9,1644.7,1685.5166666666667,1646.5004844455937,42.357142857142854,44.223107569721115,-16.03623114531956,-16.340939785805915,0.3047086404863535,1701.982678561058,1587.417321438942,1644.7,114.56535712211598,-70.43478260869566,35.737493497012785,33.59535773597791,40.02176501908252,-26.644444357795017,19.898819561551434,18.54974704890388,16.367563527120147,45.48370284046006,1706.0,1724.0,1606.0,0,0,779733.15,57049998,1647.8196555877269,0.275,0.725,0.45,18612275.0,-5.742459396751753,-8.71275997751545,-1.2392663294792858,-2.8396499665503114,62.53734697715379,36.58519127276583,0.0,0.1,929344.45,-12694.0,-1.4359501093874072,0.04281527052711123,0.809419048822455,0.3,0.0
2023-11-02,,,,1637.8,1631.3,1643.2,1683.0166666666667,1648.0718668793465,41.57142857142857,55.18518518518519,-12.742578410661736,-15.62126751077708,2.878689100115345,1696.5966291068225,1589.8033708931775,1643.2,106.793258213645,-37.391304347826086,54.99382683350636,40.72818076848739,83.52511896354429,19.071062508123845,20.446735395189005,17.353951890034367,16.011460555358813,100.0,1591.0,1724.0,1606.0,0,0,784512.8,57851067,1646.3626149673191,0.8571428571428571,0.14285714285714285,1.0857142857142856,22887685.714285716,-3.5382830626450312,-8.71275997751545,-0.5670014418770322,-2.8396499665503114,62.34759567667975,36.58519127276583,0.0,0.15,927553.55,29792.0,3.419180094569163,0.04337682705276669,0.8456043101615037,0.4,0.0
2023-11-03,,,,1647.4,1634.7,1643.65,1680.8,1650.8269271765516,40.42857142857143,56.15942028985507,-8.900057568286911,-14.277025522279047,5.376967953992136,1698.068553337442,1589.2314466625583,1643.65,108.83710667488367,-25.217391304347824,67.31389221850615,49.59008458516031,102.76150748519782,50.214683688508025,23.851590106007066,15.017667844522967,16.36018590408416,100.0,1591.0,1724.0,1606.0,0,0,779270.9,58582328,1645.5777412792736,0.8,0.2,0.4,20893171.42857143,-2.726218097447808,-8.71275997751545,0.36708619695322575,-2.8396499665503114,61.44807914559479,36.58519127276583,0.0,0.2,928493.1,1995.0,0.22139312316338255,0.04241483381282496,0.8650253621144562,0.4,0.0
2023-11-06,,,,1655.6,1641.1,1640.95,1677.8,1652.6529341121181,40.5,56.98529411764705,-6.346514941716578,-12.690923406166554,6.344408464449977,1682.3948269894092,1599.5051730105909,1640.95,82.88965397881839,-31.304347826086957,70.7624529683658,56.64754071289548,98.99227747930647,77.40156169220009,23.45679012345679,14.991181657848324,15.81652297510013,100.0,1706.0,1689.0,1606.0,0,0,779816.5,57826044,1643.062578525418,0.46153846153846156,0.5384615384615384,0.1794871794871795,19391897.435897436,-1.124925991711101,-8.71275997751545,-1.2664717024604895,-2.8396499665503114,60.97108845436577,36.58519127276583,0.0,0.2,926726.05,-2104.0,-0.2329735014787837,0.042948727036200035,0.8460151902770235,0.5,0.0
2023-11-07,,,,1665.0,1648.1,1643.6,1675.4333333333334,1656.2097975300117,41.357142857142854,58.064516129032256,-2.678109579682996,-10.688360640869842,8.010251061186846,1690.411604498896,1596.7883955011039,1643.6,93.62320899779206,-25.56390977443609,71.58441746447484,61.6264996300886,91.50025313324733,118.67540116930546,25.906735751295336,14.680483592400691,16.479181655593603,100.0,1591.0,1690.0,1606.0,1,0,758663.7,58740666,1644.5252669924764,0.32,0.68,0.4,18292440.0,0.0,-8.71275997751545,1.9137132156723209,-2.2755544360469293,58.63282095691709,36.58519127276583,0.0,0.25,921425.35,-221.0,-0.024528220216801788,0.038410061799559976,0.8815760228599231,0.5,0.0
2023-11-08,,,,1677.6,1653.7,1646.8,1673.4166666666667,1659.2374358604868,39.357142857142854,49.78902953586498,0.06697279318859728,-8.537293954058155,8.604266747246752,1696.6232666001385,1596.9767333998614,1646.8,99.64653320027719,-27.06766917293233,71.30018074867428,64.8510600029505,84.19842224012183,88.49834112159299,21.415607985480946,15.607985480943741,17.501107667377628,61.819833922611174,1724.0,1690.0,1606.0,0,0,753773.05,58003573,1647.522691014225,0.45454545454545453,0.5454545454545454,0.06060606060606061,22336151.515151516,-0.11834319526626835,-7.807118254879441,2.3241276447319943,-2.2755544360469293,58.63282095691709,36.58519127276583,0.0,0.3,917213.7,5183.0,0.5753889398322887,0.03443512203991856,0.8734079176269163,0.2,0.0
2023-11-09,,,,1685.6,1661.7,1649.25,1671.8333333333333,1663.405299111869,39.42857142857143,64.5631067961165,3.4134963298465664,-6.147135897277211,9.560632227123778,1705.0272826796859,1593.4727173203141,1649.25,111.55456535937174,-15.789473684210526,75.17573025521375,68.29261675370492,88.94195725823141,83.68175988621704,22.82608695652174,16.304347826086957,17.478645852462982,100.0,1591.0,1703.0,1606.0,1,0,764023.6,58871096,1650.238396540805,0.7924528301886793,0.20754716981132076,0.2830188679245283,16368358.490566038,0.0,-7.807118254879441,1.8325028607423888,-2.2755544360469293,58.63282095691709,36.58519127276583,0.0,0.35,914150.75,-9372.0,-1.034477049334137,0.03323685489656827,0.8891277130899959,-0.1,0.0
2023-11-10,,,,1700.0,1673.7,1654.95,1671.0833333333333,1671.557175386929,40.5,83.25581395348837,9.666031906090438,-2.984502336603682,12.650534242694121,1725.8464404122642,1584.053559587736,1654.95,141.7928808245283,-16.483516483516482,77.38988077620311,71.32503809453765,89.51956613953405,133.00843495848227,33.686067019400355,7.760141093474426,20.007279681646338,100.0,1591.0,1749.0,1606.0,1,0,804123.8,60422897,1659.7772635051138,0.6052631578947368,0.39473684210526316,0.6052631578947368,20418434.210526317,0.0,-7.807118254879441,3.8896312064739877,-2.2755544360469293,58.63282095691709,36.58519127276583,0.0,0.4,910686.05,-6745.0,-0.7522922886973205,0.031731635136755275,1.0759632257553289,-0.4,0.0
2023-11-13,,,,1707.4,1681.5,1658.15,1669.2333333333333,1674.9326824929358,44.0,67.90123456790124,11.104160555214776,-0.1667697582399903,11.270930313454766,1732.4701467335624,1583.8298532664378,1658.15,148.6402934671246,-39.56043956043956,70.38113263868087,71.01040294258539,69.12259203087183,88.91251958598023,31.006493506493506,8.116883116883118,22.425043240204534,67.23736381170647,1779.0,1749.0,1606.0,0,0,815999.75,59358710,1665.4516637208937,0.14285714285714285,0.8571428571428571,0.6,15202671.428571427,-2.4013722126929538,-7.807118254879441,2.083859498981536,-2.417478853686499,58.63282095691709,36.58519127276583,0.0,0.45,906332.25,-30597.0,-3.438452409849768,0.03286975990478385,1.1557882823406895,-0.4,1.0
2023-11-14,,,,1703.8,1684.4,1660.15,1670.8,1674.6533793983704,45.07142857142857,57.51879699248121,9.312333593073618,1.7290509120227315,7.5832826810508855,1733.6555314780235,1586.6444685219767,1660.15,147.01106295604677,-58.79120879120879,55.824864681495015,65.94855685555527,35.577480333374524,22.008866601342742,26.14896988906498,14.421553090332806,23.469367219796368,45.08397123161087,1779.0,1749.0,1606.0,0,0,819937.3,58516452,1667.3507552752305,0.35555555555555557,0.6444444444444445,0.7777777777777778,18716844.444444444,-4.402515723270428,-7.807118254879441,1.3137082147574237,-2.417478853686499,58.63282095691709,36.58519127276583,0.0,0.5,901458.5,-14352.0,-1.6702919170300645,0.034952361483656776,1.1520902333001746,-0.2,0.0
2023-11-15,,,,1703.2,1690.4,1662.15,1672.85,1675.6387718366207,44.214285714285715,61.48148148148148,8.839394137343561,3.1511195570868975,5.688274580256664,1736.0952856044921,1588.204714395508,1662.15,147.89057120898406,-52.80898876404494,46.44734568509925,59.44815313206993,20.44573079115787,29.089623022023943,26.65589660743134,11.793214862681745,24.675717267701966,53.53929827000407,1601.0,1749.0,1606.0,0,0,812382.65,59098472,1668.6911256864812,0.6086956521739131,0.391304347826087,0.5652173913043478,25305217.391304348,-3.6592338479130904,-7.807118254879441,1.3046625733767017,-2.417478853686499,60.97108845436577,38.039428151980154,0.0,0.55,895712.95,-17393.0,-2.0585892514963344,0.03798415624950268,1.1300387271265075,-0.1,0.0
2023-11-16,,,,1703.6,1694.6,1662.95,1675.35,1678.435079280752,44.714285714285715,63.38028169014085,9.96356528584738,4.513608702838995,5.449956583008386,1738.4482746402607,1587.4517253597394,1662.95,150.99654928052132,-41.57303370786517,44.875658278255145,54.590654847465004,25.445665139835427,47.26919853804881,29.073482428115014,11.661341853035143,25.331508996158057,49.07979972504989,1601.0,1749.0,1606.0,0,0,801096.95,59785332,1669.3177578360937,0.8125,0.1875,0.625,21464375.0,-2.51572327044024,-7.807118254879441,0.6070970473516109,-2.417478853686499,61.28132125469896,38.49356379423703,0.0,0.55,888148.1,11726.0,1.4170290003939545,0.031687843241508314,1.1002110273536696,0.2,0.0
2023-11-17,,,,1697.4,1698.7,1666.7,1677.55,1682.2031669682995,43.642857142857146,64.98316498316498,11.767818290677042,5.964450620406604,5.803367670270438,1745.408255435223,1587.991744564777,1666.7,157.41651087044602,-36.96969696969697,46.71927354051698,51.966861078482324,36.22409846458629,61.53728524441267,29.95090016366612,10.965630114566284,28.551395717366365,53.186313060980744,1601.0,1749.0,1606.0,0,0,793479.3,60569779,1672.31260132852,0.6875,0.3125,0.40625,24513968.75,-1.772441395082891,-7.807118254879441,2.676312441371955,-2.2594477950533953,61.680564113096466,38.49356379423703,0.0,0.6,881642.15,-31392.0,-3.7405628002745384,0.0350766220331415,0.9456406414137349,0.2,0.0
2023-11-20,,,,1708.4,1707.9,1674.5,1680.6833333333334,1689.802865352271,45.42857142857143,68.19571865443424,16.55727214584931,8.083014925495146,8.474257220354165,1758.6139577876888,1590.3860422123112,1674.5,168.22791557537766,-10.303030303030303,59.87246962321728,54.60206392672731,70.4132810161972,88.98957523212198,34.11949685534591,10.534591194968552,31.930846735401172,61.416727933276874,1601.0,1762.0,1620.0,1,0,794233.65,61451151,1679.4355820439825,0.9454545454545454,0.05454545454545454,0.8,16024945.454545453,0.0,-7.003444316877139,5.596510486843096,-2.067930356387427,62.65757204967328,39.47057072071819,0.0,0.65,875397.25,440.0,0.05446623093681158,0.037170490431029095,0.9160253740653965,0.3,1.0
2023-11-21,,,,1724.4,1714.1,1681.1,1682.1666666666667,1695.726401985388,47.142857142857146,69.90595611285266,19.32328559766961,10.331069059930039,8.992216537739571,1767.880788560201,1594.319211439799,1681.1,173.56157712040203,-30.4093567251462,61.53660137043315,56.91357640796259,70.78265129537427,97.29608776781355,38.333333333333336,9.09090909090909,36.08460172991622,60.11012688268384,1804.0,1762.0,1623.0,0,0,823573.85,60385656,1686.825939511476,0.1875,0.8125,0.15625,16648359.375,-0.5675368898978572,-6.831228473019513,4.68940204118651,-2.067930356387427,63.38891003679736,39.788411401629304,0.0,0.7,869316.2,-26621.0,-3.293536893155835,0.04367323009532774,0.9892745334321493,0.3,1.0
2023-11-22,,,,1733.2,1718.2,1685.95,1684.1,1698.8953160820179,49.357142857142854,60.85526315789473,19.43542393630196,12.151940035204424,7.283483901097535,1772.016008939124,1599.883991060876,1685.95,172.132017878248,-48.38709677419355,57.46584235506354,57.09766505699624,58.20219695119813,58.79108815941372,34.587554269175115,13.892908827785817,38.54922665722771,33.066318783236156,1804.0,1762.0,1623.0,0,0,848457.35,59259517,1692.1615282921018,0.33783783783783783,0.6621621621621622,0.3108108108108108,15218094.594594596,-1.8728717366629066,-6.831228473019513,3.3660233901598593,-2.067930356387427,63.38891003679736,40.58500731882027,0.0,0.75,863111.65,-6411.0,-0.8201786200888073,0.04941623856660017,1.1391296155734245,0.5,1.0
2023-11-23,,,,1741.4,1722.5,1692.1,1686.2333333333333,1703.381476455159,49.714285714285715,61.237785016286644,20.65792065248047,13.853136158659634,6.804784493820836,1776.7936274243136,1607.4063725756862,1692.1,169.38725484862744,-38.1578947368421,58.580831840312634,57.59205398476837,60.558387551401154,52.1813097428102,32.04022988505747,13.793103448275861,39.76955804997289,34.20930836245153,1652.0,1762.0,1625.0,0,0,855061.1,60019792,1696.8295874606702,0.9,0.1,0.425,19006875.0,-0.9080590238365716,-6.48679678530425,4.252350522214923,-2.067930356387427,63.38891003679736,41.097020626432396,0.0,0.8,856508.5,-20088.0,-2.591170825335898,0.05667061438716203,1.1767965427644684,0.2,1.0
2023-11-24,,,,1744.2,1720.8,1697.25,1688.1833333333334,1706.1070501260963,50.857142857142854,59.87261146496815,20.263490209002384,15.135206968728186,5.1282832402741985,1778.2331041506038,1616.2668958493962,1697.25,161.96620830120764,-48.648648648648646,56.171005010658874,57.11837099339854,54.27627304517955,41.56554747576899,31.17977528089888,14.747191011235955,40.752520042109204,30.130118876294627,1804.0,1762.0,1625.0,0,0,867176.15,59143965,1701.1968512010699,0.5636363636363636,0.43636363636363634,0.2545454545454545,15924127.272727273,-1.7026106696935384,-5.742459396751753,3.526789603695639,-2.067930356387427,63.38891003679736,41.6932380428807,0.0,0.85,846584.2,-64626.0,-8.557921500079457,0.07133012447017617,1.2362546188031902,0.4,0.0
2023-11-27,,,,1741.0,1724.7,1703.1,1690.3166666666666,1709.9063786855156,50.857142857142854,59.09090909090909,20.840349659736148,16.27623550692978,4.5641141528063685,1780.1315041496132,1626.0684958503866,1703.1,154.06300829922657,-39.189189189189186,56.24432915497559,56.82702371392422,55.078940037078326,51.889709484157194,27.94943820224719,14.747191011235955,40.98548276807305,27.79436302863267,1656.0,1762.0,1625.0,0,0,861524.8,59861022,1706.4897834823403,0.6296296296296297,0.37037037037037035,0.25925925925925924,13278833.333333334,-0.9080590238365716,-5.742459396751753,3.971330800755955,-2.067930356387427,63.38891003679736,42.09942574034456,0.0,0.9,835823.75,-17412.0,-2.5215268183753414,0.08474043934031873,1.2312229041328453,0.1,0.0
2023-11-28,,,,1739.6,1732.0,1708.2,1693.2,1713.248628334514,53.42857142857143,59.28338762214984,20.97503612786386,17.2159956311166,3.759040496747261,1781.9123855905284,1634.4876144094717,1708.2,147.4247711810567,-39.86486486486486,55.096219436650394,56.25008895483295,52.788480400285295,64.02370417584794,30.3475935828877,13.903743315508022,42.51932893493859,6.8562360289930755,1804.0,1762.0,1625.0,0,0,873345.35,58884196,1712.0731698329114,0.2898550724637681,0.7101449275362319,0.014492753623188406,14156898.550724639,-0.9648127128263684,-5.742459396751753,3.4670579784523765,-2.067930356387427,63.38891003679736,42.37312887915298,0.0,0.95,823517.9,-35225.0,-5.2330781047120745,0.10011060222727453,1.2648633992229872,0.1,0.0
2023-11-29,,,,1755.0,1744.1,1717.25,1697.0,1722.0820923026556,54.857142857142854,64.58923512747876,25.70762482935561,18.9143214707644,6.79330335859121,1792.3832150248693,1642.1167849751307,1717.25,150.26643004973857,-7.407407407407407,66.78545776651009,59.76187855872533,80.83261618207962,102.66865225301518,31.640625000000004,11.979166666666666,44.548468949153225,27.471863369828796,1656.0,1806.0,1663.0,1,0,877690.95,59715599,1719.2340682294455,0.8285714285714286,0.17142857142857143,0.8714285714285714,11877185.714285713,0.0,-4.402515723270428,5.5359438046612155,-2.067930356387427,63.65136009796204,42.51199780611545,0.0,1.0,814029.95,43664.0,6.844992216611767,0.10739278862915026,1.218310089536954,0.2,1.0
2023-11-30,,,,1763.6,1752.5,1723.55,1698.2166666666667,1728.4552263690694,53.214285714285715,56.17283950617284,27.766403728480554,20.68473792230763,7.081665806172925,1800.634983860772,1646.4650161392278,1723.55,154.16996772154425,-17.901234567901234,69.5948635822318,63.039540233227484,82.70551028024042,90.20108757936957,23.892617449664428,12.348993288590604,42.355516117902525,0.0,1818.0,1806.0,1670.0,0,0,873713.85,58994072,1725.0884710327834,0.49056603773584906,0.5094339622641509,0.32075471698113206,13613716.981132075,-0.9413067552602405,-4.402515723270428,3.925413624185787,-2.067930356387427,63.65136009796204,42.51199780611545,0.0,1.0,799871.15,-63625.0,-9.335187899542374,0.11897367335958278,1.250483477365598,0.4,1.0
2023-12-01,,,,1800.8,1772.5,1735.6,1700.7166666666667,1746.5071095720152,57.857142857142854,75.669099756691,39.3535791767581,24.418506173197727,14.935073003560376,1848.890311751781,1622.309688248219,1735.6,226.58062350356204,-2.2388059701492535,78.83304806827411,68.30404284490969,99.89105851500295,148.04738599700497,35.30864197530864,10.617283950617285,42.016745888890036,100.0,1656.0,1918.0,1670.0,1,0,894704.9,60145154,1737.1332452931317,0.9552238805970149,0.04477611940298507,0.9626865671641791,8590164.179104477,0.0,-4.402515723270428,5.111629582248487,-2.067930356387427,64.56833246238895,42.51199780611545,1.0,1.0,785317.05,-5911.0,-0.9565715543357278,0.1281582070799247,1.3729721171092837,0.2,1.0
2023-12-04,,,,1829.0,1785.0,1746.45,1701.9666666666667,1759.887384850871,64.64285714285714,76.41277641277642,45.5104422296622,28.636893384490623,16.87354884517158,1873.9597106724166,1618.9402893275835,1746.45,255.01942134483306,-33.944954128440365,73.43078625427027,70.01295731469655,80.2664441334177,137.1749509335284,39.77900552486188,4.972375690607735,45.50756930158844,100.0,1998.0,1918.0,1672.0,0,0,938086.9,58521230,1754.9635306885393,0.23972602739726026,0.7602739726027398,0.21232876712328766,11122767.12328767,-1.6162669447341016,-4.402515723270428,4.568078668418786,-2.067930356387427,64.56833246238895,42.51199780611545,1.0,1.0,767132.05,-74722.0,-12.208978391405578,0.14465554671114506,1.7643903567701227,0.4,1.0
2023-12-05,,,,1851.0,1795.3,1754.7,1703.75,1768.945729150788,68.92857142857143,69.95305164319248,47.26285126279595,32.36208496015169,14.900766302644257,1888.0489289123814,1621.3510710876187,1754.7,266.69785782476265,-44.827586206896555,66.23780812013081,68.75457424984131,61.2042758607098,82.66183057773637,37.30569948186528,7.7720207253886,47.426267815476756,68.08426429690914,1998.0,1918.0,1672.0,0,0,943911.05,57490125,1763.5936009895565,0.39759036144578314,0.6024096385542169,0.3855421686746988,12422951.807228915,-3.284671532846717,-4.402515723270428,3.4416152327777154,-2.067930356387427,64.56833246238895,42.51199780611545,1.0,1.0,746455.6,-50050.0,-9.315041978176186,0.16433119944529492,1.881357739174255,0.4,1.0
2023-12-06,,,,1861.6,1808.3,1763.25,1705.45,1777.5223263745227,70.57142857142857,68.78048780487805,48.4163016304899,35.57292829421934,12.84337333627056,1900.4642005846317,1626.0357994153683,1763.25,274.42840116926345,-46.026490066225165,61.89142314630494,66.46685721532918,52.74055500825645,67.50445387137208,34.716599190283404,7.793522267206478,48.89685605077087,62.29094664120111,1696.0,1918.0,1672.0,0,0,945135.5,58251707,1770.0373025525619,0.7090909090909091,0.2909090909090909,0.07272727272727272,13846945.454545453,-3.07612095933264,-4.402515723270428,3.564262674381465,-2.067930356387427,64.56833246238895,42.51199780611545,1.0,1.0,723348.15,-43437.0,-8.914670612597565,0.18530290439287744,1.9805846810804766,0.1,1.0
2023-12-07,,,,1883.4,1823.5,1773.0,1707.4333333333334,1788.99639052933,74.35714285714286,70.64220183486239,51.87936044699654,38.83421472477478,13.045145722221761,1919.5806765464554,1626.4193234535446,1773.0,293.16135309291076,-33.67003367003367,62.93927044252497,65.29099495772778,58.23582141211938,85.93356584186942,36.88760806916426,7.396733909702209,50.33931034268286,71.48916716221929,1696.0,1918.0,1672.0,0,0,950491.2,59226344,1779.8724699222184,0.5882352941176471,0.4117647058823529,0.4588235294117647,11466317.647058824,-1.0427528675703845,-4.402515723270428,3.9423544294580273,-2.067930356387427,64.56833246238895,42.51199780611545,1.0,1.0,697545.2,-63282.0,-14.258611676911148,0.21201352287461797,2.2593036137169213,-0.1,1.0
2023-12-08,,,,1890.0,1845.4,1783.1,1710.8666666666666,1804.4253057170129,79.5,71.23595505617978,58.229285611530486,42.71322890212592,15.516056709404566,1949.2488235857302,1616.9511764142696,1783.1,332.29764717146054,-22.839506172839506,67.0706247394611,65.88420488497222,69.44346444843885,111.37402172393291,39.4429469901168,6.918238993710692,51.57774872491423,74.42273965336507,1696.0,1951.0,1672.0,1,0,941120.7,60590735,1796.4218519296548,0.26,0.74,0.53,13643910.0,0.0,-4.402515723270428,3.966121374294986,-2.067930356387427,64.56833246238895,42.51199780611545,1.0,1.0,692295.7,404324.0,106.25174097452526,0.20579029680260286,2.230826824850574,0.2,0.0
2023-12-11,,,,1892.8,1860.9,1792.8,1714.4,1813.622895648726,80.42857142857143,65.36082474226805,58.55211261381146,45.88100564446303,12.671106969348429,1962.848414158644,1622.751585841356,1792.8,340.0968283172879,-38.27160493827161,63.125302172877795,64.96457064760742,59.44676522341854,70.1578723807278,35.52397868561279,10.746003552397868,50.998428858526616,45.39532548195588,2025.0,1951.0,1672.0,0,0,943342.75,59482107,1807.3954065652877,0.2597402597402597,0.7402597402597403,0.6493506493506493,14397766.233766234,-2.5627883136852936,-4.402515723270428,3.891030539306605,-2.076001161437044,64.66802109861601,42.51199780611545,1.0,1.0,688964.8,7775.0,0.9906250557425667,0.20189388947367537,1.9060874791952525,-0.1,0.0
2023-12-12,,,,1897.8,1874.4,1803.2,1716.6,1819.9445246345615,78.5,65.63146997929607,56.46256553452963,47.99731762247635,8.465247912053279,1967.4855024515696,1638.9144975484305,1803.2,328.57100490313906,-44.75308641975309,56.969030965124645,62.29939075344649,46.308311388480945,48.965307517599946,36.39672429481347,9.281164695177434,52.189570475427885,46.732509675152244,2025.0,1951.0,1685.0,0,0,946706.9,58572566,1816.9534143918604,0.3404255319148936,0.6595744680851063,0.44680851063829785,19351936.170212764,-3.6391594054331122,-3.6592338479130904,4.305541987396558,-1.739162203177644,65.05869693498559,42.51199780611545,1.0,1.0,687028.85,13547.0,1.7091138017216068,0.19950823464274148,1.708497770096234,-0.4,0.0
2023-12-13,,,,1892.4,1877.0,1810.55,1717.6833333333334,1821.0926651455557,81.5,58.36575875486381,50.352948130140476,48.46844372400918,1.884504406131299,1965.4550303283531,1655.6449696716468,1810.55,309.81006065670636,-59.5679012345679,43.93680078526041,56.17852743071779,19.45334749434565,18.30216948116821,35.056967572305,14.373356704645047,52.33471757582076,10.83461504257702,2025.0,1951.0,1705.0,0,0,972818.25,57468319,1822.2207147292588,0.36585365853658536,0.6341463414634146,0.5853658536585366,13466426.829268292,-6.099436186570983,-6.099436186570983,2.9905261939641363,-2.553671330577885,65.05869693498559,42.51199780611545,1.0,1.0,685711.8,-5015.0,-0.6220695130119802,0.19799490782185855,1.6409609089420596,-0.2,0.0
2023-12-14,,,,1879.6,1881.5,1817.0,1720.0,1822.3219351316934,79.42857142857143,60.1593625498008,45.151932236329685,47.805141426473284,-2.653209190143599,1963.9378672843757,1670.0621327156243,1817.0,293.87573456875134,-61.022364217252395,34.074459118424734,48.81050465995344,4.602368035367334,12.18163325876504,35.431654676258994,13.93884892086331,52.888566227127676,19.696321495583774,1712.0,1951.0,1718.0,0,0,970445.25,58107719,1827.0369315699847,0.4230769230769231,0.5769230769230769,0.07692307692307693,24592307.692307692,-5.996924654023584,-6.099436186570983,2.6345833047386735,-2.553671330577885,65.05869693498559,42.51199780611545,1.0,1.0,683999.0,3811.0,0.47568228766858844,0.19580792816791107,1.2875757877859388,0.1,0.0
2023-12-15,,,,1852.4,1871.2,1821.85,1721.6833333333334,1821.624607976294,80.0,56.80473372781065,39.04684078406967,46.05348129799256,-7.006640513922889,1961.238551972636,1682.4614480273638,1821.85,278.7771039452723,-70.0,24.659504883135174,40.76017140101402,-7.541828152622514,7.961605443946648,36.607142857142854,14.732142857142858,53.72339787145588,3.122016756048497,2025.0,1951.0,1729.0,0,0,983927.4,57053629,1831.9337636936766,0.03225806451612903,0.967741935483871,0.3064516129032258,17001451.612903226,-6.970784213223979,-6.970784213223979,2.0124336314752154,-2.553671330577885,65.05869693498559,42.51199780611545,1.0,0.95,684878.3,20450.0,2.5404484108842995,0.19688592823350026,1.1953024420319904,-0.3,0.0
2023-12-18,,,,1827.6,1860.2,1822.6,1722.85,1817.3746453118852,79.28571428571429,52.94117647058823,30.78733220142658,43.00025147867937,-12.212919277252787,1960.788886749363,1684.4111132506368,1822.6,276.3777734987261,-89.53068592057761,18.57803470196433,33.366125834664125,-10.998147563435253,-28.215899034848206,34.41441441441441,19.639639639639636,53.02148447769959,0.0,2025.0,1951.0,1729.0,0,0,990685.6,56037093,1833.3803572832119,0.288135593220339,0.711864406779661,0.6440677966101694,17229423.72881356,-8.918503331624816,-8.918503331624816,0.45858006467374124,-2.553671330577885,65.05869693498559,42.51199780611545,1.0,0.9,686238.5,10058.0,1.218522314538184,0.19859381919958283,1.1589100773605383,-0.3,0.0
2023-12-19,,,,1809.2,1853.5,1824.4,1724.1833333333334,1814.5770600440865,76.57142857142857,48.178137651821864,24.84284733238792,39.36877064942108,-14.525923317033161,1959.6228569902564,1689.1771430097438,1824.4,270.44571398051266,-89.43396226415095,15.907369046592573,27.546540238640276,-7.370973337502832,-27.224290182587332,33.3955223880597,20.33582089552239,51.53797938411987,0.0,1760.0,1951.0,1729.0,0,0,979605.8,56880992,1835.1406891084825,0.4857142857142857,0.5142857142857142,0.3142857142857143,24111400.0,-8.354689902614043,-8.918503331624816,0.8564554972359286,-2.553671330577885,65.05869693498559,42.51199780611545,1.0,0.85,689746.25,16330.0,1.9545556826940924,0.20257785355022975,1.1314095261547634,0.1,0.0
2023-12-20,,,,1804.8,1848.6,1828.45,1725.7333333333333,1814.1411495636971,75.78571428571429,52.104208416833664,21.6573637759343,35.82648927472373,-14.169125498789427,1956.29278997012,1700.60721002988,1828.45,255.68557994024013,-81.13207547169812,16.89422087382901,23.99576711703652,2.6911283874139826,-14.16203249364479,36.003770028275206,20.546654099905748,51.215228061368556,13.90515670574518,1760.0,1951.0,1732.0,0,0,965802.3,57731061,1839.799965962668,0.4594594594594595,0.5405405405405406,0.5945945945945946,22974837.837837838,-7.227063044592519,-8.918503331624816,1.7180055721011962,-2.553671330577885,65.05869693498559,42.51199780611545,1.0,0.8,694033.0,9169.0,1.0764086995517896,0.20711677871814807,1.0532139648006,0.2,0.0
2023-12-21,,,,1816.8,1848.2,1835.85,1728.7166666666667,1821.7467543671544,73.85714285714286,47.3568281938326,25.615661687249258,33.78432375722883,-8.168662069979575,1960.696474140198,1711.0035258598018,1835.85,249.6929482803962,-49.43396226415094,33.82173647480857,27.27109023629387,46.923028951837956,19.21081132581244,32.97872340425532,21.470019342359766,48.884751379777455,0.0,1760.0,1951.0,1732.0,0,0,991313.55,59001561,1845.1003833919817,0.9722222222222222,0.027777777777777776,0.7777777777777778,11763888.888888888,-2.921578677601233,-8.918503331624816,2.7262868196081924,-2.553671330577885,65.05869693498559,42.51199780611545,2.0,0.8,701564.4,44805.0,5.203935501630119,0.2150704762169072,1.174881304446266,0.2,0.0
2023-12-22,,,,1836.0,1844.2,1844.8,1732.5166666666667,1830.2470634750443,68.28571428571429,52.72727272727273,29.78110122816838,32.983679251416746,-3.202578023248364,1963.8287006520845,1725.7712993479154,1844.8,238.05740130416916,-43.0188679245283,51.642236647945595,35.394805706844444,84.1370985301479,49.50301155442009,31.694560669456063,23.22175732217573,44.43123664054842,22.490121034987645,1760.0,1951.0,1745.0,0,0,1004573.55,60142588,1853.4205801390387,0.6764705882352942,0.3235294117647059,0.25,16779808.82352941,-2.050230650948226,-8.918503331624816,3.274878965015961,-2.553671330577885,65.05869693498559,42.62726925802758,2.0,0.8,711545.55,-15631.0,-1.725679739630026,0.22010065996424047,1.1758415544491383,0.3,0.0
2023-12-25,,,,1855.0,1841.3,1851.1,1734.6833333333334,1834.2235336202782,66.71428571428571,51.901565995525736,29.594125355917868,32.30576847231697,-2.7116431163991024,1961.1065069844676,1741.0934930155322,1851.1,220.0130139689354,-57.735849056603776,56.00811922965159,42.26591021444682,83.49253726006114,21.351146351399876,32.441113490364025,22.162740899357605,41.09597150000945,19.032261220820942,2025.0,1951.0,1745.0,0,0,1013220.35,59252595,1858.305260400662,0.43137254901960786,0.5686274509803921,0.7647058823529411,17450843.1372549,-4.049205535622747,-8.918503331624816,2.3253172521369057,-2.553671330577885,65.05869693498559,42.62726925802758,2.0,0.8,721227.25,-23401.0,-2.6288620996071432,0.22192528969382902,1.1378627598722848,0.6,0.0
2023-12-26,,,,1872.4,1840.8,1857.6,1737.75,1838.1070066088232,66.35714285714286,51.793721973094165,29.34969553742053,31.714553885337686,-2.3648583479171563,1955.9557452900208,1759.244254709979,1857.6,196.71149058004175,-56.60377358490566,59.49674229953651,48.00952090947672,82.4711850796561,15.449684239879602,32.61571582346609,22.497308934337997,37.883545904771346,18.580636573683524,1760.0,1951.0,1777.0,0,0,1006394.65,60092907,1863.9205938578202,0.58,0.42,0.06,16806240.0,-3.8954382368016294,-8.918503331624816,2.39316514887148,-2.553671330577885,65.05869693498559,42.760889712696944,2.0,0.8,732752.45,1645.0,0.18978812953125423,0.22112405447087008,1.1332520156008279,0.6,0.0
2023-12-27,,,,1888.0,1846.4,1861.7,1741.2166666666667,1842.8587202651258,63.142857142857146,48.80952380952381,29.86075826609158,31.343794761488464,-1.4830364953968846,1957.809805622625,1765.5901943773752,1861.7,192.21961124524978,-51.698113207547166,64.32730796847713,53.44878326247685,86.08435738047768,23.675700879587964,28.393665158371036,23.64253393665158,33.77897981161712,6.083537409325613,1760.0,1951.0,1777.0,0,0,1000538.7,60807191,1867.6808648680956,0.65,0.35,0.325,17857100.0,-3.229113275243467,-8.918503331624816,1.5994856690494716,-2.553671330577885,65.05869693498559,43.48452157598499,2.0,0.8,742795.6,14023.0,1.6148069843309631,0.22198438931095685,1.0976785929799282,0.6,0.0
2023-12-28,,,,1887.4,1852.1,1866.8,1744.5166666666667,1847.4436040493995,57.642857142857146,41.89189189189189,30.16018623566447,31.107073056323667,-0.9468868206591985,1957.3296694603946,1776.2703305396053,1866.8,181.0593389207893,-33.83838383838384,68.12571976318513,58.34109542937961,87.69496843079617,23.126684929525805,20.693928128872365,26.14622057001239,29.59934930308296,0.0,1760.0,1951.0,1777.0,0,0,1006980.3,61657550,1871.3034809121887,0.62,0.38,0.06,17007180.0,-3.075345976422339,-8.918503331624816,1.9621275218943983,-2.553671330577885,65.05869693498559,42.760889712696944,2.0,0.8,756749.85,14597.0,1.6541934489542331,0.21879628044322005,1.006745604410929,0.6,0.0
2023-12-29,,,,1887.8,1861.9,1866.55,1748.6,1853.687070330409,55.0,51.754385964912274,31.80606072765886,31.24687059059071,0.5591901370681498,1956.5101666234789,1776.589833376521,1866.55,179.92033324695785,-11.560693641618498,74.63525350467486,63.772481454478026,96.36079760506854,40.652389573568435,22.987012987012985,21.68831168831169,25.981928804552783,41.54452129144308,1760.0,1951.0,1777.0,0,0,996158.6,62592198,1872.5046165004917,0.825,0.175,0.55,23366200.0,-1.9477191184008147,-8.918503331624816,0.031809471429829456,-2.553671330577885,65.05869693498559,42.760889712696944,1.0,0.8,770400.25,-11988.0,-1.3364235619901854,0.21321791764666131,0.9615922779145013,0.6,0.0
2024-01-02,,,,1889.4,1872.2,1866.2,1751.2,1856.1930636322747,55.5,50.0,30.100622671783867,31.017621006829344,-0.9169983350454771,1955.8791943246235,1776.5208056753766,1866.2,179.358388649247,-30.63583815028902,70.82165048459805,66.12220446451803,80.22054252475809,14.854159033283693,22.779922779922778,22.007722007722005,21.864899385284048,44.38549955791337,1933.0,1951.0,1777.0,0,0,947191.85,61947609,1869.3227324186403,0.525,0.475,0.825,16114725.0,-3.6391594054331122,-8.918503331624816,-0.013857232344774002,-2.553671330577885,65.05869693498559,42.760889712696944,1.0,0.8,786548.05,-24774.0,-2.7992176562907867,0.19807883878018387,0.9060897325439523,0.6,0.0
2024-01-03,,,,1907.4,1889.9,1871.7,1756.6666666666667,1866.5556290006296,57.714285714285715,67.0076726342711,35.20205299641975,31.85450740474743,3.347545591672322,1971.4177068158333,1771.9822931841668,1871.7,199.4354136316665,-8.88888888888889,77.14640644551434,69.79693845818346,91.84534242017611,75.54304885341367,32.54950495049505,13.49009900990099,21.833033516081183,100.0,1760.0,1965.0,1777.0,1,0,959964.35,63234164,1874.5684068024677,0.8230088495575221,0.17699115044247787,0.7522123893805309,11385442.477876106,0.0,-8.918503331624816,2.3369625580730466,-2.553671330577885,65.41495378967366,43.9361783634692,2.0,0.8,808345.55,62944.0,7.316866199598038,0.1751321903855321,0.9912743791794373,0.6,0.0
2024-01-04,,,,1911.8,1899.9,1874.25,1761.4333333333334,1870.6931881434268,61.357142857142854,58.558558558558566,34.4102727322861,32.365660470255165,2.044612262030938,1975.2010042700658,1773.2989957299342,1874.25,201.90200854013165,-33.333333333333336,66.77865945288487,68.79084545641726,62.75428744582007,58.15620839326499,30.616996507566938,12.689173457508732,21.680472932531707,66.35934131461862,1985.0,1965.0,1777.0,0,0,971174.9,62248371,1878.3096529952193,0.1038961038961039,0.8961038961038961,0.7142857142857143,12802506.493506493,-2.7989821882951516,-8.918503331624816,1.1369702052697777,-2.574598007415787,65.41495378967366,44.3333433184555,2.0,0.8,830038.25,-45533.0,-4.9320680283751255,0.1363307718146472,1.054021688999579,0.5,0.0
2024-01-05,,,,1909.4,1898.4,1873.3,1765.1833333333334,1871.484313082148,62.57142857142857,57.01754385964913,30.924857736371905,32.07749992347851,-1.1526421871066077,1973.665857058737,1772.934142941263,1873.3,200.73171411747398,-47.111111111111114,52.43277536667145,63.33815542650199,30.622015247010367,20.992144553805044,27.054794520547944,15.753424657534248,20.52270895737643,60.2236980920721,1985.0,1965.0,1777.0,0,0,978139.45,61134443,1878.509153168293,0.20253164556962025,0.7974683544303798,0.3924050632911392,14100354.430379746,-4.376590330788799,-8.918503331624816,-0.19922807521760894,-2.574598007415787,65.41495378967366,46.7576430061939,2.0,0.8,854640.7,-5087.0,-0.5796028119908425,0.0472231394812033,1.1197428326310146,0.4,0.0
2024-01-08,,,,1897.4,1892.6,1868.4,1768.8166666666666,1869.7239023124196,64.85714285714286,58.558558558558566,25.767625386451982,30.81552501607321,-5.047899629621227,1962.1441085866927,1774.6558914133075,1868.4,187.48821717338524,-61.6822429906542,41.128023083953806,55.934777978985935,11.51451329388955,-6.904618638401364,26.10132158590308,13.766519823788546,20.780272756376693,66.35934131461862,1985.0,1965.0,1777.0,0,0,979078.75,59751266,1871.2713819496134,0.32967032967032966,0.6703296703296703,0.2857142857142857,15199747.252747253,-5.699745547073787,-8.918503331624816,-1.7767419232390746,-2.574598007415787,65.41495378967366,48.01387576022401,2.0,0.75,857427.7,-31985.0,-3.665553878542216,0.04324270789498399,1.2376243951879948,0.6,-1.0
2024-01-09,,,,1893.6,1891.5,1866.4,1772.45,1868.8930544731415,65.78571428571429,58.276643990929706,22.07158721615656,29.066737456089882,-6.995150239933324,1958.9143516603485,1773.8856483396517,1866.4,185.02870332069688,-63.265306122448976,35.23761209712147,49.03572268503112,7.641390921302175,-2.2183344925648587,25.7328990228013,13.572204125950053,21.254106396646797,65.23688141372783,1789.0,1965.0,1777.0,0,0,977834.1,60835001,1868.5394475061428,0.375,0.625,0.16666666666666666,22577812.5,-5.292620865139952,-8.918503331624816,-0.6732040496432824,-2.5654810243083785,65.41495378967366,48.41425348456284,2.0,0.7,856287.7,-70765.0,-8.41841165456021,0.04607003851223125,1.3693157826016402,0.4,0.0
2024-01-10,,,,1854.0,1880.7,1860.75,1774.7,1859.188954047128,71.35714285714286,45.80896686159844,11.425727256908885,25.538535416253684,-14.112808159344798,1963.0516694825844,1758.4483305174156,1860.75,204.60333896516886,-94.37229437229438,25.367643273982857,41.14636288134837,-6.189795940748155,-72.69763267605511,21.321321321321317,21.42142142142142,19.318453446942325,15.59607089218239,1985.0,1965.0,1767.0,0,1,998755.1,59507040,1863.1225775968499,0.10833333333333334,0.8916666666666667,0.7833333333333333,11066341.666666668,-10.076335877862597,-10.076335877862597,-1.9440400262944983,-2.9115854700679384,65.41495378967366,48.41425348456284,3.0,0.65,849344.4,-102519.0,-13.317044086184925,0.06715060696903255,1.4886021073756104,0.3,-1.0
2024-01-11,,,,1829.4,1870.6,1858.5,1777.0666666666666,1852.313815566449,67.21428571428571,38.084632516703785,4.550187661977816,21.340865865398513,-16.790678203420697,1965.3427275065044,1751.6572724934956,1858.5,213.68545501300878,-82.5,22.745095515988574,35.0126070928951,-1.7899276378244764,-87.10106095884984,15.515409139213604,23.273113708820404,19.23725578137521,0.0,1745.0,1965.0,1767.0,0,0,996315.7,60562499,1859.8085212849703,0.84,0.16,0.4,21109180.0,-9.058524173027994,-10.076335877862597,-0.6958271328621641,-2.9115854700679384,65.41495378967366,48.41425348456284,3.0,0.6,840218.95,-48658.0,-7.291619837138141,0.09098311119852069,1.6051737629107088,0.1,-1.0
2024-01-12,,,,1801.4,1855.4,1853.75,1777.9,1841.5220236077396,67.78571428571429,32.08333333333333,-4.717544928489133,16.129183706620985,-20.846728635110118,1972.915298728401,1734.584701271599,1853.75,238.33059745680202,-91.7910447761194,17.899715418619248,29.308309868136483,-4.917473480415225,-98.01346492437544,11.591148577449946,26.02739726027397,20.876311403624108,0.0,1985.0,1965.0,1739.0,0,1,1034170.15,59166010,1853.1286507995483,0.2894736842105263,0.7105263157894737,0.631578947368421,18374855.263157893,-11.501272264631046,-11.501272264631046,-1.6202991654716872,-2.9115854700679384,65.41495378967366,48.01387576022401,3.0,0.55,828905.65,-39946.0,-6.456900118967567,0.11598590523761093,1.8324777365704221,0.1,-1.0
2024-01-15,,,,1777.0,1837.2,1849.55,1779.3666666666666,1830.9961165974787,66.28571428571429,34.29844097995546,-12.5630044232596,10.390746080644869,-22.953750503904466,1979.865366464659,1719.234633535341,1849.55,260.6307329293181,-91.69675090252707,14.700893311570473,24.439171015947814,-4.77566209718421,-99.62647443616017,11.853448275862068,25.969827586206897,22.197626254350723,6.342589984408526,1985.0,1965.0,1731.0,0,1,1029959.65,58196130,1848.24603526944,0.575,0.425,0.2,24247000.0,-11.908396946564881,-11.908396946564881,-1.4295830998177508,-2.9115854700679384,65.41495378967366,48.01387576022401,3.0,0.55,815902.5,-13347.0,-2.3063365070588038,0.1382312607395477,1.846484082584396,0.1,-1.0
2024-01-16,,,,1754.8,1824.2,1848.2,1781.7666666666667,1823.2822007310522,65.85714285714286,36.559139784946225,-17.050894290407314,4.902418006434432,-21.953312296841744,1982.1875877989703,1714.2124122010298,1848.2,267.9751755979405,-84.83754512635379,14.966647201563585,21.28166307781974,2.3366154490512727,-78.58344963960366,14.316702819956616,25.70498915401301,22.918762650982547,12.815722619819795,1708.0,1965.0,1731.0,0,0,1025515.2,59123777,1846.8603183063499,0.5454545454545454,0.45454545454545453,0.4318181818181818,21082886.363636363,-10.941475826972013,-11.908396946564881,-0.35085581525957704,-2.9115854700679384,65.41495378967366,48.01387576022401,3.0,0.55,800115.7,-45615.0,-8.06826764397387,0.16321376053969044,1.9218937047505686,0.1,-1.0
2024-01-17,,,,1748.2,1801.1,1845.5,1783.6666666666667,1814.7791339947614,67.0,33.547008547008545,-21.649088410931427,-0.40788327703873994,-21.241205133892688,1986.5837750378248,1704.4162249621752,1845.5,282.1675500756496,-90.61371841155234,13.681468504746094,18.74826488679519,3.5478757406479033,-76.13887827075703,14.39232409381663,25.586353944562898,24.266588737939067,4.19098898639985,1985.0,1965.0,1731.0,0,0,1026767.6,58254830,1844.9693984468017,0.19642857142857142,0.8035714285714286,0.2857142857142857,15516910.714285715,-11.755725190839694,-11.908396946564881,-0.8762494103043469,-2.9115854700679384,65.41495378967366,48.01387576022401,3.0,0.55,782746.5,-15318.0,-2.94719748801342,0.18600161761364212,1.8684181615459203,0.1,0.0
2024-01-18,,,,1741.8,1785.6,1842.75,1785.7166666666667,1809.0858831381174,67.07142857142857,36.008230452674894,-23.329735218625046,-4.992253665356001,-18.337481553269043,1988.8038833515952,1696.6961166484048,1842.75,292.10776670319046,-83.03249097472924,16.72615699669157,18.074228923427317,14.030013143220081,-70.47706531847469,13.525026624068158,26.30457933972311,25.72697087059011,11.238285957312801,1708.0,1965.0,1731.0,0,0,1028905.25,59147652,1842.0208201872815,0.803921568627451,0.19607843137254902,0.4117647058823529,17506313.725490198,-10.687022900763344,-11.908396946564881,-0.8831109034775606,-2.9115854700679384,65.41495378967366,48.01387576022401,3.0,0.55,763608.45,-26208.0,-5.195567273952784,0.2085887692707525,1.9006001343874153,0.1,0.0
2024-01-19,,,,1745.6,1773.5,1835.95,1787.9666666666667,1804.2205609344871,66.42857142857143,33.40471092077087,-24.14129912529529,-8.82206275734386,-15.319236367951431,1984.5979061405708,1687.3020938594293,1835.95,297.2958122811415,-81.94945848375451,20.25823945498928,18.80223243394797,23.170253497071897,-60.40950277198717,12.580645161290324,26.559139784946236,28.070350082740088,3.783543551250682,1708.0,1965.0,1731.0,0,0,996088.6,59761819,1838.0270277998695,0.9032258064516129,0.0967741935483871,0.0967741935483871,19811838.70967742,-10.534351145038146,-11.908396946564881,-2.7577375307218417,-2.9115854700679384,65.41495378967366,48.01387576022401,2.0,0.5,741434.6,-15911.0,-3.3271158583252136,0.22795868210099363,1.68367309225624,-0.1,0.0
2024-01-22,,,,1764.4,1770.7,1831.65,1791.2333333333333,1806.1995551312027,68.85714285714286,44.510978043912175,-19.15729592823891,-10.88910939152287,-8.268186536716039,1976.0722974473674,1687.2277025526328,1831.65,288.84459489473466,-57.761732851985556,36.99946887360731,24.867977913834416,61.26245079315311,-17.325483445574054,20.643153526970952,23.443983402489625,28.400978885985523,35.584480506536444,1708.0,1965.0,1731.0,0,0,1002295.85,61026991,1832.4125680390011,0.7954545454545454,0.20454545454545456,0.7613636363636364,14376954.545454547,-7.1246819338422025,-11.908396946564881,-1.4785086662604905,-2.9115854700679384,65.41495378967366,48.01387576022401,2.0,0.45,719507.65,-10693.0,-2.3129451819229874,0.24595467625887202,1.9008573063179548,-0.3,1.0
2024-01-23,,,,1776.2,1765.5,1828.5,1794.2333333333333,1806.4662641663263,62.785714285714285,31.944444444444443,-16.310486632217362,-11.973384839661769,-4.337101792555593,1971.961713212517,1685.038286787483,1828.5,286.923426425034,-62.730627306273064,49.60458418734314,33.11351333833733,82.58672588535478,-13.287613412870424,12.85551763367463,25.71103526734926,27.824942019626075,0.0,1979.0,1965.0,1731.0,0,0,994345.35,60296008,1829.7249337633718,0.42857142857142855,0.5714285714285714,0.5714285714285714,26106535.714285713,-7.938931297709894,-11.908396946564881,-1.0792791764266614,-2.9115854700679384,65.41495378967366,47.04725592738577,2.0,0.4,698279.1,-9433.0,-2.0887121416772625,0.2630894374992937,1.8745201656410426,-0.1,1.0
2024-01-24,,,,1800.2,1774.2,1827.45,1797.75,1810.9932866266763,62.07142857142857,43.3649289099526,-10.304462407331812,-11.639600353195778,1.3351379458639663,1969.7816734361456,1685.1183265638545,1827.45,284.6633468722912,-37.60683760683761,65.08726665121122,43.77143110929529,107.71893773504308,6.112894537259096,17.03107019562716,26.467203682393553,26.417461464680084,42.911383097480574,1708.0,1965.0,1731.0,0,0,997961.05,61208634,1828.202741613346,0.9104477611940298,0.08955223880597014,0.6716417910447762,13621283.582089553,-5.64885496183204,-11.908396946564881,-0.22476729342530136,-2.9115854700679384,65.41495378967366,45.54936909806119,2.0,0.4,678481.85,30271.0,6.845777219941884,0.27375099706695055,1.916326564163974,0.0,1.0
2024-01-25,,,,1819.0,1780.4,1825.5,1801.4833333333333,1814.612973614612,59.0,46.21212121212122,-5.880318500001977,-10.487743982557017,4.6074254825550405,1965.3864200924859,1685.6135799075141,1825.5,279.77284018497176,-31.553398058252426,72.05004768617333,53.1976366349213,109.75486978867737,19.52098628805244,19.37046004842615,23.123486682808714,25.162597809816425,53.60943710732146,1914.0,1965.0,1731.0,0,0,1000728.2,60439007,1827.139339283134,0.3611111111111111,0.6388888888888888,0.1388888888888889,21378527.777777776,-5.903307888040676,-11.908396946564881,-0.5644519215042532,-2.9115854700679384,65.41495378967366,46.13149034201666,2.0,0.4,657614.3,-7383.0,-1.5626852024315463,0.2814106959458482,1.873904697079158,0.2,1.0
2024-01-26,,,,1837.2,1791.4,1823.4,1804.5833333333333,1817.8879285084583,55.357142857142854,49.45945945945946,-2.3470967093589934,-8.859614527917413,6.51251781855842,1960.376986157594,1686.4230138424061,1823.4,273.9539723151879,-22.950819672131146,76.5143777823434,60.969883684062005,107.60336597890621,16.01780368877939,20.645161290322584,21.161290322580644,23.040836479951963,66.51557908823786,1914.0,1965.0,1731.0,0,0,1004199.0,60439007,1825.4227839800676,0.65,0.35,0.0,22994375.0,-5.903307888040676,-11.908396946564881,-0.6205679735978276,-2.9115854700679384,65.41495378967366,46.13149034201666,2.0,0.4,637551.95,30701.0,6.6013292536870605,0.2813931276184456,1.9792564732112687,0.3,0.0
2024-01-29,,,,1845.0,1804.7,1820.95,1807.7,1822.2795543647958,57.642857142857146,50.39787798408487,1.6444257386874597,-6.758806474596439,8.4032322132839,1952.83747197188,1689.0625280281201,1820.95,263.7749439437598,-26.41509433962264,75.2814298484231,65.74039907218237,94.36349140090456,40.14561969096535,26.889714993804212,20.322180916976453,21.824517525346153,100.0,1708.0,1965.0,1731.0,0,0,1012234.5,61534365,1824.4440628299735,0.3,0.7,0.1875,13691975.0,-5.13994910941471,-11.908396946564881,-0.7475613455373429,-2.9115854700679384,65.41495378967366,46.13149034201666,2.0,0.4,619284.45,23909.0,4.82256027948218,0.2766005261335067,1.840520860200322,0.6,0.0
2024-01-30,,,,1851.0,1813.6,1818.9,1810.5166666666667,1823.8719777586248,52.214285714285715,61.68831168831169,2.758645027171724,-4.855316174242807,7.613961201414531,1948.171480959449,1689.6285190405513,1818.9,258.5429619188976,-38.20754716981132,70.41415711577721,67.29831842004731,76.64583450723703,23.54618255822586,29.68536251709986,10.943912448700411,25.102642817522966,100.0,1920.0,1965.0,1731.0,0,0,1014099.95,60852467,1823.5924416687594,0.09090909090909091,0.9090909090909091,0.5681818181818182,15497681.818181818,-6.412213740457961,-11.908396946564881,-0.6153914632998301,-2.9115854700679384,65.41495378967366,46.13149034201666,2.0,0.4,601465.05,-15812.0,-3.0426240612065447,0.2714296805803399,1.7805614262021106,0.6,0.0
2024-01-31,,,,1848.4,1824.3,1812.7,1813.0333333333333,1825.503217972089,50.92857142857143,59.310344827586206,3.7597154665577364,-3.132309846082699,6.892025312640435,1922.96494408792,1702.43505591208,1812.7,220.52988817583991,-37.264150943396224,66.41645562104446,67.00436415371303,65.24063855570733,19.602631266611265,30.434782608695652,11.921458625525945,26.796114908346052,92.00518600614791,1708.0,1910.0,1731.0,0,0,984907.5,61555173,1816.4717772142728,0.625,0.375,0.0625,21959562.5,-3.612565445026128,-11.908396946564881,-2.4966379973621415,-2.9115854700679384,65.41495378967366,46.13149034201666,1.0,0.4,580965.3,9337.0,1.85305365857531,0.2504542946622247,1.6680771508044216,0.6,0.0
2024-02-01,,,,1834.2,1826.6,1806.1,1814.5333333333333,1820.9791019747472,50.785714285714285,56.39344262295082,-0.5244568725734098,-2.610739251380841,2.0862823788074314,1907.2697895409717,1704.930210459028,1806.1,202.3395790819436,-66.98113207547169,48.92410172716096,60.977610011529,24.81708515842486,-12.314658912174627,30.520393811533054,15.471167369901547,26.3922836510725,82.1984511228862,1920.0,1879.0,1731.0,0,0,987703.2,60513466,1809.7101549669305,0.13513513513513514,0.8648648648648649,0.8513513513513513,14077121.621621622,-5.375199574241563,-11.908396946564881,-2.6862368668516057,-3.503502961529735,65.41495378967366,46.13149034201666,1.0,0.35,560172.6,-51392.0,-10.013873517170424,0.2315938132443702,1.788241828110829,0.6,0.0
2024-02-02,,,,1817.4,1827.3,1800.4,1815.5666666666666,1815.6477589295332,50.42857142857143,55.48387096774194,-4.912062473059905,-3.071003895716654,-1.8410585773432508,1897.0194924213763,1703.7805075786239,1800.4,193.23898484275242,-75.24271844660194,34.05639703621431,52.00387235309078,-1.8385535975386347,-31.76264578149136,30.73654390934844,15.722379603399434,26.034793354557817,79.14043701950354,1920.0,1864.0,1731.0,0,0,968265.7,59788288,1803.4111601805166,0.2,0.8,0.37142857142857144,20719371.428571425,-5.311158798283255,-11.908396946564881,-2.356087721788113,-3.503502961529735,65.41495378967366,46.13149034201666,1.0,0.3,538357.9,-25527.0,-5.527526114296599,0.20348308383499497,1.7496258560301161,0.7,-1.0
2024-02-05,,,,1800.2,1822.6,1796.65,1816.05,1812.0622580791014,50.142857142857146,54.60526315789474,-7.2566302515258485,-3.908129166878493,-3.3485010846473555,1890.4544438402856,1702.8455561597145,1796.65,187.60888768057112,-68.93203883495146,26.8194910282581,43.60907857814656,-6.759684071518819,-18.594345164409784,29.2022792022792,15.81196581196581,26.127046989571564,76.18652452842234,1714.0,1864.0,1731.0,0,0,930362.25,60413396,1798.2151197199444,0.375,0.625,0.325,15627700.0,-4.613733905579376,-11.908396946564881,-1.5092129399713348,-3.503502961529735,65.05869693498559,46.13149034201666,1.0,0.3,517376.85,-15312.0,-3.509600287882575,0.16687853044183076,1.6250569800735875,0.4,-1.0
2024-02-06,,,,1792.0,1821.5,1793.5,1817.5666666666666,1810.7229954049012,50.42857142857143,60.38961038961039,-7.415404092186918,-4.609584151940179,-2.8058199402467396,1882.3037457719693,1704.6962542280307,1793.5,177.60749154393852,-59.22330097087379,26.71500205096725,37.97771973575346,4.1895666813948225,-6.935111846085814,29.320113314447593,16.572237960339944,26.111173973698545,95.63371740448756,1714.0,1864.0,1731.0,0,0,913949.85,61168883,1793.860895886866,0.7333333333333333,0.26666666666666666,0.3333333333333333,12591450.0,-3.5407725321888184,-11.908396946564881,-1.2197545104139993,-3.503502961529735,64.66802109861601,46.13149034201666,1.0,0.35,500319.35,7706.0,1.830503804245831,0.12965186050515293,1.7068620992170227,0.5,-1.0
2024-02-07,,,,1788.2,1818.3,1796.25,1820.0666666666666,1811.7969958425297,49.857142857142854,60.77170418006431,-5.540763607323925,-4.795820043016928,-0.7449435643069968,1885.0048367842921,1707.4951632157079,1796.25,177.50967356858428,-51.578947368421055,31.46461984120708,35.80668643757133,22.780486648478586,17.947382443000826,31.51862464183381,15.472779369627508,26.25837254270486,96.91833109416405,1714.0,1864.0,1731.0,0,0,874189.3,61701633,1794.0434441754587,0.8837209302325582,0.11627906976744186,0.5581395348837209,12389534.883720929,-2.253218884120156,-11.908396946564881,1.602360430927989,-2.7228653924307613,64.66802109861601,46.13149034201666,0.0,0.4,487035.75,-27041.0,-6.307924503654217,0.11370500004724474,1.6982996800493104,0.2,0.0
2024-02-08,,,,1794.8,1814.5,1797.45,1822.1666666666667,1811.7210914765744,50.642857142857146,58.307210031347964,-4.886378456991679,-4.813931725811878,-0.0724467311798005,1886.3271476162229,1708.5728523837772,1797.45,177.75429523244566,-65.66265060240964,32.42219636000151,34.67852307838139,27.909542923241744,26.031238275067388,33.70944992947814,15.232722143864597,26.403935090490542,88.63260910478658,1920.0,1864.0,1731.0,0,0,849073.25,61148495,1796.041968561998,0.16666666666666666,0.8333333333333334,0.2619047619047619,13169952.380952382,-2.843347639484972,-11.908396946564881,0.7696837477964124,-2.7228653924307613,64.66802109861601,46.13149034201666,0.0,0.45,473466.65,-54368.0,-13.536432942769927,0.11547586972488015,1.5657245802816866,0.2,0.0
2024-02-19,,,,1789.8,1803.6,1797.5,1822.75,1804.8905113359483,49.857142857142854,36.8421052631579,-9.98181597787675,-5.847508576224853,-4.134307401651896,1886.2397140072023,1708.7602859927977,1797.5,177.47942801440468,-96.7741935483871,22.994107918161927,30.783718024974903,7.414887704535971,-47.57528589586263,22.492836676217763,25.501432664756447,26.397914771915357,16.466119817433224,1920.0,1864.0,1731.0,0,0,806173.65,60609998,1798.7435649875185,0.0967741935483871,0.9032258064516129,1.1451612903225807,8685435.483870968,-6.652360515021449,-11.908396946564881,0.15955181114089617,-3.4469748663112796,64.66802109861601,45.54936909806119,0.0,0.45,464128.85,44680.0,12.86592143379579,0.11121034864375026,1.5080700823055144,-0.1,0.0
2024-02-20,,,,1771.6,1785.9,1795.3,1822.2333333333333,1793.6628435896675,52.142857142857146,33.05555555555556,-18.088135220987624,-8.295633905177407,-9.792501315810217,1892.7368351398995,1697.8631648601004,1795.3,194.87367027979917,-97.48953974895397,16.492195976449036,26.019877342132947,-2.5631667549187895,-102.0994507538014,21.50684931506849,31.643835616438356,25.379259887281087,0.0,1920.0,1864.0,1687.0,0,1,799512.35,59773344,1797.9642557116222,0.1,0.9,0.8833333333333333,13944233.333333334,-9.49570815450641,-11.755725190839694,-0.9348297478641474,-3.4469748663112796,62.268496376145116,44.28176821712026,0.0,0.45,459864.3,88118.0,22.48171979364926,0.10010161863170224,1.5596439876375752,-0.2,0.0
2024-02-21,,,,1745.8,1768.9,1791.25,1820.6833333333334,1781.790191819223,51.285714285714285,22.222222222222214,-25.669004881875026,-11.770308100516932,-13.898696781358094,1902.3855265571387,1680.1144734428613,1791.25,222.2710531142775,-97.28682170542636,12.262913259661676,21.434222647975858,-6.079705516966683,-107.41674017710544,16.991643454038996,34.261838440111426,26.236583493051903,0.0,1920.0,1864.0,1669.0,0,1,799184.1,58852262,1794.1811615955157,0.12727272727272726,0.8727272727272727,0.32727272727272727,16746945.454545453,-10.461373390557915,-11.755725190839694,-1.8526376336367003,-3.4469748663112796,61.32789035069165,43.07032150634046,0.0,0.45,459554.1,33472.0,6.972287490209794,0.099286470238733,1.5658910506289443,-0.6,0.0
2024-02-22,,,,1720.0,1754.1,1789.2,1819.7,1773.3339830745351,51.142857142857146,27.840909090909093,-29.401378492178765,-15.2965221788493,-14.104856313329465,1906.142811034309,1672.257188965691,1789.2,233.88562206861798,-87.98449612403101,13.791217535426625,18.886554277126116,3.6005440520276437,-93.9653219272201,15.36312849162011,34.357541899441344,28.33446480441636,14.236745886654502,1662.0,1864.0,1669.0,0,0,788977.3,59517073,1792.271178672272,0.8529411764705882,0.14705882352941177,0.7058823529411765,19553264.70588235,-9.173819742489231,-10.687022900763344,-0.8487138976530875,-3.4469748663112796,60.931767529573115,41.13044001685427,0.0,0.45,458755.95,-25077.0,-4.883125886000029,0.09795089903752274,1.5728080848730674,-0.6,0.0
2024-02-23,,,,1696.8,1745.8,1786.2,1819.1333333333334,1765.8736037341032,49.857142857142854,28.248587570621467,-31.831000226836068,-18.603417788446656,-13.227582438389412,1909.7298387135918,1662.6701612864083,1786.2,247.0596774271835,-87.20930232558139,15.172405893182969,17.648504815811734,10.22020804792544,-77.03606855804895,17.335243553008596,33.3810888252149,30.506168388549323,15.269730114956786,1662.0,1864.0,1669.0,0,0,771958.9,60069527,1791.6150175654861,0.36363636363636365,0.6363636363636364,0.09090909090909091,25111545.454545457,-9.066523605150167,-10.534351145038146,-1.319348301167111,-3.4469748663112796,60.86492034730878,37.83612706599461,0.0,0.45,458528.75,-14789.0,-3.0276354390368243,0.09779833355381362,1.4875095144098023,-0.8,0.0
2024-02-26,,,,1684.8,1737.3,1782.3,1818.0333333333333,1757.6951652832363,47.142857142857146,24.01129943502825,-34.56838477419615,-21.796411185596554,-12.771973588599593,1914.2187947982657,1650.3812052017342,1782.3,263.8375895965314,-90.8675799086758,13.699166652802983,16.332058761475484,8.433382435457979,-82.08218054678628,9.696969696969695,39.3939393939394,33.83353024609491,4.533201127877812,1879.0,1864.0,1669.0,0,0,782489.1,59244756,1787.414084319726,0.47619047619047616,0.5238095238095238,0.35714285714285715,19637404.761904765,-9.871244635193078,-10.461373390557915,-1.758808987036106,-3.4469748663112796,60.46602914770118,36.78551216751556,0.0,0.45,459403.5,6128.0,1.293705850810034,0.09815110769397492,1.556527436205689,-0.8,0.0
2024-02-27,,,,1690.6,1731.1,1776.85,1817.7666666666667,1753.7241971610233,47.07142857142857,33.150684931506845,-33.44732269849055,-24.126593488175356,-9.320729210315196,1910.3380637280684,1643.3619362719314,1776.85,266.97612745613696,-70.98445595854922,19.16862006244213,17.277579195131032,22.950701797064326,-54.81733417375552,12.898330804248861,38.69499241274659,34.11010552267019,28.349181763936677,1660.0,1864.0,1669.0,0,0,758801.4,60036174,1781.5843154304494,0.8157894736842105,0.18421052631578946,0.9473684210526315,20826789.47368421,-7.939914163090078,-10.461373390557915,-2.6802245913298686,-3.4469748663112796,60.46602914770118,36.448957918491956,0.0,0.45,461569.1,15124.0,3.1521073100378105,0.09908132270416513,1.527783960056801,-0.4,0.0
2024-02-28,,,,1685.4,1715.6,1768.55,1816.05,1743.1790355266403,50.357142857142854,27.293577981651367,-38.01119346312589,-26.903513483165465,-11.107679979960427,1913.750369725407,1623.349630274593,1768.55,290.40073945081394,-99.02439024390245,13.104283293660608,15.886480561307557,7.539888758366708,-75.5045029035044,12.056737588652483,40.42553191489362,34.84906586427953,13.155444643783314,1846.0,1864.0,1643.0,0,1,778514.25,58910934,1772.0019771207355,0.02564102564102564,0.9743589743589743,0.9358974358974359,14426153.846153846,-11.85622317596563,-11.85622317596563,-3.7664316155948927,-3.937165586116441,60.46602914770118,35.666272558131006,0.0,0.45,469662.45,109122.0,22.047966379083906,0.11799747655150031,1.5416320079014931,-0.4,0.0
2024-02-29,,,,1675.8,1697.9,1758.1,1814.3833333333334,1733.82865119077,47.285714285714285,32.266666666666666,-40.99415553270478,-29.721641893073333,-11.272513639631448,1907.4309993551055,1608.7690006448943,1758.1,298.66199871021126,-89.73214285714286,13.142319130639638,14.971760084418252,9.483437223082415,-83.27438723814699,12.839879154078549,37.91540785498489,36.0407122476035,26.055977757182585,1622.0,1864.0,1643.0,0,0,782080.45,59894884,1759.983686908425,0.7419354838709677,0.25806451612903225,0.06451612903225806,31740322.580645163,-11.748927038626555,-11.85622317596563,-5.043247492528799,-3.937165586116441,60.46602914770118,34.14815449336608,0.0,0.4,475874.0,-7365.0,-1.2192658910160081,0.13088617356359306,1.5992333760049657,-0.4,0.0
2024-03-01,,,,1667.0,1681.9,1748.2,1811.8,1725.9402082202205,47.07142857142857,34.51086956521739,-42.38543173499352,-32.25439986145737,-10.131031873536145,1898.4077158294808,1597.9922841705193,1748.2,300.41543165896155,-87.05357142857143,16.88479538681298,15.609438518549826,19.43550912333928,-68.56428365631734,14.871016691957513,36.57056145675266,36.74541351079819,31.877593987992114,1622.0,1864.0,1643.0,0,0,779858.85,60620079,1750.3285634530746,0.53125,0.46875,0.1875,22662343.75,-11.427038626609376,-11.85622317596563,-4.7385620271397135,-3.937165586116441,60.20541211776271,34.14815449336608,0.0,0.35,481287.3,-23348.0,-3.9129392797228713,0.136918706882088,1.6189444618235052,-0.4,0.0
2024-03-04,,,,1661.0,1672.9,1738.25,1809.4833333333333,1718.7078074373424,47.785714285714285,32.02247191011236,-43.07221016430822,-34.417961922027544,-8.654248242280673,1886.6972261355572,1589.8027738644428,1738.25,296.89445227111446,-82.3529411764706,23.430443301353577,18.216440112817743,33.858449678425245,-68.73773101650289,13.153961136023916,39.9103139013453,38.22224920852887,25.422519811310938,1846.0,1864.0,1643.0,0,0,783278.05,59631920,1737.726644580427,0.84,0.16,0.02,19763180.0,-11.48068669527892,-11.85622317596563,-4.76706782582038,-3.937165586116441,60.20541211776271,33.51854902176101,0.0,0.3,486069.6,18081.0,3.1536316210828197,0.1446823873814446,1.6093158198824462,-0.4,0.0
2024-03-05,,,,1645.4,1668.0,1726.95,1804.8166666666666,1711.021349586167,46.42857142857143,27.01149425287356,-44.076697991670926,-36.349709135956225,-7.726988855714701,1869.3777841019198,1584.5222158980803,1726.95,284.85556820383954,-87.39495798319328,24.315947708148762,20.249609311261416,32.44862450192345,-58.34137855820364,14.153846153846153,39.692307692307686,39.625877326442705,12.423700105461645,1846.0,1841.0,1638.0,0,1,774262.55,58716872,1722.7183278678099,0.14634146341463414,0.8536585365853658,0.2926829268292683,22318243.902439024,-11.02661596958171,-11.85622317596563,-5.516375745880697,-3.937165586116441,59.48014837202913,33.353905722918064,0.0,0.25,490415.25,15176.0,2.5660275269689947,0.1530120659012654,1.5912050645522986,-0.8,0.0
2024-03-06,,,,1645.6,1665.5,1717.2,1800.7666666666667,1704.6383639112937,45.42857142857143,23.03030303030303,-43.88275884796167,-37.856319078357316,-6.026439769604352,1853.914223646776,1580.485776353224,1717.2,273.4284472935519,-84.87394957983193,26.64541441412816,22.38154434555033,35.173154551283815,-60.45119621960781,12.421383647798743,42.45283018867924,41.09598105736131,2.239382239382263,1608.0,1841.0,1638.0,0,0,777498.9,59463497,1713.0092008061577,0.8275862068965517,0.1724137931034483,0.20689655172413793,25745689.65517241,-10.700706137968453,-11.85622317596563,-4.754096880173196,-3.937165586116441,58.7089158123641,33.131659056316586,0.0,0.2,496147.3,11916.0,1.964404644936657,0.16187638557728895,1.4600673101709183,-0.4,0.0
2024-03-07,,,,1639.8,1657.8,1705.95,1796.7833333333333,1696.196614967361,46.642857142857146,21.902017291066286,-45.46434203909598,-39.377923670505055,-6.086418368590927,1836.6686210710193,1575.2313789289808,1705.95,261.4372421420385,-95.74468085106383,20.08245018912892,21.615179626743195,17.01699131390037,-61.057057781226106,11.944869831546706,43.18529862174579,42.44701714903141,0.0,1796.0,1822.0,1616.0,0,1,792300.05,58464768,1702.2407547914877,0.13559322033898305,0.864406779661017,0.4745762711864407,16927610.169491526,-11.306256860592722,-11.85622317596563,-5.5139399981147195,-3.937165586116441,58.558558558558566,32.897777777777776,0.0,0.15,503135.0,34450.0,5.569819178932667,0.17415600421307745,1.4361701418878106,-0.5,0.0
2024-03-08,,,,1633.2,1650.1,1697.95,1792.7666666666667,1688.7493183038027,43.0,28.057553956834525,-46.02581784936797,-40.707502506277635,-5.318315343090333,1829.6825440347463,1566.2174559652537,1697.95,263.4650880694926,-91.11111111111111,16.807103544889365,20.012487599458584,10.396335435750927,-63.495870089963724,12.956810631229235,35.548172757475086,45.3260661311268,48.819167136944365,1606.0,1822.0,1616.0,0,0,786062.25,59381719,1691.1536554091826,0.46153846153846156,0.5384615384615384,0.07692307692307693,35267346.15384616,-11.196487376509312,-11.85622317596563,-4.2425067602970685,-3.937165586116441,58.40431871560276,32.23,0.0,0.15,513799.4,22142.0,3.391008971425591,0.18489585965197286,1.4548449735715294,-0.2,0.0
2024-03-11,,,,1617.6,1639.3,1688.3,1787.3333333333333,1677.6303356082026,43.785714285714285,28.782287822878217,-49.61072547451704,-42.48814709992551,-7.1225783745915265,1827.420697313606,1549.1793026863938,1688.3,278.24139462721223,-89.88095238095238,14.660020249438439,18.228331816118537,7.523397116078243,-79.46383976810777,12.724306688417618,34.58401305057096,47.264261245646125,54.56698502144318,1723.0,1822.0,1572.0,0,1,802564.05,58326505,1680.4787261112267,0.23943661971830985,0.7605633802816901,0.647887323943662,14862169.014084507,-13.72118551042808,-13.72118551042808,-4.986884499182113,-3.937165586116441,58.31891977605113,32.071161048689135,0.0,0.15,528473.9,54675.0,8.098752192254821,0.19789186410754492,1.409867356796563,-0.2,0.0
2024-03-12,,,,1609.6,1627.5,1679.3,1781.45,1670.0464941217072,42.42857142857143,37.27598566308244,-49.77997531787332,-43.94651274351507,-5.833462574358251,1817.2719269690397,1541.3280730309602,1679.3,275.9438539380794,-74.4047619047619,21.92023948832619,19.45896770685442,26.842783051269727,-66.74534357054506,13.13131313131313,32.49158249158249,47.8885306870983,100.00000000000001,1555.0,1822.0,1572.0,0,0,811499.7,59130326,1672.2121746933485,0.75,0.25,0.7222222222222222,22328361.11111111,-12.294182217343563,-13.72118551042808,-4.464457159935286,-3.937165586116441,58.28275719901336,32.071161048689135,0.0,0.15,541331.45,-51651.0,-7.077622129439187,0.19666270171630007,1.3452386205196984,-0.1,0.0
2024-03-13,,,,1595.8,1620.7,1668.15,1776.0166666666667,1660.9944470624969,42.357142857142854,28.77697841726618,-51.18004314024188,-45.39321882286043,-5.786824317381445,1801.704286222464,1534.5957137775363,1668.15,267.10857244492763,-88.0952380952381,20.263210506341753,19.727048640016864,21.335534238991535,-67.89012651249956,13.15345699831366,32.88364249578415,48.22102323467914,44.718194807228585,1723.0,1822.0,1572.0,0,0,808122.75,58442378,1662.9288609929617,0.18181818181818182,0.8181818181818182,0.696969696969697,20846909.090909094,-13.556531284302942,-13.72118551042808,-5.67055426072328,-3.937165586116441,57.26936388590525,32.006866416978774,0.0,0.1,554816.1,20248.0,2.985866974966389,0.19556185120594216,1.3008260665337086,-0.5,0.0
2024-03-14,,,,1586.8,1613.3,1655.6,1770.8666666666666,1652.423547342259,44.0,27.857142857142847,-52.01280233850548,-46.71713552598945,-5.295666812516032,1774.669020231619,1536.5309797683808,1655.6,238.1380404632382,-90.47619047619048,18.028581015527273,19.160892765187,15.763957516207817,-69.20215291113489,10.876623376623376,33.76623376623377,49.62347389136708,38.735123046799934,1723.0,1811.0,1571.0,0,1,834788.8,57376307,1652.653373523938,0.3333333333333333,0.6666666666666666,0.08888888888888889,23690466.666666668,-13.252346769740441,-13.72118551042808,-6.580224164857017,-3.937165586116441,56.84729575417835,31.3120131201312,0.0,0.05,568132.5,-30406.0,-4.35381513683174,0.18481440124999607,1.3141161008416296,-0.2,0.0
2024-03-15,,,,1583.8,1608.5,1645.2,1767.05,1647.7165428334727,44.857142857142854,37.03703703703703,-49.51980396291674,-47.27766921337491,-2.242134749541833,1741.2232428001926,1549.1767571998075,1645.2,192.04648560038504,-71.42857142857143,25.578376044249815,21.30005385820794,34.135020416333575,-46.696060575987445,14.490445859872612,28.821656050955415,47.66593161519735,98.44575830869833,1555.0,1740.0,1571.0,0,0,866022.15,58554112,1643.9672824188158,0.47619047619047616,0.5238095238095238,0.7619047619047619,28042976.19047619,-7.873563218390789,-13.72118551042808,-5.071330443488845,-3.937165586116441,56.47570084392279,31.3120131201312,0.0,0.0,582685.1,-29644.0,-4.437923858855941,0.15816850847532538,1.4114980742428034,-0.5,0.0
2024-03-18,,,,1576.2,1596.9,1634.9,1762.05,1636.8863958969514,47.92857142857143,22.424242424242422,-52.50654536138222,-48.32344444297637,-4.183100918405856,1732.291018714692,1537.5089812853082,1634.9,194.78203742938376,-96.8586387434555,18.491099617029853,20.363735777815243,14.745827295459073,-88.18658331984915,10.432190760059612,35.17138599105812,47.969386330416775,3.396814150643727,1719.0,1716.0,1534.0,0,1,921487.9,56906300,1633.0475699319186,0.06976744186046512,0.9302325581395349,0.8023255813953488,19160604.65116279,-10.606060606060607,-13.72118551042808,-5.130818846549551,-4.256596751138239,55.665785298783724,28.78122594175581,1.0,0.0,597461.75,49161.0,7.701550618336084,0.13930865655947636,1.6016833551474725,-0.5,-1.0
2024-03-19,,,,1567.2,1588.4,1628.2,1757.6833333333334,1628.897215335337,45.142857142857146,33.69565217391303,-52.73255021361183,-49.20526559710346,-3.5272846165083678,1728.8810492802893,1527.5189507197108,1628.2,201.3620985605785,-82.75862068965517,18.322603581617024,19.683358379082502,15.601093986686067,-86.38772206867539,11.075949367088606,30.379746835443033,47.43444571914028,76.71171552761638,1528.0,1716.0,1534.0,0,0,922350.8,57760212,1626.0306466006934,0.6153846153846154,0.38461538461538464,0.48717948717948717,21895179.487179488,-9.498834498834508,-13.72118551042808,-3.4189011505316245,-4.256596751138239,54.780984719864186,28.78122594175581,1.0,0.0,606642.8,-23794.0,-3.46101089911518,0.1312988410511934,1.6219341546271049,-0.5,-1.0
2024-03-20,,,,1559.4,1577.6,1621.55,1753.6666666666667,1620.0498614938763,45.785714285714285,31.271477663230243,-53.664804155232105,-50.09717330872919,-3.567630846502915,1728.2724141601934,1514.8275858398065,1621.55,213.44482832038693,-94.48275862068965,14.779171618513914,18.04862945889297,8.240255937755798,-78.79457018692788,11.700468018720748,26.98907956318253,46.72811479967572,60.94366883971442,1673.0,1716.0,1534.0,0,0,918083.45,56924477,1619.6076728645965,0.075,0.925,0.425,20893375.0,-10.4895104895105,-13.72118551042808,-3.4298211401168266,-4.256596751138239,54.780984719864186,28.78122594175581,1.0,0.0,614498.1,6957.0,1.0482256103349075,0.12646106009739735,1.6741518542737919,-0.5,-1.0
2024-03-21,,,,1556.2,1571.5,1614.65,1749.7833333333333,1613.8546365896975,46.714285714285715,34.21052631578948,-52.267968307154206,-50.5313323084142,-1.736635998740006,1719.7540086369122,1509.545991363088,1614.65,210.20801727382423,-80.82191780821918,19.2803905066187,18.45921647480155,20.922738570253003,-67.28696897491393,9.480122324159021,27.370030581039757,47.18274529873761,80.06071514448581,1527.0,1716.0,1534.0,0,0,924342.25,57714464,1614.3385542530377,0.6222222222222222,0.37777777777777777,0.4222222222222222,17555266.666666668,-9.382284382284379,-13.72118551042808,-3.5356632529612644,-4.256596751138239,54.780984719864186,28.78122594175581,1.0,0.0,623110.75,-9930.0,-1.4806530977410026,0.11614099248363512,1.5940837167915052,-0.7,0.0
2024-03-22,,,,1541.8,1562.8,1606.45,1745.1333333333334,1605.9637188192503,46.785714285714285,31.804281345565755,-52.4924647987491,-50.92355880648118,-1.568905992267915,1710.7460866196784,1502.1539133803217,1606.45,208.59217323935673,-94.03973509933775,15.766215030302435,17.56154932663518,12.175546437636946,-70.11940938549874,9.618320610687023,24.122137404580155,46.65159459360182,64.40929117900143,1673.0,1716.0,1531.0,0,1,950217.5,56644505,1607.862882445335,0.17647058823529413,0.8235294117647058,0.47058823529411764,20979588.23529412,-10.780885780885773,-13.72118551042808,-4.226605644489987,-4.256596751138239,54.780984719864186,28.78122594175581,1.0,0.0,634332.65,37396.0,5.659886184768137,0.1024758741914432,1.531581980500523,-0.8,0.0
2024-03-25,,,,1532.8,1554.5,1596.9,1738.3833333333334,1594.824317026941,47.714285714285715,29.13165266106442,-55.42057498676536,-51.82296204253802,-3.597612944227336,1707.6199406752307,1486.1800593247694,1596.9,221.4398813504613,-93.6842105263158,13.213512722904326,16.112203792058228,7.416130584596523,-98.99539407832309,7.185628742514969,30.389221556886227,47.674767209261624,47.0251739502573,1673.0,1716.0,1489.0,0,1,967283.6,55478412,1598.1770264687627,0.22641509433962265,0.7735849056603774,0.7924528301886793,22001754.71698113,-13.228438228438232,-13.72118551042808,-4.851360739446632,-4.256596751138239,54.780984719864186,28.78122594175581,1.0,0.0,646572.6,26489.0,3.794355092849888,0.08803400419764441,1.374065608806088,-0.8,0.0
2024-03-26,,,,1520.4,1543.8,1585.65,1731.3833333333334,1584.936286833899,47.857142857142854,28.328611898016987,-56.92356074675763,-52.84308178338195,-4.080478963375683,1691.01008432224,1480.2899156777603,1585.65,210.7201686444796,-88.0,13.872299621176724,15.36556906843106,10.885760726668053,-101.5553418085321,7.164179104477612,30.000000000000004,48.15462359756556,41.801794120042885,1467.0,1651.0,1489.0,0,0,967518.0,56274518,1589.0427561382148,0.7741935483870968,0.22580645161290322,0.06451612903225806,25680838.70967742,-9.691096305269554,-13.72118551042808,-6.001812639375901,-4.256596751138239,54.780984719864186,28.68730511341634,1.0,0.0,657170.6,-17715.0,-2.4447802595897072,0.06977995770042171,1.3419860607302725,-0.8,0.0
2024-03-27,,,,1508.0,1533.7,1577.2,1724.75,1574.3709261830513,47.142857142857146,29.239766081871338,-58.80853750177471,-54.036172927060505,-4.772364574714203,1690.0363509921842,1464.3636490078159,1577.2,225.67270198436836,-95.75757575757575,10.724992996396299,13.818710377752806,4.5375582336832885,-89.0973755833019,7.424242424242424,28.636363636363633,48.30868522221541,45.890395140989774,1632.0,1651.0,1474.0,0,1,958763.2,55324374,1579.3396557843132,0.12244897959183673,0.8775510204081632,0.3469387755102041,19390693.87755102,-10.720775287704443,-13.72118551042808,-5.213496131976038,-2.916086725523141,54.780984719864186,28.68730511341634,1.0,0.0,660474.75,-36755.0,-5.199535995699467,0.06688909302260528,1.3763226558066444,-0.5,0.0
2024-03-28,,,,1488.0,1522.1,1567.7,1717.75,1563.0022665465704,47.642857142857146,27.298050139275773,-61.13085789386196,-55.4551099204208,-5.675747973441155,1688.232328050325,1447.1676719496752,1567.7,241.0646561006497,-99.4186046511628,7.3583286642642,11.665249806589937,-1.2555136203872728,-93.58816039865515,7.346326836581708,30.13493253373313,49.32473218894732,32.81640166177567,1632.0,1651.0,1455.0,0,1,948287.45,54549939,1571.5373152588559,0.030303030303030304,0.9696969696969697,0.5757575757575758,23467727.272727273,-11.871592973955192,-13.72118551042808,-5.905619051378816,-2.916086725523141,54.780984719864186,28.312607032537883,1.0,0.0,664253.25,2122.0,0.31665261477165085,0.06261425513282083,1.3675920173838025,-0.6,0.0
2024-03-29,,,,1476.0,1508.9,1558.7,1710.8,1554.2401459230875,45.785714285714285,34.65045592705167,-60.977338452974436,-56.559555626931534,-4.417782826042902,1679.9220233593558,1437.4779766406443,1558.7,242.44404671871143,-81.05263157894737,13.601204616755842,12.31056807664524,16.182477696977045,-85.35309511225933,7.644305772230889,26.365054602184088,49.9560875466551,82.32174032497052,1435.0,1650.0,1455.0,0,0,963916.2,55587709,1562.6767411766014,0.8,0.2,0.35555555555555557,23061555.555555556,-10.848484848484862,-13.72118551042808,-5.4381378744261,-2.916086725523141,54.780984719864186,28.312607032537883,1.0,0.0,667628.0,-31423.0,-4.674254042724735,0.05424845862324734,1.3849455163834168,-0.5,-1.0
2024-04-01,,,,1475.6,1504.2,1550.55,1704.0666666666666,1547.836322501841,46.285714285714285,32.60188087774294,-58.88580796848464,-57.02480609524216,-1.8610018732424791,1667.7784768707725,1433.3215231292274,1550.55,234.45695374154502,-72.63157894736842,21.627856217933843,15.416330790408107,34.05090707298532,-67.82638182138692,8.950617283950619,26.080246913580247,50.417748550930334,69.64881614492293,1435.0,1644.0,1455.0,0,0,958091.05,56459365,1554.724170161072,0.9534883720930233,0.046511627906976744,0.37209302325581395,20271069.767441858,-9.549878345498797,-13.72118551042808,-4.772436396591485,-2.916086725523141,54.780984719864186,28.312607032537883,1.0,0.0,668475.65,-32461.0,-5.065430361060741,0.05160677786671549,1.3496424834503844,-0.4,0.0
2024-04-02,,,,1470.4,1495.4,1541.9,1696.6,1539.9471489302373,46.92857142857143,32.704402515723274,-58.33106689979877,-57.28605825615349,-1.0450086436452821,1657.4779982703365,1426.3220017296637,1541.9,231.15599654067273,-84.21052631578948,21.6649476235501,17.499203068122107,29.99643673440609,-62.989015955176605,10.197869101978691,25.41856925418569,50.409027113637464,70.35040431266853,1625.0,1644.0,1455.0,0,0,944048.95,55825159,1547.474715320641,0.21428571428571427,0.7857142857142857,0.5238095238095238,15100142.857142856,-10.888077858880795,-13.72118551042808,-5.086592091367883,-2.916086725523141,54.780984719864186,28.312607032537883,1.0,0.0,667335.15,-24587.0,-4.041435106423197,0.05535714837177411,1.3416741024450527,-0.2,0.0
2024-04-03,,,,1468.8,1488.4,1533.0,1689.7,1532.904563317834,45.214285714285715,33.33333333333333,-57.15192712348039,-57.25923202961887,0.10730490613848076,1642.7403634420273,1423.2596365579727,1533.0,219.48072688405455,-83.6842105263158,21.931221121014076,18.976542419086094,27.84057852487004,-60.55038300210851,10.584518167456556,24.328593996840443,49.55858343966438,74.65437788018433,1435.0,1618.0,1455.0,0,0,932659.95,56344004,1541.7003769523217,0.23809523809523808,0.7619047619047619,0.047619047619047616,24706904.761904765,-9.394313967861567,-13.72118551042808,-5.248309511398336,-2.916086725523141,54.780984719864186,28.312607032537883,1.0,0.0,662379.85,-64380.0,-11.028013689948024,0.07342098254044435,1.2578901486539824,-0.4,0.0
2024-04-08,,,,1488.8,1488.4,1529.95,1682.8666666666666,1535.0088906208973,48.0,43.54838709677419,-48.47708055088356,-55.502801733871806,7.025721182988249,1633.174793023304,1426.7252069766962,1529.95,206.4495860466077,-32.960893854748605,46.87887859680508,28.27732114499242,84.08199350043041,3.6970815282527143,17.857142857142858,22.916666666666668,48.081477998947946,100.0,1435.0,1618.0,1455.0,0,0,922631.75,57142169,1536.685481504403,0.9365079365079365,0.06349206349206349,1.4126984126984128,12669285.714285715,-3.8936959208900057,-13.72118551042808,-1.2081707654806533,-2.916086725523141,51.23935501884686,28.312607032537883,2.0,0.05,651632.2,-81397.0,-15.671170529412448,0.10729600895562429,1.3919430706025433,-0.3,1.0
2024-04-09,,,,1497.4,1486.7,1524.75,1676.2666666666667,1533.0080438950974,48.214285714285715,47.093023255813954,-44.39875824413798,-53.28199303592504,8.88323479178706,1619.4225659143613,1430.0774340856387,1524.75,189.34513182872251,-42.7536231884058,52.489144870988326,36.34792905365772,84.77157650564953,-28.732923935929495,17.777777777777775,19.111111111111107,44.46477027168033,100.0,1573.0,1603.0,1455.0,0,0,931489.2,56048069,1530.4567611376135,0.9230769230769231,0.07692307692307693,0.7884615384615384,21040384.615384616,-5.552089831565832,-13.72118551042808,-2.1319105141560604,-2.916086725523141,49.647143164384545,28.312607032537883,2.0,0.05,654087.45,286200.0,65.34112312760696,0.10950595322160768,1.370212349220355,-0.4,0.0
2024-04-10,,,,1503.6,1489.6,1522.05,1670.25,1531.5787063812786,48.142857142857146,44.680851063829785,-40.378434405586404,-50.70128130985732,10.322846904270918,1614.0922671783749,1430.007732821625,1522.05,184.08453435674983,-39.85507246376812,57.304591204314804,43.333483103876745,85.2468074051909,-3.29706591248771,21.21661721068249,19.139465875370917,41.5063540807765,87.81421839886784,1435.0,1603.0,1455.0,0,0,945601.0,57385519,1526.7583156461692,0.39473684210526316,0.6052631578947368,0.10526315789473684,35196052.631578945,-5.302557704304434,-13.556531284302942,-1.0898262461647445,-2.8213612376858674,47.56631049654306,28.312607032537883,2.0,0.05,654513.65,14094.0,1.9461232876144763,0.11019509492457738,1.4459630222083342,-0.1,0.0
2024-04-11,,,,1509.2,1489.8,1516.8,1664.25,1527.9045438687758,47.92857142857143,43.62017804154303,-38.76275693201387,-48.313576434288635,9.550819502274763,1602.3510927671355,1431.2489072328644,1516.8,171.10218553427103,-57.971014492753625,53.7944586523389,46.82047495336413,67.74242605028844,-19.140729629796034,20.566318926974667,21.311475409836063,38.81087053780127,82.45592356288954,1573.0,1603.0,1455.0,0,0,957607.05,56341577,1522.7069189810163,0.10810810810810811,0.8918918918918919,0.6756756756756757,28214648.64864865,-6.8621334996880945,-13.556531284302942,-2.2954498648519692,-2.8213612376858674,46.38830162085977,28.312607032537883,2.0,0.05,661836.95,86291.0,11.687748796903175,0.12310815678865428,1.4818910235564062,-0.4,0.0
2024-04-12,,,,1516.0,1492.4,1513.05,1658.2333333333333,1525.246968262226,47.07142857142857,41.53846153846154,-36.49676737941991,-45.95021462331489,9.453447243894985,1594.3278859026784,1431.7721140973215,1513.05,162.55577180535693,-52.89855072463768,53.33609071446249,48.992346873730256,62.02357839592696,-23.517094621220796,20.940819423368744,22.610015174506827,35.61694445000961,71.93953391777166,1435.0,1603.0,1455.0,0,0,974105.4,57359492,1519.2003561934878,0.696969696969697,0.30303030303030304,0.21212121212121213,30845909.090909094,-6.4254522769806695,-13.252346769740441,-1.6112151870412001,-2.8213612376858674,45.889597731703,28.312607032537883,2.0,0.05,668312.25,3288.0,0.3987416837861968,0.13362684091410987,1.5280152728428478,-0.1,0.0
2024-04-15,,,,1499.6,1494.2,1508.15,1653.3333333333333,1520.2710665229663,47.214285714285715,41.158536585365844,-36.459348016225704,-44.052041301897056,7.592693285671352,1586.480675579933,1429.8193244200672,1508.15,156.66135115986572,-69.35483870967742,43.52199557955317,47.168896442337896,36.228193853983726,-43.325215359072594,20.726172465960666,25.71860816944024,33.31428447346575,70.02023374565736,1559.0,1603.0,1455.0,0,0,978577.85,56203972,1513.5558727902946,0.41509433962264153,0.5849056603773585,0.5094339622641509,21802264.150943395,-8.109794135995019,-13.228438228438232,-2.1460779425997445,-2.8213612376858674,44.987105093488076,28.312607032537883,2.0,0.05,682239.65,118636.0,14.330061530507976,0.15952364950205583,1.4077261449187914,-0.2,0.0
2024-04-16,,,,1488.4,1492.9,1500.9,1647.85,1514.3404887588742,45.214285714285715,44.85049833887043,-37.21112090242741,-42.68385722200313,5.472736319575716,1568.352595439652,1433.447404560348,1500.9,134.90519087930397,-81.45161290322581,32.01766672270512,42.11848653579364,11.816027096528089,-63.10751696205748,21.642969984202214,20.22116903633491,29.14594435684329,88.67124040158483,1559.0,1555.0,1455.0,0,0,963167.05,55334383,1505.6286632036815,0.38461538461538464,0.6153846153846154,0.5769230769230769,33445730.769230764,-6.237942122186524,-13.228438228438232,-3.342984192084605,-2.8213612376858674,45.122822913520594,28.312607032537883,2.0,0.05,699820.85,43432.0,4.588607929273403,0.18300045701775244,1.2812592171715067,-0.2,0.0
2024-04-17,,,,1478.4,1491.0,1497.6,1643.3333333333333,1509.9271088770768,45.357142857142854,46.27831715210356,-36.578337597856944,-41.4627532971739,4.884415699316953,1564.6911398963969,1430.508860103603,1497.6,134.1822797927939,-73.38709677419355,28.529019194447095,37.58866408867813,10.409729405985019,-55.0860856516161,21.889763779527563,19.370078740157485,25.19316486373454,95.88427779662035,1435.0,1555.0,1455.0,0,0,924809.95,56215053,1498.8421036127477,0.7575757575757576,0.24242424242424243,0.30303030303030304,26686969.696969695,-5.5948553054662735,-13.228438228438232,-1.640414390242801,-2.641988402595032,46.22536040011769,28.312607032537883,1.0,0.05,716968.0,40480.0,4.089095408859023,0.2061067417494622,1.0898879167181839,-0.2,0.0
2024-04-18,,,,1482.2,1495.7,1495.55,1639.6833333333334,1510.12452707926,45.785714285714285,55.65476190476191,-32.1557485404544,-39.601352345829994,7.4456038053755975,1557.8480104435885,1433.2519895564114,1495.55,124.59602088717702,-37.903225806451616,38.84693233652794,38.0080868379614,40.524623333661026,6.077197958677485,25.585023400936034,19.188767550702032,22.01189235473094,100.0,1435.0,1555.0,1455.0,0,0,979921.5,58171196,1496.6288919571618,0.8545454545454545,0.14545454545454545,0.8,35566236.36363637,-2.765273311897143,-13.228438228438232,-0.8784648323604693,-2.641988402595032,46.441258372845645,28.312607032537883,1.0,0.1,731289.4,-80309.0,-7.793736595401923,0.21330578744831966,1.2484535952445586,-0.1,0.0
2024-04-19,,,,1482.8,1499.4,1493.9,1635.5666666666666,1509.4460006907589,45.785714285714285,57.36196319018405,-29.042258554848786,-37.48953358763375,8.447275032784965,1553.3710013365023,1434.4289986634979,1493.9,118.94200267300448,-45.16129032258065,46.30611815632475,40.77409727741585,57.37015991414256,24.281204685797885,26.365054602184088,17.004680187207487,19.210659055655913,99.99999999999999,1559.0,1555.0,1455.0,0,0,997807.35,56977744,1495.105758558169,0.3333333333333333,0.6666666666666666,0.2727272727272727,36165212.12121212,-3.344051446945373,-13.228438228438232,-0.6890509091134892,-2.641988402595032,47.56631049654306,28.312607032537883,1.0,0.15,746340.15,21544.0,2.2675006657046914,0.21992445871175775,1.2481962807293474,-0.5,0.0
2024-04-22,,,,1493.6,1496.6,1492.5,1632.1166666666666,1511.1178101487817,46.142857142857146,58.383233532934135,-24.35741872504559,-34.86311061511612,10.50569189007053,1547.0276366429075,1437.9723633570925,1492.5,109.05527328581502,-27.586206896551722,57.5374121042165,46.3618688863494,79.88849853995069,64.67702293543822,29.721362229102162,13.93188854489164,17.862397713250513,99.99999999999999,1443.0,1555.0,1455.0,0,0,1033348.85,58478561,1495.0789616046247,0.58,0.42,0.48,30016340.0,-1.8006430868167222,-13.228438228438232,-0.5459634909212556,-2.641988402595032,49.647143164384545,28.312607032537883,1.0,0.2,760828.2,-21184.0,-2.1801752661668394,0.22199796119791376,1.3198355716302752,-0.4,0.0
2024-04-23,,,,1505.0,1496.7,1491.7,1628.1166666666666,1511.4875425155644,45.57142857142857,54.24242424242424,-21.366647704828893,-32.163818033058675,10.797170328229782,1544.2841681193904,1439.1158318806097,1491.7,105.16833623878074,-37.93103448275862,61.215417593287185,51.313051788661994,81.02014920253757,64.25731288268916,28.683385579937305,14.106583072100316,16.802915974096024,83.87461918443805,1559.0,1555.0,1455.0,0,0,1030863.1,57458317,1493.910140800138,0.2571428571428571,0.7428571428571429,0.34285714285714286,29149828.57142857,-2.5723472668810365,-13.228438228438232,-0.25711364145550236,-2.641988402595032,51.16678723575276,28.312607032537883,1.0,0.25,772330.05,-22328.0,-2.349126389691114,0.22297092687505865,1.3639960798698119,-0.1,1.0
2024-04-24,,,,1521.8,1500.1,1494.85,1624.6833333333334,1515.3458717997964,46.642857142857146,62.608695652173914,-15.82838952426232,-28.896732331299408,13.068342807037087,1553.9031428814487,1435.796857118551,1494.85,118.10628576289764,-11.382113821138212,70.34957378847872,57.65855912193423,95.7316031215677,95.32731418679427,30.47473200612557,13.782542113323125,16.444431705577152,100.0,1443.0,1555.0,1455.0,0,0,1051350.9,59034166,1497.2753867904617,0.7543859649122807,0.24561403508771928,0.6491228070175439,27646473.684210528,-0.19292604501606192,-11.871592973955192,1.7889035593461433,-1.8418327974276543,54.31499202551834,28.312607032537883,1.0,0.3,780128.45,-47580.0,-5.126309994149669,0.22234687584121612,1.5509780054415614,-0.4,1.0
2024-04-25,,,,1534.2,1508.2,1499.0,1620.5,1520.9319792474348,48.642857142857146,64.75409836065573,-9.553932094766878,-25.0281722839929,15.474240189226023,1567.7788217095629,1430.2211782904371,1499.0,137.55764341912572,-14.379084967320262,75.44002086987906,63.58571303791584,99.14863653380553,119.96055733281112,33.627019089574155,13.215859030837004,16.744942553755344,100.0,1443.0,1574.0,1455.0,1,0,1088621.35,60575681,1503.0262427182172,0.5510204081632653,0.4489795918367347,0.4489795918367347,31459489.795918368,0.0,-11.871592973955192,2.2765998657507365,-1.8418327974276543,54.780984719864186,28.312607032537883,1.0,0.35,786451.35,-47225.0,-5.362985238021157,0.21991571818359926,1.5091679613789792,-0.4,1.0
2024-04-26,,,,1549.8,1516.3,1504.35,1616.7,1526.6527431286313,44.785714285714285,54.5774647887324,-3.970765366874275,-20.816690900569178,16.845925533694903,1581.122459425775,1427.5775405742247,1504.35,153.5449188515504,-9.803921568627452,80.35870672371023,69.17671093318063,102.72269830476944,101.82094140877393,24.242424242424246,14.354066985645934,17.688590809945072,56.87056036707434,1443.0,1581.0,1455.0,1,0,1092242.75,61598253,1507.0746305251282,0.7692307692307693,0.23076923076923078,0.1794871794871795,26219794.871794872,0.0,-11.871592973955192,2.9386835808800993,-1.8418327974276543,54.780984719864186,28.312607032537883,1.0,0.4,793769.4,-16852.0,-2.0222044092023994,0.2152465054544266,1.5139951833332248,-0.3,1.0
2024-04-29,,,,1558.2,1525.9,1510.05,1611.95,1530.6858152116188,41.714285714285715,60.78431372549019,-0.5085035103559221,-16.755053422526526,16.246549912170604,1588.3086131124392,1431.7913868875607,1510.05,156.5172262248784,-17.647058823529413,81.02345154129702,73.12562446921942,96.81910568545223,79.34585277006353,26.027397260273972,11.986301369863014,20.068767888917332,83.17571468324675,1596.0,1581.0,1458.0,0,0,1100766.2,60653349,1511.0577547711766,0.6086956521739131,0.391304347826087,0.2608695652173913,20541391.304347828,-0.7590132827324347,-10.888077858880795,3.1808331156164824,-1.8418327974276543,55.51804915514594,28.312607032537883,1.0,0.45,800552.6,-8575.0,-1.0502194744371085,0.21042230294387107,1.4321036036005812,-0.1,1.0
2024-04-30,,,,1561.8,1533.4,1513.15,1606.6833333333334,1530.9062137628932,43.07142857142857,52.613240418118465,-0.6619051497179953,-13.53642376796482,12.874518618246825,1589.7907202469205,1436.5092797530797,1513.15,153.28144049384082,-41.1764705882353,71.31843334305299,72.52322742716395,68.90884517483107,45.43582885564995,21.393034825870647,14.92537313432836,20.973136485671102,48.546010227857316,1596.0,1581.0,1458.0,0,0,1103642.85,59558046,1514.9989032230853,0.21052631578947367,0.7894736842105263,0.631578947368421,19215842.105263155,-3.0360531309297945,-10.888077858880795,1.7470204272668926,-2.3115651110031803,55.51804915514594,28.312607032537883,1.0,0.5,807213.45,-33870.0,-4.192241568173127,0.20365252932331684,1.4952650603727946,-0.1,0.0
2024-05-06,,,,1570.8,1546.3,1518.65,1602.4833333333333,1537.200860071189,46.0,65.95092024539878,4.330864564738704,-9.962966101424115,14.293830666162819,1602.8084345459802,1434.49156545402,1518.65,168.31686909196014,-5.521472392638037,78.2473766146669,74.43127715633159,85.87957553133754,79.89376325841363,24.37888198757764,11.801242236024846,23.32917856190318,100.0,1443.0,1597.0,1458.0,1,0,1108587.1,60528587,1519.324749449096,0.8846153846153846,0.11538461538461539,0.8205128205128205,12442833.333333334,0.0,-10.888077858880795,2.706142200824045,-2.3115651110031803,55.8024980483997,28.312607032537883,2.0,0.55,815879.35,7640.0,0.9870150674826439,0.19340276354884328,1.3856689367572865,0.2,1.0
2024-05-07,,,,1576.8,1555.5,1525.6,1598.15,1543.562682921552,46.214285714285715,65.95092024539878,8.751628704957284,-6.220047140147836,14.97167584510512,1613.956693369121,1437.2433066308788,1525.6,176.7133867382422,-12.021857923497267,79.76908440977793,76.2105462408137,86.88616074770641,100.5612148410754,27.357032457496135,9.891808346213292,26.40455100417024,100.0,1443.0,1604.0,1458.0,1,0,1136852.85,61728108,1525.2247169748782,0.3888888888888889,0.6111111111111112,0.19444444444444445,33320027.77777778,0.0,-9.394313967861567,3.4546174238212743,-2.3115651110031803,56.58714673639747,28.312607032537883,2.0,0.6,827066.9,25846.0,3.3064215911402295,0.17907434321757665,1.3127932201249357,0.5,0.0
2024-05-08,,,,1578.2,1564.0,1531.7,1593.9666666666667,1547.7948083575948,44.5,68.25396825396825,10.839103416468106,-2.808217028824648,13.647320445292754,1619.5757496035635,1443.8242503964366,1531.7,175.75149920712693,-20.76502732240437,75.9571673842964,76.1260866219746,75.61932890894002,75.26456226881498,28.410914927768857,7.544141252006421,29.782160191167517,100.0,1626.0,1604.0,1458.0,0,0,1156169.15,60822937,1529.124416137552,0.2413793103448276,0.7586206896551724,0.5517241379310345,31212793.103448275,-0.9975062344139696,-8.109794135995019,3.03612041657892,-2.3115651110031803,56.58714673639747,28.312607032537883,2.0,0.65,841977.35,10078.0,1.2479923520532177,0.15359398397583376,1.2837324946740991,0.4,0.0
2024-05-09,,,,1586.8,1572.5,1534.55,1590.15,1553.909588514014,44.785714285714285,73.76543209876543,14.265596670028117,0.6065457109459049,13.659050959082212,1629.0547478616193,1440.0452521383806,1534.55,189.00949572323862,-7.6502732240437155,79.98284093426028,77.41167139273648,85.12518001730788,77.76542011397432,28.86762360446571,7.017543859649122,33.8887789392957,100.0,1443.0,1612.0,1458.0,1,0,1161481.8,61727355,1531.7545012615205,0.9333333333333333,0.06666666666666667,0.8,30147266.666666668,0.0,-8.109794135995019,1.726143468567661,-2.3115651110031803,56.58714673639747,28.312607032537883,1.0,0.65,860925.9,-635.0,-0.07766491563877542,0.1025207892190813,1.2712276712052826,0.2,0.0
2024-05-10,,,,1603.0,1582.4,1539.55,1587.4166666666667,1559.6324848460129,45.642857142857146,73.10126582278481,16.947144413757314,3.874665451508187,13.072478962249127,1639.8788802414022,1439.2211197585978,1539.55,200.6577604828044,-17.679558011049725,78.12189395617352,77.64841224721549,79.06885737408959,83.7041578325081,33.02034428794992,6.103286384976525,38.366859637223726,96.86005929783488,1443.0,1614.0,1458.0,1,0,1177616.95,63144158,1538.5890986595148,0.28888888888888886,0.7111111111111111,0.044444444444444446,31484511.111111112,0.0,-8.109794135995019,3.170449944290932,-1.824722753346082,57.551012558416836,28.312607032537883,1.0,0.7,864179.95,-27690.0,-3.3893118558593893,0.09726740461480246,1.3472292434574107,0.0,0.0
2024-05-13,,,,1606.2,1588.5,1544.3,1584.8833333333334,1564.7151053368689,43.857142857142854,68.4981684981685,18.775170202562094,6.854766401718969,11.920403800843125,1649.2232300803482,1439.3767699196517,1544.3,209.84646016069655,-21.428571428571427,76.61459597078235,77.30380682173777,75.23617426887151,62.39696586226391,27.198697068403913,8.469055374592834,41.09726686860943,75.09826083215681,1646.0,1614.0,1458.0,0,0,1156608.25,62226882,1542.3116433185853,0.8333333333333334,0.16666666666666666,0.03333333333333333,30575866.666666664,-0.061957868649331616,-8.109794135995019,3.0112336928413006,-1.824722753346082,58.3224147316652,28.312607032537883,1.0,0.75,865928.45,-16017.0,-2.0292921486399162,0.09426755979899683,1.3361559791149826,-0.1,0.0
2024-05-14,,,,1600.2,1588.5,1548.35,1581.4833333333333,1565.5993810190719,45.0,61.71617161716171,16.882310974958045,8.860275316366785,8.02203565859126,1651.1677232314244,1445.5322767685755,1548.35,205.6354464628489,-48.648648648648646,65.20973064718824,73.27244809688793,49.08429574778887,36.01949027005792,25.714285714285715,12.063492063492065,42.1366754377925,43.03540425728982,1646.0,1614.0,1458.0,0,0,1158076.9,61153567,1545.9994921753469,0.20833333333333334,0.7916666666666666,0.8125,22360729.166666668,-2.478314745972743,-8.109794135995019,2.5600283107739865,-2.3006250600107414,58.784508904269394,28.312607032537883,1.0,0.8,863855.0,9852.0,1.274064916271489,0.0963643621153858,1.3131853811341545,-0.5,0.0
2024-05-15,,,,1597.4,1587.8,1552.05,1577.75,1566.3994399696364,43.357142857142854,58.422939068100355,15.206910600340052,10.12960237316144,5.077308227178612,1652.8478174365277,1451.2521825634722,1552.05,201.5956348730556,-51.42857142857143,57.6064870981255,68.05046109730046,36.71853909977557,18.170159916391516,22.899505766062607,14.497528830313016,41.1578716939686,27.466178151635365,1646.0,1614.0,1458.0,0,0,1146607.4,61153567,1549.0016239502145,0.8148148148148148,0.18518518518518517,0.0,29204629.62962963,-2.478314745972743,-8.109794135995019,2.3439728705787006,-2.3006250600107414,58.39117463996738,28.312607032537883,1.0,0.85,861946.4,6585.0,0.8408619313647225,0.09808095882895297,1.291467855679985,-0.3,0.0
2024-05-16,,,,1593.2,1590.0,1557.95,1573.9,1568.7423504487188,43.42857142857143,63.38028169014085,15.077102208826318,11.119102340294415,3.9579998685319033,1652.9103241246703,1462.9896758753298,1557.95,189.9206482493405,-40.14598540145985,56.200934901575195,64.1006190320587,40.401566640608195,27.828530542742943,25.49342105263158,14.473684210526315,40.69402043646655,50.902721734852676,1509.0,1614.0,1458.0,0,0,1128493.9,61946817,1553.88717900912,0.8888888888888888,0.1111111111111111,0.4722222222222222,22034722.222222224,-1.4250309789343385,-6.237942122186524,3.8019536251171027,-2.3006250600107414,58.39117463996738,28.312607032537883,1.0,0.9,854538.15,8643.0,1.094452393916745,0.0973871389024579,1.2687842986540263,0.0,0.0
2024-05-17,,,,1597.6,1600.3,1566.85,1570.9833333333333,1575.1478408821743,43.214285714285715,64.3835616438356,18.393325238736224,12.573946919982777,5.819378318753447,1655.5251018278434,1478.1748981721564,1566.85,177.35020365568698,-8.0,67.25452397693665,65.15192068035135,71.45973057010727,65.92100672928069,28.925619834710744,14.545454545454545,40.36284793167846,55.64587066637782,1509.0,1636.0,1468.0,1,0,1145733.2,63161192,1560.989120300142,0.9259259259259259,0.07407407407407407,0.8333333333333334,22488425.925925925,0.0,-5.5948553054662735,5.4729341721107385,-2.3006250600107414,58.89521399957833,28.312607032537883,1.0,0.95,843853.75,-22091.0,-2.767071708880653,0.09303114045402724,1.2226549539454044,0.0,0.0
2024-05-20,,,,1602.6,1604.4,1575.35,1569.2833333333333,1581.1337607981577,41.857142857142854,61.76470588235294,20.941439290788367,14.247445394143897,6.69399389664447,1656.3913149992652,1494.3086850007346,1575.35,162.0826299985306,-12.686567164179104,72.66806452831375,67.65730196300548,82.68958965893029,84.85415617584314,27.303754266211605,15.017064846416384,39.32417581402971,43.26485691129369,1509.0,1638.0,1503.0,1,0,1153075.2,64188702,1568.2472182213269,0.43333333333333335,0.5666666666666667,0.06666666666666667,34250333.333333336,0.0,-3.344051446945373,5.203094255896576,-2.3006250600107414,60.9706853038245,28.312607032537883,1.0,1.0,830639.6,-10115.0,-1.303039437715614,0.08044343265205148,1.253637791839676,-0.2,0.0
2024-05-21,,,,1619.2,1609.7,1582.6,1568.7833333333333,1588.359116912619,42.642857142857146,63.38028169014085,24.214845578968607,16.240925431108842,7.973920147859765,1665.6963929799842,1499.5036070200156,1582.6,166.19278595996866,-15.527950310559007,75.3684532752861,70.2276857337657,85.64998835832691,96.42254202638853,31.32328308207705,14.740368509212729,40.06561619183372,50.902721734852676,1509.0,1657.0,1503.0,1,0,1113369.05,65350722,1578.9619928360682,0.5,0.5,0.38,23240400.0,0.0,-3.344051446945373,4.595787352568847,-2.3006250600107414,61.72587847019996,28.312607032537883,1.0,1.0,820187.7,-25064.0,-3.27143485519098,0.07730958256939334,1.293127518586181,-0.1,1.0
2024-05-22,,,,1639.2,1618.3,1591.15,1568.8666666666666,1596.5153914923694,41.92857142857143,68.16608996539793,27.859652835189763,18.564670911925027,9.294981923264736,1674.9474374684821,1507.352562531518,1591.15,167.59487493696406,-6.7073170731707314,80.8220766196143,73.75914936238189,94.94793113407911,99.78667756375302,32.3679727427598,13.287904599659283,40.41233818034675,73.52831225290676,1509.0,1674.0,1515.0,1,0,1104604.5,66368883,1587.0324640327526,0.6944444444444444,0.3055555555555556,0.4722222222222222,28282250.0,0.0,-3.0360531309297945,5.438154563416596,-2.3006250600107414,61.933503836317136,28.68730511341634,1.0,1.0,807602.9,-21114.0,-2.8490735855497995,0.06976950233298901,1.3762623063573791,-0.2,1.0
2024-05-23,,,,1652.8,1623.0,1597.75,1568.3,1602.4663065883342,41.42857142857143,73.50746268656717,29.201200938096008,20.691976917159224,8.509224020936784,1681.065191007403,1514.434808992597,1597.75,166.63038201480595,-19.135802469135804,79.72679504109553,75.74836458861976,87.68365594604705,82.78312518521076,33.62068965517241,11.551724137931034,42.629962655630955,98.31859521342027,1690.0,1674.0,1515.0,0,0,1084080.25,65278551,1595.1928265458207,0.38,0.62,0.3,21806640.0,-0.8960573476702538,-3.0360531309297945,4.181908947638405,-2.3006250600107414,62.7630128597673,28.78122594175581,1.0,1.0,794860.85,-24329.0,-3.379173269960234,0.064017908386219,1.4910166240549283,-0.3,1.0
2024-05-24,,,,1668.8,1633.2,1607.8,1568.65,1613.279039294207,41.285714285714285,72.79693486590038,34.466502717431695,23.44688207721372,11.019620640217976,1697.345284045032,1518.2547159549679,1607.8,179.09056809006415,-10.382513661202186,83.02369214032963,78.17347377252305,92.7241288759428,114.16972954266934,36.67820069204152,11.591695501730104,43.859061060418135,93.68748461590101,1552.0,1716.0,1533.0,1,0,1102468.7,66666564,1605.5116369441298,0.7397260273972602,0.2602739726027397,0.7808219178082192,19013876.71232877,0.0,-3.0360531309297945,5.866174983072148,-2.3006250600107414,63.38028169014085,29.06177969342718,1.0,1.0,782803.45,-8635.0,-1.2413029728020275,0.058727689672911705,1.5822155482504854,-0.3,1.0
2024-05-27,,,,1683.0,1642.8,1615.65,1569.1333333333334,1622.3953212661872,41.357142857142854,70.11494252873564,37.640553938080075,26.28561644938699,11.354937488693086,1711.8762137387475,1519.4237862612526,1615.65,192.4524274774949,-14.207650273224044,83.9465780024784,80.09784184917484,91.64405030908551,104.10770094583937,33.16062176165803,11.57167530224525,43.95724545024449,76.20667278301154,1735.0,1716.0,1533.0,0,0,1068841.0,65763269,1614.6405754769262,0.40540540540540543,0.5945945945945946,0.1891891891891892,24413378.37837838,-0.40792540792539134,-3.0360531309297945,4.664182736180365,-2.3006250600107414,63.5809376808798,29.218143397709955,1.0,1.0,772402.95,-14442.0,-2.10216810649122,0.05983677902036669,1.5826004039197792,-0.1,1.0
2024-05-28,,,,1689.2,1654.2,1621.35,1568.6666666666667,1628.6433859075028,42.0,68.796992481203,38.02318034812561,28.633129229134717,9.39005111899089,1720.6449354725364,1522.0550645274634,1621.35,198.58987094507302,-25.683060109289617,80.39620351680378,80.1972957383845,80.79401907364235,77.34523810399104,32.6530612244898,12.074829931972788,43.09809475574616,67.61647792420702,1735.0,1716.0,1533.0,0,0,1028930.65,65019961,1620.748487584335,0.18421052631578946,0.8157894736842105,0.5526315789473685,19560736.842105262,-1.6317016317016098,-3.0360531309297945,3.3662742069770775,-2.3006250600107414,64.45766898719963,29.218143397709955,1.0,1.0,764944.8,11622.0,1.7280165575566997,0.06258153103620925,1.486282655503134,-0.2,0.0
2024-05-29,,,,1705.6,1672.4,1630.1,1570.55,1640.7725872496453,46.07142857142857,73.2258064516129,43.31414770245601,31.569332923798978,11.744814778657034,1744.167200876319,1516.032799123681,1630.1,228.13440175263804,-0.4878048780487805,86.73587057065672,82.37682068247524,95.45397034701963,93.35523386825317,35.03875968992248,12.713178294573643,42.08840603177172,98.13281319265887,1552.0,1756.0,1533.0,1,0,1031231.0,66088540,1628.605806426171,0.9885057471264368,0.011494252873563218,0.7816091954022989,12282517.24137931,0.0,-3.0360531309297945,4.532449714441961,-2.3006250600107414,64.99346273760435,30.865135346958464,2.0,1.0,760343.35,40282.0,5.887588883123707,0.061908540074358254,1.498445265560095,0.1,0.0
2024-05-30,,,,1716.4,1684.6,1637.3,1571.6833333333334,1647.6513884639648,47.785714285714285,64.1025641025641,43.53568454470951,33.962603247981086,9.573081296728425,1753.2911067370014,1521.3088932629985,1637.3,231.98221347400295,-25.11627906976744,78.48119070907632,81.07827735800893,73.28701741121108,80.95723765865327,30.493273542600896,12.25710014947683,40.22107336443906,37.65200133672517,1767.0,1756.0,1533.0,0,0,1040741.95,64953417,1636.7742978618924,0.21739130434782608,0.782608695652174,0.6231884057971014,16451057.971014492,-2.4487471526195903,-3.0360531309297945,3.6438554778068366,-2.4193995399000428,64.99346273760435,30.865135346958464,2.0,1.0,754274.9,-37915.0,-5.233502699225778,0.06419324814620804,1.5156428985213461,0.1,0.0
2024-05-31,,,,1712.0,1690.4,1645.35,1572.4,1652.0655419435873,48.42857142857143,60.97560975609756,41.69745062288894,35.50957272296266,6.187877899926278,1752.9032181611103,1537.7967818388895,1645.35,215.10643632222082,-33.95348837209303,67.62943578135952,76.59533016579246,49.69764701249363,54.11808773755406,30.088495575221238,12.094395280235986,39.51721101674109,16.922448149918175,1767.0,1756.0,1574.0,0,0,1025923.2,64154489,1644.2274716729935,0.23076923076923078,0.7692307692307693,0.48717948717948717,20485333.333333332,-3.530751708428237,-3.530751708428237,4.2629118559602155,-2.4193995399000428,64.99346273760435,30.865135346958464,2.0,1.0,750164.1,5283.0,0.7694974306388991,0.06680200090932134,1.3425254793902548,0.0,0.0
2024-06-03,,,,1702.8,1692.9,1648.65,1572.6166666666666,1653.1069189013408,49.642857142857146,62.32686980609419,37.309119765361174,35.86948213144236,1.4396376339188137,1753.9841050381117,1543.3158949618885,1648.65,210.6682100762232,-48.372093023255815,52.15699759161342,68.44921930773278,19.572554159374704,18.453946301417343,29.35251798561151,15.53956834532374,39.1339808015781,25.880371410699063,1767.0,1756.0,1574.0,0,0,1046572.2,62770968,1648.805796102744,0.42424242424242425,0.5757575757575758,0.4696969696969697,20962439.39393939,-5.296127562642361,-5.296127562642361,1.9290074842891733,-2.4193995399000428,64.99346273760435,30.865135346958464,1.0,1.0,745168.05,-10065.0,-1.454826656645014,0.0694578823191737,1.4797742324439005,0.0,0.0
2024-06-04,,,,1700.4,1694.8,1652.25,1573.25,1655.2872123393086,51.642857142857146,63.63636363636363,34.482830691624486,35.59215184347879,-1.109321151854303,1756.0694282597433,1548.4305717402567,1652.25,207.63885651948658,-43.75,45.297647517215964,60.73202871089384,14.428885129860191,15.797830944380607,28.21576763485477,13.416320885200554,40.06835311622468,21.231927114280023,1559.0,1756.0,1574.0,0,0,1038583.25,63810710,1652.116598934173,0.7636363636363637,0.23636363636363636,0.23636363636363636,18904400.0,-4.555808656036442,-5.296127562642361,2.0765814892154615,-2.4193995399000428,64.99346273760435,31.697720609098653,1.0,1.0,737683.7,-23920.0,-3.5085146016985203,0.07194186628528287,1.578594542980266,0.1,0.0
2024-06-05,,,,1685.6,1695.6,1656.95,1573.8833333333334,1657.8312873546124,52.0,62.53443526170799,32.354167392353474,34.94455495325373,-2.590387560900254,1756.963630649822,1556.936369350178,1656.95,200.02726129964412,-46.96132596685083,42.228506866113904,54.5641880959672,17.557144406407318,23.460000135647103,26.785714285714285,13.324175824175825,40.49618364298976,12.438906794224684,1559.0,1756.0,1574.0,0,0,1048788.3,64919982,1656.0188452553612,0.6585365853658537,0.34146341463414637,0.14634146341463414,27055414.63414634,-4.214123006833715,-5.296127562642361,2.7109883230674545,-2.4193995399000428,64.99346273760435,32.44236097130751,1.0,1.0,729703.7,165.0,0.025081705555973777,0.07182910214975781,1.62075431100935,0.1,-1.0
2024-06-06,,,,1690.8,1703.6,1663.3,1575.9333333333334,1665.5616409398874,52.357142857142854,63.73333333333334,34.864711332898196,34.92858622918263,-0.06387489628443177,1767.3427037830907,1559.2572962169093,1663.3,208.0854075661814,-19.718309859154928,54.46812738442681,54.53216785878707,54.3400464357063,63.20447993264196,26.60300136425648,13.233287858117327,40.53059763776628,22.005712902444984,1559.0,1756.0,1574.0,0,0,1071991.9,66288472,1662.5805205710976,0.9591836734693877,0.04081632653061224,1.163265306122449,27928367.346938778,-0.9681093394077411,-5.296127562642361,3.3379533929168916,-2.4193995399000428,64.99346273760435,32.68389818812721,1.0,1.0,724917.05,63232.0,9.609507382050552,0.06652937293927114,1.66955961700137,0.2,0.0
2024-06-07,,,,1695.4,1703.7,1668.45,1577.5833333333333,1670.4605322789457,52.92857142857143,60.0,34.67935731101261,34.87874044554862,-0.19938313453601353,1772.4145182386824,1564.4854817613177,1668.45,207.92903647736466,-37.03703703703704,57.11408993548253,55.39280855101889,60.55665270440983,57.79817157469842,25.236167341430498,13.090418353576249,40.72044640780587,0.0,1767.0,1756.0,1574.0,0,0,1048276.85,65345970,1668.2415454149034,0.18421052631578946,0.8157894736842105,0.5789473684210527,24802684.210526317,-2.220956719817768,-5.296127562642361,2.7021524930595104,-2.4193995399000428,64.99346273760435,33.20754716981132,1.0,1.0,718499.15,-60315.0,-8.362599775111711,0.06645690357818562,1.723804425182772,0.5,0.0
2024-06-11,,,,1696.2,1699.5,1671.15,1579.1666666666667,1670.130957776189,53.5,51.1737089201878,30.150326583768674,33.933057673192636,-3.7827310894239616,1771.803182552091,1570.4968174479093,1671.15,201.30636510418162,-75.18796992481202,46.34673664871768,52.377451250251816,34.285307445649394,11.353404955914609,21.36181575433912,19.759679572763684,38.42731097181329,0.0,1767.0,1756.0,1574.0,0,0,1042851.4,64537203,1671.4460261867926,0.14035087719298245,0.8596491228070176,0.8771929824561403,14188894.736842105,-5.068337129840539,-5.296127562642361,1.4275759916213122,-2.4719125905622854,64.99346273760435,33.623188405797094,1.0,0.95,711802.75,-21587.0,-3.266145382580965,0.06889145539002191,1.5709415334070664,0.5,0.0
2024-06-12,,,,1694.2,1697.3,1675.75,1580.3,1669.7375332260758,52.642857142857146,49.02439024390244,26.178575141241254,32.38216116680236,-6.203586025561108,1765.5307270372562,1585.9692729627438,1675.75,179.5614540745123,-75.93984962406014,38.91787455779174,47.890925686098456,20.971772301178305,-4.1984476431549025,21.302578018995927,20.081411126187245,35.65300917867127,0.0,1767.0,1756.0,1574.0,0,0,1018937.85,63942159,1676.0445512942717,0.25,0.75,0.041666666666666664,24793500.0,-5.125284738041003,-5.296127562642361,2.44809151602582,-2.4719125905622854,64.99346273760435,33.623188405797094,1.0,0.9,704736.8,2461.0,0.38492519688118065,0.06867321978784209,1.4402664657743314,0.4,0.0
2024-06-13,,,,1686.0,1685.8,1679.1,1581.4,1667.0006252997828,53.285714285714285,47.85714285714286,20.774170733093342,30.06056308006056,-9.286392346967219,1757.125366995015,1601.074633004985,1679.1,156.05073399003004,-85.71428571428571,31.413999705194495,42.39861702579714,9.444765063989209,-40.506739650881684,20.375335120643435,23.994638069705097,32.74601902623014,0.0,1767.0,1756.0,1591.0,0,0,1026015.25,63012086,1678.8519857282822,0.3559322033898305,0.6440677966101694,0.423728813559322,15763949.152542373,-6.548974943052399,-6.548974943052399,1.803849670236191,-2.4719125905622854,64.99346273760435,34.10755148741419,1.0,0.85,697430.35,1775.0,0.2765633228732689,0.06575117478072381,1.3921400060774676,0.0,-1.0
2024-06-14,,,,1666.4,1678.6,1681.6,1582.5666666666666,1664.524375271232,50.142857142857146,39.6694214876033,16.303208068782624,27.309092077804976,-11.005884009022353,1750.3984087941105,1612.8015912058893,1681.6,137.59681758822126,-85.71428571428571,26.411416470129666,37.069550173907984,5.095149062573029,-57.77213916364584,15.242165242165242,25.498575498575498,30.831983241226613,0.0,1767.0,1756.0,1636.0,0,0,1026387.65,63012086,1681.2350736260971,0.375,0.625,0.0,25021812.5,-6.548974943052399,-6.548974943052399,1.3824238467679688,-2.4719125905622854,64.99346273760435,34.56247000479923,1.0,0.8,688858.05,-16674.0,-2.590816074433522,0.060748736454468384,1.2681050807168446,-0.2,-1.0
2024-06-17,,,,1641.4,1668.4,1679.4,1582.3833333333334,1657.6172919120672,51.714285714285715,35.55555555555557,8.705693638695493,23.58841238998308,-14.882718751287587,1756.6348435138023,1602.165156486198,1679.4,154.46968702760432,-94.5945945945946,19.6156431086005,31.251581152138826,-3.6562329784761474,-110.88240710574185,14.77900552486188,31.215469613259668,29.937210917882858,0.0,1767.0,1756.0,1592.0,0,1,1017085.25,61983759,1680.997049067421,0.1694915254237288,0.8305084745762712,0.8305084745762712,17429271.186440676,-9.33940774487474,-9.33940774487474,-0.9257708810778579,-2.915752323699946,64.99346273760435,34.56247000479923,1.0,0.75,682913.6,30466.0,4.859731985765037,0.054082460294083576,1.295760674673502,-0.5,0.0
2024-06-18,,,,1622.6,1659.4,1676.15,1583.0333333333333,1649.5585022061562,51.92857142857143,35.732009925558316,1.1383453685280074,19.098398985692068,-17.96005361716406,1765.2750452127818,1587.0249547872183,1676.15,178.25009042556349,-95.09803921568627,14.87889720753547,25.79401983727104,-6.951348051935675,-122.29522367083398,14.718019257221458,31.91196698762036,29.284750330700376,0.4684183561442984,1767.0,1756.0,1573.0,0,1,999805.1,61301852,1679.693759547069,0.24390243902439024,0.7560975609756098,0.4634146341463415,16631878.048780488,-10.421412300683386,-10.421412300683386,-1.4360699933117054,-2.915752323699946,64.99346273760435,35.37453562985479,1.0,0.7,677676.15,4025.0,0.6122855669460137,0.04654588169661951,1.2489637710336452,-0.8,0.0
2024-06-19,,,,1606.8,1650.5,1672.65,1583.6,1643.6005496150935,47.857142857142854,25.787965616045838,-3.6866522262587296,14.541388743301908,-18.228040969560638,1770.0547983254005,1575.2452016745997,1672.65,194.8095966508008,-88.23529411764706,14.24358912934797,21.94387626796335,-1.1569851478827857,-101.99449116268944,10.298507462686569,32.985074626865675,29.689075070000484,0.0,1563.0,1756.0,1573.0,0,0,970938.35,61886537,1678.100230548452,0.7666666666666667,0.23333333333333334,0.4666666666666667,19489500.0,-9.624145785877003,-10.421412300683386,-1.5485537959854976,-2.915752323699946,64.99346273760435,35.37453562985479,1.0,0.65,672164.1,-30556.0,-4.619911157880729,0.04380161217915519,1.2489023175180223,-0.7,0.0
2024-06-20,,,,1596.0,1641.0,1668.3,1584.45,1638.2100210803228,45.642857142857146,29.411764705882362,-7.424907866319472,10.148129421377632,-17.573037287697105,1772.95200478363,1563.64799521637,1668.3,209.30400956725998,-84.29319371727749,14.731328180472818,19.539693572133174,5.11459739715211,-89.92042141468839,9.389671361502346,35.68075117370891,30.808788689714103,9.550043411980324,1748.0,1756.0,1573.0,0,0,959416.6,61886537,1674.5244864604874,0.7894736842105263,0.21052631578947367,0.0,20729631.57894737,-9.624145785877003,-10.421412300683386,-1.9723017688974933,-2.915752323699946,64.99346273760435,35.37453562985479,1.0,0.6,667378.3,-6589.0,-1.0444770639874923,0.043511689626831204,1.2122456788784957,-0.5,-1.0
2024-06-21,,,,1583.6,1625.0,1664.3,1584.85,1632.5709714536254,45.857142857142854,30.508474576271183,-10.90730293626666,5.937042949848774,-16.844345886115434,1776.305826915958,1552.2941730840419,1664.3,224.0116538319162,-88.48167539267016,14.433044782789008,17.837477309018453,7.624179730330113,-72.22565733344744,12.461059190031154,33.48909657320873,31.03060077593297,12.440277283371092,1748.0,1756.0,1573.0,0,0,941718.3,61150171,1671.847900074435,0.14285714285714285,0.8571428571428571,0.19047619047619047,17532523.80952381,-10.079726651480636,-10.421412300683386,-1.820656584317575,-2.915752323699946,64.99346273760435,35.37453562985479,1.0,0.55,663761.9,-941.0,-0.15074016464478035,0.044936212736916094,1.1930769816581155,-0.4,0.0
2024-06-24,,,,1572.0,1606.7,1655.2,1584.9,1623.1832598866133,45.714285714285715,29.126213592233015,-17.101118983247716,1.3294105632294761,-18.430529546477192,1778.5217443581969,1531.8782556418032,1655.2,246.64348871639368,-95.96412556053812,11.50882230802286,15.727925642019922,3.070615640028741,-93.5003284684443,12.5,33.28125,32.075119397243405,8.797511203630545,1748.0,1756.0,1534.0,0,1,916979.5,60256934,1663.4221529488937,0.140625,0.859375,0.703125,13956828.125,-12.642369020501153,-12.642369020501153,-4.597123273750347,-2.915752323699946,64.99346273760435,35.37453562985479,1.0,0.5,661424.75,16950.0,2.7193444053700278,0.04496509613430632,1.1592398012763634,-0.4,-1.0
2024-06-25,,,,1567.6,1595.1,1647.3,1585.9333333333334,1616.308663706936,43.642857142857146,30.03194888178915,-20.40281396041837,-3.0170343415000938,-17.385779618918278,1776.2260906181314,1518.3739093818685,1647.3,257.8521812362628,-88.34080717488789,13.300253833054201,14.918701705698016,10.063358087766574,-82.48119658239213,13.09328968903437,34.697217675941076,32.76492701828481,11.184456815290782,1525.0,1756.0,1534.0,0,0,898205.85,60784756,1657.6314792056482,0.6538461538461539,0.34615384615384615,0.6538461538461539,20300846.153846152,-11.674259681093414,-12.642369020501153,-3.8799671944662375,-2.915752323699946,64.99346273760435,35.37453562985479,1.0,0.45,658945.25,-17289.0,-2.7003008143541285,0.04675874067255758,1.12249069784593,-0.3,0.0
2024-06-26,,,,1561.6,1584.2,1640.75,1587.0333333333333,1610.6602195443706,42.857142857142854,30.03194888178915,-22.278468840418782,-6.869321241283831,-15.40914759913495,1774.201154083751,1507.298845916249,1640.75,266.9023081675018,-85.65022421524664,16.709973143604763,15.515792185000265,19.09833506081376,-73.41989100701781,12.166666666666668,36.333333333333336,33.9268223653235,11.184456815290782,1525.0,1756.0,1534.0,0,0,894889.2,61461731,1651.8786408976664,0.9666666666666667,0.03333333333333333,0.2,22565833.333333332,-11.332574031890664,-12.642369020501153,-3.2078879517212866,-2.915752323699946,64.99346273760435,35.37453562985479,1.0,0.4,655871.25,-268.0,-0.04301952091021466,0.047608266038989204,1.1545545604311254,-0.3,0.0
2024-06-27,,,,1550.0,1573.0,1629.4,1587.95,1602.8830557782403,41.357142857142854,13.028169014084511,-25.727731565884596,-10.641003306203984,-15.086728259680612,1760.165197365638,1498.6348026343621,1629.4,261.5303947312759,-95.63318777292577,13.872222532894979,14.967935634298504,11.680796330087926,-74.75384899302006,4.8359240069084635,39.205526770293616,37.10379178322764,0.0,1748.0,1739.0,1529.0,0,1,875099.75,60788941,1642.7585220999092,0.2631578947368421,0.7368421052631579,0.7368421052631579,17705000.0,-12.07590569292697,-12.642369020501153,-6.621257204715492,-2.915752323699946,64.99346273760435,35.37453562985479,0.0,0.35,653263.5,49607.0,7.96637251989305,0.041484039356854616,1.10232279896254,-0.5,0.0
2024-06-28,,,,1546.2,1564.9,1621.75,1589.7,1598.7989552279319,41.92857142857143,23.208191126279857,-25.664017387079866,-13.64560612237916,-12.018411264700706,1749.7958388315453,1493.7041611684547,1621.75,256.09167766309065,-78.0,24.06296317007813,17.999611479558382,36.189666551117625,-60.50892181145022,4.429301533219761,39.18228279386712,40.53217458000832,26.687319506432104,1516.0,1739.0,1529.0,0,0,864712.95,61716328,1632.1063217568328,0.9565217391304348,0.043478260869565216,0.6739130434782609,20160586.95652174,-10.293271995399678,-12.642369020501153,-4.298774653888227,-2.915752323699946,64.99346273760435,35.37453562985479,0.0,0.3,650015.95,-50711.0,-7.542777757945718,0.04121570183469478,1.164434132368561,-0.7,0.0
2024-07-01,,,,1549.6,1560.8,1614.6,1591.0333333333333,1594.2466737776526,40.57142857142857,26.984126984126974,-26.03958015426042,-16.124400928755414,-9.915179225505007,1741.6249043131231,1487.5750956868767,1614.6,254.04980862624643,-79.16666666666667,27.826487231230537,21.275236730115765,40.928988233460075,-49.704767648875396,6.690140845070423,31.51408450704226,44.89509276781131,38.77061950736614,1684.0,1739.0,1529.0,0,0,860949.75,60992664,1625.599190274074,0.41025641025641024,0.5897435897435898,0.23076923076923078,18555487.17948718,-10.810810810810834,-12.642369020501153,-4.062843200039316,-2.915752323699946,64.99346273760435,35.11111111111112,0.0,0.25,647388.55,17686.0,2.8452335179640853,0.038601186674634,1.1118090152917037,-0.7,0.0
2024-07-02,,,,1555.0,1561.3,1610.35,1592.55,1592.6993715131143,41.642857142857146,34.17266187050359,-23.883230981490215,-17.676166939302373,-6.207064042187842,1736.2392997416468,1484.460700258353,1610.35,251.77859948329387,-61.96319018404908,39.4264123629079,27.325628607713142,63.627979873297406,-33.05228732091859,8.404802744425385,30.7032590051458,48.75700163834831,60.70949133241064,1516.0,1739.0,1529.0,0,0,825528.25,61667755,1619.8988350388574,0.8205128205128205,0.1794871794871795,0.6923076923076923,17310025.64102564,-9.258194364577355,-12.642369020501153,-2.3176939644633534,-2.915752323699946,64.99346273760435,35.278976818545175,0.0,0.2,644194.0,-21408.0,-3.348730695290225,0.03794078370323472,1.1608752428034343,-0.7,0.0
2024-07-03,,,,1560.2,1560.9,1605.7,1594.5166666666667,1591.7756218451987,39.857142857142854,38.759689922480625,-21.522749652607445,-18.445483481963386,-3.0772661706440587,1728.2038774895248,1483.1961225104753,1605.7,245.00775497904942,-53.793103448275865,48.84319746752782,34.498151560984695,77.53328928061407,-27.024383892461294,8.78136200716846,24.910394265232977,51.59380454746593,96.5852522660977,1516.0,1739.0,1529.0,0,0,810120.65,62399345,1614.8014080783319,0.9411764705882353,0.058823529411764705,0.14705882352941177,21517352.94117647,-8.970672800460056,-12.642369020501153,-2.552254700699976,-2.915752323699946,64.99346273760435,35.696719051557764,0.0,0.15,642362.0,3331.0,0.5391023161492869,0.038506599163440146,1.1789819353142525,-0.4,0.0
2024-07-04,,,,1569.2,1559.6,1600.3,1596.3166666666666,1590.0827054789893,39.5,37.453183520599254,-20.146044911715308,-18.785595767913772,-1.3604491438015351,1718.0724836059135,1482.5275163940864,1600.3,235.54496721182704,-53.6,57.67035675324365,42.222219958404345,88.56663034292227,-19.84176050138044,10.307414104882458,25.135623869801087,52.78394094168396,94.92254497302154,1641.0,1739.0,1529.0,0,0,787056.8,61751350,1608.842638782021,0.2962962962962963,0.7037037037037037,0.3333333333333333,23999814.814814813,-9.488211615871222,-12.642369020501153,-2.997525021431841,-2.915752323699946,64.99346273760435,37.10894880159107,0.0,0.1,640168.95,-7056.0,-1.135847780943644,0.03938658374838219,1.1898601023998598,-0.1,1.0
2024-07-05,,,,1562.0,1554.1,1589.55,1595.8,1583.7891144809903,39.285714285714285,37.3134328358209,-22.82644951743555,-19.59376651781813,-3.2326829996174204,1692.3087363424877,1486.7912636575122,1589.55,205.51747268497547,-91.91919191919192,41.9101079653659,42.11818262739153,41.493958641314634,-47.61889138926668,10.363636363636363,24.727272727272727,53.15514856677759,94.37943411192683,1641.0,1717.0,1524.0,0,1,760538.75,60913221,1594.7622777274662,0.03571428571428571,0.9642857142857143,0.8928571428571429,14966589.285714285,-11.240535818287734,-12.642369020501153,-6.5844755456116255,-2.995515952014263,64.99346273760435,36.99714825376838,0.0,0.05,637841.0,60534.0,9.856485506892398,0.029195284068669555,1.1399228741252685,-0.2,0.0
2024-07-08,,,,1550.6,1550.1,1578.4,1595.4666666666667,1575.2377702447054,40.07142857142857,35.84229390681004,-27.059513530265576,-21.086915920307618,-5.972597609957958,1670.8027796344804,1485.9972203655198,1578.4,184.80555926896068,-91.66666666666667,31.273405310243938,38.503256855009006,16.813702220713807,-82.23980792448288,10.16042780748663,27.807486631016044,53.841271202295715,88.66217031610189,1641.0,1667.0,1494.0,0,1,756109.15,60059311,1581.5200011135958,0.21153846153846154,0.7884615384615384,0.5769230769230769,16421346.153846152,-10.377924415117,-12.642369020501153,-6.844088634615532,-2.995515952014263,64.99346273760435,35.820237110559695,0.0,0.0,639389.05,17205.0,2.550067586795679,0.0339051517871362,1.160358617528215,-0.2,0.0
2024-07-09,,,,1535.6,1545.3,1570.2,1595.2166666666667,1568.3579826023524,40.07142857142857,34.67153284671532,-29.349697431710638,-22.739472222588226,-6.610225209122412,1658.5142713624668,1481.8857286375332,1570.2,176.6285427249336,-84.84848484848484,26.90954293410202,34.638685548040016,11.45125770622603,-81.59959089519894,10.16042780748663,27.807486631016044,53.41734835486631,84.11226024952397,1483.0,1666.0,1494.0,0,0,744889.0,60643675,1572.953012126639,0.6333333333333333,0.36666666666666664,0.3,19478800.0,-9.783913565426182,-12.642369020501153,-5.304096400823643,-2.995515952014263,64.99346273760435,35.696719051557764,0.0,0.0,641369.75,-12934.0,-1.8693641935964123,0.0365070861758167,1.113975064889771,-0.2,0.0
2024-07-10,,,,1511.8,1536.0,1560.1,1594.7333333333333,1558.419127116414,41.0,30.351437699680503,-33.92064268290869,-24.97570631465232,-8.944936368256371,1648.486471934454,1471.713528065546,1560.1,176.772943868908,-93.7888198757764,20.33777682417353,29.871715973417857,1.26989852568488,-102.81987971453526,9.75609756097561,31.184668989547042,52.98928351190785,67.3231432656725,1615.0,1641.0,1464.0,0,1,753112.15,59884168,1564.146251789989,0.19607843137254902,0.803921568627451,0.7647058823529411,14892294.11764706,-10.786106032906773,-12.642369020501153,-6.358759373453129,-2.995515952014263,64.99346273760435,35.37875101378752,0.0,0.0,644485.55,25163.0,3.7061148022192736,0.04235870003011855,1.0941696167106045,-0.6,0.0
2024-07-11,,,,1490.0,1529.6,1551.3,1594.15,1549.5220673910412,40.07142857142857,31.372549019607845,-37.03553548446939,-27.387672148615735,-9.647863335853657,1640.8111871865528,1461.788812813447,1551.3,179.02237437310578,-90.78014184397163,16.63180393479181,25.45841196054251,-1.021412116709584,-101.24990686451846,6.417112299465241,32.263814616755795,54.4933952714285,71.29147192981361,1452.0,1641.0,1464.0,0,0,738463.65,60521271,1554.715910751554,0.4482758620689655,0.5517241379310345,0.034482758620689655,21969068.96551724,-10.725167580743467,-12.642369020501153,-5.59268398317249,-2.995515952014263,64.99346273760435,34.571758651472976,0.0,0.0,647486.7,-518.0,-0.07356679666308263,0.04683707251216849,1.0642462912779143,-0.8,0.0
2024-07-12,,,,1479.8,1520.9,1542.9,1594.15,1542.2342514490372,36.714285714285715,38.66171003717472,-38.415744540000105,-29.59328662689261,-8.822457913107495,1628.4099871050385,1457.3900128949617,1542.9,171.01997421007673,-85.1063829787234,16.052408296953406,22.32307740601281,3.5110700788345994,-90.119256736868,7.0038910505836585,25.875486381322958,55.350820859754585,99.61922233180576,1452.0,1592.0,1464.0,0,0,722021.45,60993125,1547.015569320459,0.7647058823529411,0.23529411764705882,0.47058823529411764,27756117.647058826,-7.474874371859308,-12.642369020501153,-5.267369934308367,-2.995515952014263,64.99346273760435,34.571758651472976,0.0,0.0,651006.0,-6311.0,-0.8969533999238166,0.048936342837625615,0.9511357370023046,-0.7,0.0
2024-07-15,,,,1472.2,1511.4,1536.1,1594.1166666666666,1534.021465596748,37.5,32.342007434944236,-40.41544400470366,-31.75771810245482,-8.657725902248838,1626.6512939834217,1445.548706016578,1536.1,181.10258796684366,-87.26114649681529,14.947890032363842,19.86468161479649,5.114306867498549,-95.1608936114861,6.857142857142858,29.9047619047619,56.600022364474576,75.05906273327855,1593.0,1587.0,1456.0,0,1,722628.25,59952662,1536.2175280766194,0.5714285714285714,0.42857142857142855,0.4857142857142857,29727514.285714287,-8.254568367989934,-12.642369020501153,-4.642758997617184,-2.8662407568201798,64.99346273760435,33.80653098339172,0.0,0.0,655545.8,50876.0,7.296215507684711,0.0588429151180568,0.9824385951997863,-0.7,0.0
2024-07-16,,,,1462.4,1499.0,1530.15,1593.8833333333334,1526.4003736351528,37.42857142857143,30.566037735849065,-41.681129408620336,-33.74240036368793,-7.938729044932408,1625.977201939458,1434.3227980605423,1530.15,191.65440387891567,-86.875,14.340260021575894,18.023207750389624,6.974364563948434,-87.22326278942646,6.870229007633588,29.389312977099234,57.4769569690272,68.15713996929735,1593.0,1587.0,1454.0,0,1,720848.1,59306358,1530.2666389770604,0.7241379310344828,0.27586206896551724,0.06896551724137931,22286344.827586208,-8.380592312539402,-12.642369020501153,-4.105656273983894,-2.8662407568201798,64.99346273760435,32.14811575187696,0.0,0.0,659601.7,-5653.0,-0.7555779509709759,0.0655064886472327,0.9843881798308225,-0.5,0.0
2024-07-17,,,,1457.4,1484.6,1522.75,1592.6666666666667,1518.0765285270431,37.0,32.14285714285715,-43.394345842929624,-35.67278945953627,-7.721556383393356,1622.854944932638,1422.645055067362,1522.75,200.20988986527618,-93.33333333333333,12.004617792161707,16.017011097646986,3.9798311811911447,-83.44090007012844,6.94980694980695,28.957528957528954,56.28060746148224,57.45212171292477,1593.0,1587.0,1439.0,0,1,721928.9,58700057,1524.492740997994,0.34375,0.65625,0.46875,18946906.25,-9.325771896660385,-12.642369020501153,-5.225785132451491,-2.8662407568201798,64.99346273760435,31.988795518207294,0.0,0.0,667389.45,44081.0,5.936707087793391,0.07652586610062358,0.922814505213624,-0.5,0.0
2024-07-18,,,,1456.2,1473.1,1516.35,1591.9333333333334,1512.4501924768485,35.857142857142854,29.04564315352698,-42.64664537587373,-37.06756064280376,-5.579084733069969,1615.521886933047,1417.1781130669528,1516.35,198.34377386609412,-81.21212121212122,17.660399400381948,16.56480719855864,19.851583804028564,-62.89211009621063,7.9681274900398416,29.28286852589642,54.67573255697499,17.506731357067757,1428.0,1583.0,1439.0,0,0,718140.65,59412018,1518.0550455076823,0.6666666666666666,0.3333333333333333,0.6666666666666666,23732033.333333332,-7.83322804801011,-12.642369020501153,-4.29988733840414,-2.8662407568201798,64.99346273760435,31.21124676285609,0.0,0.0,673359.05,-42952.0,-5.460483576723529,0.07828853613767231,0.9331961974457166,-0.5,0.0
2024-07-19,,,,1450.2,1465.0,1509.55,1590.5333333333333,1505.8358884314343,35.0,28.22580645161291,-42.851191786289974,-38.22428687150101,-4.626904914788966,1609.2832758699706,1409.8167241300293,1509.55,199.46655173994122,-90.9090909090909,17.587553088626724,16.905722495248,18.951214275384174,-67.41117610220743,5.714285714285714,31.428571428571427,54.97957617879096,0.0,1593.0,1583.0,1439.0,0,0,711074.75,58816970,1511.3109542280893,0.4074074074074074,0.5925925925925926,0.5925925925925926,22038814.814814813,-8.843967150979159,-12.642369020501153,-4.587969126875103,-2.8662407568201798,64.99346273760435,30.55452510393349,0.0,0.0,681643.5,45356.0,6.0991467703003455,0.08400380741012398,0.9486931981456548,-0.6,0.0
2024-07-22,,,,1444.6,1458.4,1504.25,1589.0833333333333,1498.4229466760596,35.07142857142857,18.220338983050837,-43.71969747210005,-39.32336899162082,-4.396328480479234,1609.6192754577555,1398.8807245422445,1504.25,210.73855091551104,-90.1639344262295,18.040824866102028,17.28408995219934,19.5542946939074,-73.59275535167423,3.4623217922606924,35.84521384928717,56.79142445232453,0.0,1593.0,1583.0,1428.0,0,1,708735.6,57970516,1504.0195693335193,0.45,0.55,0.375,21161350.0,-9.791535060012635,-12.07590569292697,-3.8997798926779725,-2.623900864091387,64.99346273760435,30.477067200953048,0.0,0.0,688589.85,-9812.0,-1.243597916859418,0.08760119918421368,0.8878227633649776,-0.3,0.0
2024-07-23,,,,1435.0,1448.7,1497.0,1586.65,1489.6207612783396,34.92857142857143,15.019762845849797,-45.656906229106426,-40.590076439117944,-5.066829789988482,1608.5951328874894,1385.4048671125106,1497.0,223.1902657749788,-97.90575916230367,13.71498029048152,16.094386731626734,8.956167408191092,-77.99065976348506,3.4764826175869117,37.62781186094069,59.306584215817104,0.0,1593.0,1583.0,1406.0,0,1,712305.9,57371288,1498.5912817091646,0.125,0.875,0.6875,18725875.0,-11.181301326595083,-12.07590569292697,-5.460433684720283,-2.623900864091387,64.99346273760435,30.28753993610223,0.0,0.0,698242.9,36845.0,4.728634516144359,0.0924696810468786,0.8606013836912325,-0.6,0.0
2024-07-24,,,,1432.6,1445.0,1490.5,1584.2,1483.656879251831,35.285714285714285,22.26415094339623,-44.979142078851055,-41.46788956706457,-3.5112525117864877,1602.5234937763523,1378.4765062236477,1490.5,224.04698755270465,-85.79545454545455,20.254431304765458,17.48106825600631,25.80115740228375,-60.87984972281401,2.6315789473684212,37.24696356275304,62.518391056029614,30.64209575852813,1402.0,1583.0,1406.0,0,0,712787.1,58057887,1492.7164202560157,0.6071428571428571,0.39285714285714285,0.75,24521392.85714286,-9.854706253948198,-12.07590569292697,-4.64190648675735,-2.623900864091387,64.69703336414824,30.03194888178915,0.0,0.0,706127.25,-35642.0,-4.367710168939043,0.09132124747804286,0.8824060026899667,-0.5,0.0
2024-07-25,,,,1423.2,1439.7,1484.65,1581.3833333333334,1476.8324145611805,33.785714285714285,25.652173913043484,-45.132128661085744,-42.200737385868806,-2.9313912752169387,1600.3670323630577,1368.9329676369425,1484.65,231.43406472611514,-87.85714285714286,20.959094554054165,18.640410355355595,25.596462951451308,-64.85634023336141,2.748414376321353,32.76955602536998,65.63204584436983,44.97265382224988,1535.0,1583.0,1406.0,0,0,714013.55,57360568,1486.7991219494363,0.4857142857142857,0.5142857142857142,0.42857142857142855,19923400.0,-10.802274162981673,-11.240535818287734,-4.316451955777454,-2.623900864091387,64.69703336414824,29.90791204660779,0.0,0.0,711442.15,-1782.0,-0.22834677956719007,0.092650359253676,0.8700462156509909,-0.3,0.0
2024-07-26,,,,1412.6,1431.4,1476.15,1578.4,1468.562660793449,32.857142857142854,26.576576576576585,-46.49264944590118,-43.05911979787528,-3.433529648025896,1593.5252865585521,1358.774713441448,1476.15,234.75057311710407,-99.2,14.389396369369445,17.22340569336021,8.721377721387917,-66.20119602149165,2.8260869565217397,26.52173913043478,68.07932209446298,48.88266451659868,1535.0,1583.0,1390.0,0,1,703164.95,56650153,1478.6283586091713,0.02564102564102564,0.9743589743589743,0.5641025641025641,18215769.230769232,-12.192040429564111,-12.192040429564111,-6.777272081637941,-2.623900864091387,64.69703336414824,29.354654483152494,0.0,0.0,722355.4,61256.0,7.867353360475726,0.09452952297501008,0.888383827653269,-0.3,0.0
2024-07-29,,,,1395.2,1419.9,1465.65,1575.2,1456.4138359559777,34.857142857142854,19.083969465648863,-50.93758567963505,-44.63481297422724,-6.302772705407811,1592.056653722137,1339.243346277863,1465.65,252.81330744427396,-96.47058823529412,11.0854682263458,15.17742653768874,2.9015516036599216,-92.63041703880513,2.6639344262295084,36.0655737704918,70.91964445188795,17.19065941104195,1535.0,1583.0,1341.0,0,1,714545.2,55698884,1466.7049164512848,0.10344827586206896,0.896551724137931,0.8448275862068966,16401189.655172413,-15.287428932406822,-15.287428932406822,-7.643352153574753,-3.19404806523269,64.69703336414824,29.110099504491806,1.0,0.0,732227.5,-3137.0,-0.37351196500393646,0.09545635647210136,0.8984964801426429,-0.3,0.0
2024-07-30,,,,1383.2,1409.1,1454.05,1571.0166666666667,1445.8982325315988,32.5,24.122807017543863,-53.44073987210891,-46.39599835380357,-7.044741518305337,1579.6231701144652,1328.4768298855347,1454.05,251.1463402289305,-92.46575342465754,10.126630558857398,13.493827878078294,3.3922359204156045,-89.71372498749105,2.857142857142857,32.08791208791209,73.15588539547534,38.503783542136915,1335.0,1583.0,1341.0,0,0,711075.2,56304575,1456.7333378851256,0.3888888888888889,0.6111111111111112,0.2777777777777778,33649500.0,-14.971572962728995,-15.287428932406822,-8.918641439374607,-3.19404806523269,64.1587636108184,28.881675813144167,1.0,0.0,740758.1,-48238.0,-5.7650684988807654,0.08839188876191503,0.9052659436680509,-0.2,-1.0
2024-07-31,,,,1372.8,1402.7,1443.65,1567.2,1439.1460199095418,34.42857142857143,32.421875,-52.47949897023409,-47.61269847708968,-4.86680049314441,1558.2279899869006,1329.0720100130995,1443.65,229.1559799738011,-66.66666666666667,19.343679631830856,15.44377846266248,27.14348197016761,-74.24687044527,7.468879668049793,32.98755186721991,72.88850300827728,73.6069326833437,1324.0,1574.0,1341.0,0,0,726966.45,57353990,1443.876984740263,0.9107142857142857,0.08928571428571429,0.5178571428571429,18739553.57142857,-12.642947903430757,-15.287428932406822,-7.195892357056406,-3.19404806523269,63.807179487179496,28.881675813144167,1.0,0.0,745068.8,-81067.0,-10.281284123724943,0.08023773642603181,1.0259896376586075,-0.2,-1.0
2024-08-01,,,,1359.8,1391.5,1432.3,1563.1833333333334,1430.3702084895854,36.642857142857146,27.173913043478265,-53.361951266825145,-48.76254903503678,-4.599402231788368,1537.0625887421854,1327.5374112578145,1432.3,209.52517748437094,-84.35374149659864,18.980442505876656,16.622666477067206,23.69599456349556,-72.52711960845836,8.771929824561402,30.994152046783626,72.78035323949403,69.84295980835778,1471.0,1524.0,1341.0,0,0,738903.1,56467262,1432.9176421779798,0.125,0.875,0.5833333333333334,18473500.0,-11.61417322834646,-15.287428932406822,-7.812392577048692,-3.19404806523269,63.655757575757576,28.015427769985983,1.0,0.0,750793.55,21225.0,3.0003222961052955,0.06858593753681484,1.090260310503554,-0.5,-1.0
2024-08-02,,,,1356.0,1384.3,1424.65,1559.1666666666667,1424.7159029191484,36.92857142857143,34.98233215547704,-51.53068795199647,-49.31617681842872,-2.214511133567747,1523.3900094877874,1325.9099905122127,1424.65,197.4800189755747,-67.58620689655173,26.39631839573063,19.880550449955013,39.42785428728187,-68.3352640596305,8.704061895551257,27.6595744680851,72.02559317208927,100.0,1324.0,1503.0,1341.0,0,0,738163.25,57290594,1422.6590272318938,0.926829268292683,0.07317073170731707,0.5853658536585366,20081268.292682927,-8.782435129740529,-15.287428932406822,-5.310775317053043,-2.6413288530851986,63.431498079385406,28.015427769985983,1.0,0.0,750674.85,-56335.0,-7.731431731876393,0.06884597547777348,1.1660117364106186,-0.4,0.0
2024-08-05,,,,1358.4,1376.8,1417.6,1554.8166666666666,1417.8858169268487,37.5,33.11036789297658,-50.94459062041301,-49.64185957882559,-1.3027310415874211,1515.6234128851272,1319.5765871148726,1417.6,196.0468257702546,-80.0,26.077077760896444,21.946059553602154,34.33911417548502,-69.63981525296772,8.571428571428571,26.666666666666668,71.25745661447903,90.62262861325334,1469.0,1503.0,1341.0,0,0,731106.0,56577829,1414.4482657325566,0.5588235294117647,0.4411764705882353,0.5294117647058824,20963676.470588233,-9.980039920159701,-15.287428932406822,-5.057873827807291,-2.6413288530851986,63.38028169014085,28.015427769985983,1.0,0.0,748913.35,-15651.0,-2.3279301040882716,0.0725354782060117,1.1557206954107972,-0.4,0.0
2024-08-06,,,,1356.2,1369.7,1409.2,1550.1833333333334,1409.991929600482,37.92857142857143,32.781456953642376,-51.3407298549796,-49.981633634056394,-1.359096220923206,1505.1815771794695,1313.2184228205306,1409.2,191.96315435893894,-91.15646258503402,21.397064186276644,21.763061097826984,20.665070363175957,-75.82810870889831,8.474576271186441,27.683615819209038,70.67421928729009,88.97499030461344,1469.0,1473.0,1335.0,0,1,745773.2,55700121,1406.6436350443628,0.34210526315789475,0.6578947368421053,0.47368421052631576,23097578.94736842,-9.368635437881878,-15.287428932406822,-6.114417392519122,-2.6413288530851986,62.70360454739456,28.015427769985983,1.0,0.0,746634.5,-23281.0,-3.5453497456077177,0.0779865979256385,1.2792373939600696,-0.2,0.0
2024-08-07,,,,1343.6,1358.2,1401.6,1545.8166666666666,1400.6593648766266,38.07142857142857,25.901639344262293,-52.900773644398214,-50.56546163612476,-2.335312008273455,1503.2172384876615,1299.9827615123384,1401.6,203.2344769753231,-98.0,15.105045591971546,19.543722595875174,6.22769158416429,-84.31436719888636,6.754221388367731,30.0187617260788,71.10608034340085,54.511402463432155,1469.0,1473.0,1312.0,0,1,743569.05,54984697,1399.0504743081133,0.09375,0.90625,0.71875,22357000.0,-10.930074677528868,-15.287428932406822,-5.847403805074173,-2.1108044473512098,62.70360454739456,27.13595583160801,1.0,0.0,742852.1,-4908.0,-0.7748878244092872,0.08529932568899538,1.2102213047827974,0.0,-1.0
2024-08-08,,,,1333.6,1346.7,1393.2,1541.2,1390.7870444121859,38.0,25.986842105263165,-54.71675355184152,-51.39572001926812,-3.321033532573402,1500.373445257603,1286.0265547423971,1393.2,214.3468905152058,-97.45222929936305,11.40336372798103,16.83026963991046,0.5495519041221755,-89.547470594925,6.766917293233083,31.76691729323308,70.79517173980932,54.9382150629495,1469.0,1473.0,1297.0,0,1,737101.7,54476941,1392.8488912497871,0.15384615384615385,0.8461538461538461,0.5769230769230769,19529076.92307692,-11.948404616429087,-15.287428932406822,-6.5134232122730875,-2.1108044473512098,62.70360454739456,26.902616902616895,1.0,0.0,738377.8,-14356.0,-2.2842631516976075,0.09368513118626003,1.132192743596772,0.3,-1.0
2024-08-09,,,,1321.0,1338.5,1384.95,1536.4833333333333,1382.9025639919778,38.214285714285715,30.0,-54.63848420807926,-52.04427285703035,-2.594211351048912,1491.6605775843436,1278.2394224156565,1384.95,213.42115516868716,-89.65517241379311,12.81057581865402,15.490371699491645,7.450984056978772,-68.68564051918717,10.654205607476634,27.476635514018692,68.06190226621678,75.04162876932762,1293.0,1459.0,1297.0,0,0,753290.9,55272579,1386.4445189987914,0.1111111111111111,0.8888888888888888,0.3055555555555556,22101055.555555556,-10.349554489376322,-15.287428932406822,-6.288232460449151,-2.1108044473512098,62.36838289721695,26.902616902616895,1.0,0.0,731210.8,-60165.0,-9.796977128174067,0.10968421453779507,1.1745262072380167,0.3,-1.0
2024-08-12,,,,1311.2,1334.8,1377.35,1530.95,1375.3880340879798,38.785714285714285,31.914893617021278,-54.273589603045366,-52.49013620623336,-1.783453396812007,1484.4048801707984,1270.2951198292014,1377.35,214.10976034159694,-80.72289156626506,17.657192995911796,16.21264546496503,20.546288057805327,-79.84386333816097,10.497237569060774,31.49171270718232,65.69871818661478,80.70594690597719,1438.0,1459.0,1297.0,0,0,742700.5,54443924,1376.6435896659107,0.8,0.2,0.1,20716375.0,-10.623714873200852,-15.287428932406822,-5.850447191365109,-2.1108044473512098,61.87713866710119,26.902616902616895,1.0,0.0,720357.0,-22860.0,-4.126703890041217,0.1272383246189265,1.2694956654304166,0.3,-1.0
2024-08-13,,,,1297.6,1326.9,1368.0,1524.7666666666667,1365.065364174839,40.07142857142857,23.154362416107375,-56.32076802242864,-53.25626256947242,-3.064505452956219,1479.4422201008908,1256.5577798991092,1368.0,222.88444020178167,-93.14285714285714,14.756536624140203,15.727275851356755,12.8150581697071,-87.47251799901933,9.44741532976827,33.51158645276293,63.49975869043768,25.60259210253621,1438.0,1459.0,1267.0,0,1,754639.05,53558849,1367.5950745591551,0.24,0.76,0.74,17701500.0,-13.159698423577826,-15.287428932406822,-6.92145594107251,-2.8718111400450197,61.245861766096894,26.4586296823139,1.0,0.0,709858.65,1456.0,0.2741516080987605,0.14168475979955805,1.3247379637344867,0.0,-1.0
2024-08-14,,,,1283.4,1313.5,1358.1,1517.8333333333333,1353.2496152058068,41.07142857142857,22.330097087378647,-59.3569246983277,-54.476394995243474,-4.880529703084228,1477.8539582906483,1238.3460417093515,1358.1,239.50791658129674,-89.04761904761905,14.752220997290049,15.402257566667853,13.452147858534438,-101.55339012715318,9.217391304347826,36.52173913043478,61.72633068805802,20.417999545366182,1438.0,1459.0,1241.0,0,1,763183.85,52781652,1358.197330651935,0.48936170212765956,0.5106382978723404,0.5531914893617021,16536106.382978724,-14.941740918437318,-15.287428932406822,-7.308223335780799,-2.8718111400450197,60.19512195121951,25.96980155306299,1.0,0.0,693628.35,-70558.0,-13.249109471616693,0.16286639655358545,1.433523237839188,0.0,-1.0
2024-08-15,,,,1272.8,1303.2,1347.35,1510.6666666666667,1342.844889948111,40.42857142857143,24.827586206896555,-60.819931499122276,-55.74510229601924,-5.074829203103036,1467.5660773903398,1227.13392260966,1347.35,240.43215478067987,-85.14285714285714,15.612591775971143,15.472368969768949,15.893037388375536,-90.9074089511913,9.363957597173144,36.042402826855124,60.15591090752151,36.12709593625309,1218.0,1443.0,1241.0,0,0,756977.25,53369481,1349.0502724927776,0.6666666666666666,0.3333333333333333,0.1,19594300.0,-13.790713790713816,-15.287428932406822,-8.206084652609045,-2.8718111400450197,52.93896713615027,25.878904598619002,1.0,0.0,676879.85,-53316.0,-11.540484554893926,0.19039471117244683,1.5558377202447315,-0.2,-1.0
2024-08-16,,,,1259.0,1290.0,1337.15,1503.6666666666667,1332.9549004292433,37.92857142857143,29.268292682926827,-61.67191766499741,-56.930465369814875,-4.741452295182533,1457.8118153525488,1216.4881846474514,1337.15,241.32363070509746,-87.71929824561404,15.337971982102829,15.427569973880242,15.158775998548002,-79.6766602985751,10.734463276836157,28.248587570621464,57.20477876384278,54.837706999629575,1389.0,1428.0,1239.0,0,1,748176.85,52950441,1342.3061042987363,0.17391304347826086,0.8260869565217391,0.21739130434782608,18219130.43478261,-13.2352941176471,-15.287428932406822,-7.8399973634490285,-2.8718111400450197,49.45425397915952,25.878904598619002,1.0,0.0,655578.1,-45709.0,-11.18468220468587,0.21922788533870824,1.4994770747731492,0.0,-1.0
2024-08-19,,,,1244.8,1278.0,1327.4,1495.6166666666666,1323.4353861026486,38.714285714285715,27.1255060728745,-62.11524679592503,-57.96742165503691,-4.1478251408881235,1448.6642178314676,1206.1357821685326,1327.4,242.52843566293495,-91.2280701754386,14.290355305141723,15.04849841763407,12.77406908015703,-77.80759489004645,10.51660516605166,29.88929889298893,54.65459353079377,37.90167476090527,1389.0,1427.0,1233.0,0,1,723910.75,52589309,1334.5665395676656,0.3448275862068966,0.6551724137931034,0.20689655172413793,12452827.586206896,-13.594954449894935,-15.287428932406822,-7.5517590200299365,-2.8718111400450197,48.09059233449478,25.878904598619002,1.0,0.0,632718.8,-40963.0,-11.285630059013796,0.2506840208088543,1.4117241178957587,0.0,-1.0
2024-08-20,,,,1250.4,1274.0,1321.85,1488.7166666666667,1320.7272540928725,39.714285714285715,35.71428571428572,-56.808849427894756,-57.73570720960848,0.9268577817137214,1438.0209720059352,1205.6790279940647,1321.85,232.3419440118705,-54.97076023391813,30.565154902881364,20.220717246049833,51.25403021654443,-30.148157937729543,15.28776978417266,26.438848920863308,52.05796602037315,100.0,1218.0,1427.0,1233.0,0,0,728520.0,53280722,1329.137446924358,0.7647058823529411,0.23529411764705882,1.8235294117647058,20335676.470588233,-9.25017519271204,-15.287428932406822,-3.157705079986148,-2.8718111400450197,41.306965761511236,25.878904598619002,2.0,0.0,623802.25,315700.0,98.04256482082465,0.24473449157351995,1.296177001141301,0.4,0.0
2024-08-21,,,,1266.8,1275.1,1316.65,1482.6333333333334,1320.9437060840276,38.5,45.714285714285715,-49.77040306345066,-56.14264638037692,6.372243316926259,1421.7900569664528,1211.5099430335474,1316.65,210.28011393290535,-32.69230769230769,49.065294525418174,29.83557633917261,87.5247308979093,-4.028100698629731,18.181818181818183,27.272727272727273,49.494940810289116,99.99999999999999,1218.0,1412.0,1233.0,0,0,732949.75,54055916,1323.8469347773614,0.9354838709677419,0.06451612903225806,0.9032258064516129,25006258.064516127,-6.30311614730884,-15.287428932406822,-2.8324755909868964,-2.8718111400450197,40.8783943329398,25.878904598619002,2.0,0.05,617294.8,12540.0,1.9664326496817486,0.24032734947969264,1.1981536229129972,0.5,0.0
2024-08-22,,,,1270.8,1271.8,1309.25,1474.4333333333334,1315.5204959807868,40.714285714285715,33.01587301587301,-48.39531940967299,-54.593180986236135,6.197861576563142,1406.684188314949,1211.815811685051,1309.25,194.8683766298982,-69.33333333333333,46.77747463774055,35.48287577202859,69.36667236916446,-30.850636019301152,17.54385964912281,31.228070175438592,47.77564755188672,45.69658626598125,1368.0,1390.0,1233.0,0,0,749017.4,53037244,1316.8823737606097,0.125,0.875,0.8194444444444444,14148222.222222222,-9.06474820143891,-15.287428932406822,-3.806050165604641,-3.571898943430295,38.941636235505165,25.878904598619002,3.0,0.05,614843.65,79344.0,12.20220748243348,0.2373489079963857,1.1897242897913884,0.4,0.0
2024-08-23,,,,1273.2,1266.1,1302.3,1466.7333333333333,1309.3756868397595,39.714285714285715,33.54838709677419,-47.803498092215705,-53.23524440743205,5.431746315216344,1395.2065178154512,1209.3934821845487,1302.3,185.8130356309025,-76.7605633802817,41.27672621109309,37.414159251716754,49.00186012984577,-55.51052101702174,17.98561151079137,33.81294964028777,46.290233566472736,47.973826196762694,1368.0,1375.0,1233.0,0,0,748148.35,52344210,1309.9436934978646,0.2608695652173913,0.7391304347826086,0.5652173913043478,30131913.04347826,-9.018181818181858,-15.287428932406822,-3.6317466936448617,-3.571898943430295,38.6813060142359,25.878904598619002,3.0,0.05,610250.4,18414.0,2.5238936549033975,0.22907596449960943,1.1441295907803994,0.1,0.0
2024-08-26,,,,1276.4,1260.6,1297.7,1459.3166666666666,1303.625621426449,39.785714285714285,35.374149659863946,-46.95459537235911,-51.97911460041747,5.0245192280583595,1391.6430958778717,1203.7569041221284,1297.7,187.8861917557433,-74.79674796747967,36.99793979822108,37.27541943388486,36.44298052689352,-58.30788960012528,17.953321364452425,35.00897666068223,44.79583284008048,55.78150595944189,1368.0,1375.0,1233.0,0,0,744340.95,51469089,1303.2596543291081,0.5897435897435898,0.41025641025641024,0.05128205128205128,22439000.0,-9.163636363636407,-14.971572962728995,-2.552887003675875,-2.9185302273602014,37.69488882391435,25.878904598619002,2.0,0.05,608751.8,58756.0,7.85506971247365,0.22567132118586364,1.1367739446890284,-0.2,0.0
2024-08-27,,,,1270.4,1260.4,1293.65,1452.6833333333334,1299.9469908144063,40.214285714285715,41.81184668989547,-44.47805226851324,-50.47890213403663,6.000849865523392,1385.792395522325,1201.5076044776752,1293.65,184.28479104464986,-61.47540983606557,38.12683166035252,37.559223509374085,39.262047962309396,-40.20579554566918,19.53818827708703,32.326820603907635,42.038134848946655,83.31163382808204,1218.0,1375.0,1233.0,0,0,765546.25,52498886,1298.5392674185264,0.7368421052631579,0.2631578947368421,0.42105263157894735,27099921.05263158,-8.00000000000004,-14.941740918437318,-2.178838136750827,-2.9185302273602014,37.69488882391435,25.878904598619002,2.0,0.05,609269.9,-7904.0,-0.9797249977378519,0.2266794293381764,1.1777480103784057,-0.5,0.0
2024-08-28,,,,1256.2,1261.5,1287.5,1445.6166666666666,1295.3806107368437,40.57142857142857,42.10526315789473,-43.06790536642848,-48.996702780515,5.9287974140865245,1372.957283881375,1202.042716118625,1287.5,170.9145677627498,-72.1311475409836,34.71275956844014,36.610402195729435,30.91747431386156,-37.72493568167635,19.542253521126764,29.22535211267606,38.82224534090253,84.56639820191045,1340.0,1371.0,1233.0,0,0,754971.4,51660968,1292.022735960594,0.22580645161290322,0.7741935483870968,0.41935483870967744,27029612.903225806,-8.679795769511356,-14.941740918437318,-3.5046543321859978,-2.9185302273602014,37.69488882391435,25.878904598619002,2.0,0.05,616174.6,46665.0,5.8415002509848435,0.2377136299362194,1.1375182019932892,-0.9,0.0
2024-08-29,,,,1255.6,1263.2,1283.2,1438.6,1292.1062668571442,40.07142857142857,41.696113074204945,-40.75433835919489,-47.348229896250984,6.593891537056095,1364.610202386386,1201.7897976136142,1283.2,162.82040477277178,-60.55045871559633,35.32132689178061,36.18071042774649,33.602559819848835,-30.817033610940832,16.39928698752228,30.124777183600713,37.778264530187435,82.81671130783964,1218.0,1371.0,1233.0,0,0,748526.05,52418789,1286.4514194930157,0.5277777777777778,0.4722222222222222,0.25,21050583.333333332,-8.023340627279406,-14.941740918437318,-2.451196125345969,-2.9185302273602014,37.69488882391435,25.878904598619002,2.0,0.05,621337.0,-13621.0,-1.6109651125109092,0.2451930877576274,1.0404630628379605,-0.8,0.0
2024-08-30,,,,1258.2,1265.7,1277.85,1430.6833333333334,1289.429479537416,39.857142857142854,42.90780141843972,-38.23796149188411,-45.52617621537761,7.288214723493503,1348.2900454284393,1207.4099545715605,1277.85,140.88009085687872,-57.79816513761468,36.08880538659961,36.150075414030866,35.966265331737105,-20.074900470919278,17.741935483870968,24.551971326164878,35.35695702413417,87.99836786889108,1218.0,1353.0,1233.0,0,0,753754.75,53346695,1281.1915979965631,0.43243243243243246,0.5675675675675675,0.08108108108108109,25078540.54054054,-6.5779748706578545,-14.941740918437318,-3.1484314608082653,-2.9185302273602014,37.69488882391435,25.878904598619002,2.0,0.05,630582.85,25334.0,3.045328928941915,0.25527379299068254,1.0716492397133819,-0.4,0.0
2024-09-02,,,,1244.0,1260.2,1269.1,1421.7,1278.8171481529002,42.785714285714285,36.5558912386707,-42.69107976972464,-44.95915692624702,2.2680771565223807,1343.5945070384907,1194.605492961509,1269.1,148.98901407698168,-100.0,24.05920359106641,32.119784806376046,7.938041160447142,-94.02088397424518,16.52754590984975,31.719532554257096,33.60490643577581,60.83509835754194,1327.0,1335.0,1178.0,0,1,785624.8,51996529,1271.7339717805921,0.0,1.0,0.945054945054945,14836989.01098901,-11.760299625468217,-14.941740918437318,-4.3416566578873335,-4.576773395715533,37.34138297277657,25.878904598619002,3.0,0.05,650379.1,195357.0,22.789306499648276,0.28697939886533624,1.1112435463722643,-0.4,0.0
2024-09-03,,,,1219.6,1245.0,1259.5,1412.9666666666667,1265.8821816621478,42.5,35.58823529411765,-48.48550486182535,-45.664426513362685,-2.821078348462663,1346.6477873618453,1172.3522126381547,1259.5,174.2955747236906,-98.9247311827957,16.39789199977904,26.879153870843712,-4.564631742350301,-135.45685589277153,16.63865546218487,31.932773109243698,31.59005442026596,51.51914539400668,1327.0,1323.0,1143.0,0,1,805324.2,50724833,1258.983171373715,0.044444444444444446,0.9555555555555556,0.7777777777777778,28259911.111111112,-13.605442176870774,-14.941740918437318,-4.778801438934418,-4.576773395715533,36.70739955810074,25.878904598619002,3.0,0.05,674658.95,66391.0,6.307406126613646,0.31706537882311353,1.0807204244088855,-0.5,0.0
2024-09-04,,,,1194.0,1225.1,1250.1,1403.9333333333334,1252.3695929324194,43.5,33.14606741573034,-53.98842475037327,-47.329226160764804,-6.659198589608465,1352.6073039757703,1147.5926960242296,1250.1,205.0146079515407,-95.30516431924883,12.881245738644118,22.213184493443848,-5.782631770955341,-130.16320240671564,16.25615763546798,35.632183908045974,30.060547873028042,32.38814736091398,1327.0,1323.0,1124.0,0,1,830738.95,49501114,1246.974490883488,0.22727272727272727,0.7727272727272727,0.4318181818181818,27811795.454545457,-15.041572184429342,-15.041572184429342,-4.761715181823742,-4.576773395715533,35.98501337318218,25.878904598619002,3.0,0.05,698616.35,-11357.0,-1.0149430865101117,0.3354112671770803,1.1034814278658753,-0.2,0.0
2024-09-05,,,,1167.0,1211.3,1241.55,1395.35,1240.3343936055223,44.857142857142854,33.994334277620396,-57.525032358205635,-49.36838740025297,-8.156644957952665,1355.4760609710559,1127.623939028944,1241.55,227.8521219421118,-94.36619718309859,10.926678445645786,18.451015810844495,-4.121996284751631,-105.85468800118561,15.445859872611466,34.554140127388536,29.58119246429019,36.95147469199022,1114.0,1323.0,1124.0,0,0,882819.0,51050471,1235.5082559014552,0.19047619047619047,0.8095238095238095,0.047619047619047616,36889452.38095238,-14.890400604686327,-15.041572184429342,-4.326092794734967,-4.576773395715533,35.75406672180866,25.878904598619002,3.0,0.05,722678.95,-12252.0,-1.106153543356847,0.34512405695761517,1.2041823541812182,-0.2,0.0
2024-09-06,,,,1138.8,1198.5,1232.3,1386.7166666666667,1229.1596894526156,44.92857142857143,34.28571428571429,-59.87963908960478,-51.47063773812334,-8.409001351481443,1353.3290961100784,1111.2709038899216,1232.3,242.0581922201568,-94.44444444444444,9.583302871809835,15.495111497832943,-2.2403143802363807,-98.98588654364308,15.421303656597773,33.704292527821934,28.814879821398215,10.000000000000073,1327.0,1323.0,1123.0,0,1,904764.55,49815922,1224.371049112538,0.4,0.6,0.1,41151633.33333333,-15.117157974300833,-15.117157974300833,-4.728446087593408,-4.576773395715533,35.71783055654024,25.878904598619002,3.0,0.05,749775.1,506.0,0.0461944365830691,0.34591401409631817,1.2130013717831205,-0.6,0.0
2024-09-09,,,,1126.8,1185.4,1223.0,1378.8166666666666,1218.5730523618902,42.714285714285715,19.795221843003418,-61.44088779267122,-53.46468774903292,-7.9762000436383005,1349.3012272306141,1096.6987727693859,1223.0,252.60245446122826,-88.55932203389831,11.028043838938515,14.006088944868134,5.071953627079278,-94.06890686279625,7.692307692307692,38.795986622073585,31.685046742048886,0.0,1327.0,1323.0,1118.0,0,1,936778.05,48346997,1212.4711435471118,0.6923076923076923,0.3076923076923077,0.1282051282051282,37664743.589743584,-15.495086923658352,-15.495086923658352,-4.775651015661951,-4.576773395715533,35.71783055654024,25.760807275445366,3.0,0.05,778440.9,8533.0,0.77864648920134,0.3410989603210174,1.222470263002612,-0.6,0.0
2024-09-10,,,,1115.4,1167.5,1213.95,1370.7,1205.9470473750434,43.142857142857146,10.101010101010104,-64.51661383874693,-55.675072966975726,-8.841540871771208,1352.3369099375525,1075.5630900624476,1213.95,276.7738198751049,-100.0,7.352029225959011,11.788069038565093,-1.5200503992531509,-90.99224499049599,3.973509933774834,39.23841059602648,36.08570355649881,0.0,1327.0,1323.0,1086.0,0,1,952147.4,47154535,1202.3866871347861,0.0,1.0,0.8648648648648649,32228702.702702705,-17.913832199546476,-17.913832199546476,-4.781494893300404,-4.576773395715533,35.61344537815127,25.487256371814098,3.0,0.05,808871.7,36756.0,3.3281148559999085,0.3346474559442687,1.204164773363774,-0.6,0.0
2024-09-11,,,,1108.4,1151.2,1206.35,1362.4,1194.8092333393251,40.642857142857146,13.692946058091295,-65.95182240659847,-57.73042285490028,-8.221399551698184,1354.8105565194473,1057.8894434805525,1206.35,296.9211130388949,-85.96491228070175,9.579715390405422,11.051951155845202,6.635243859525861,-89.8454207986958,3.8664323374340945,39.894551845342704,39.96225807880179,10.948757293350004,1057.0,1323.0,1086.0,0,0,989668.35,48682151,1191.4118450051137,0.8648648648648649,0.13513513513513514,0.08108108108108109,41286918.91891892,-17.68707482993197,-17.913832199546476,-4.045213166522449,-4.576773395715533,35.61344537815127,24.686630369026016,3.0,0.05,840288.75,-50833.0,-4.454482918771607,0.3150170878900021,1.2634126494835471,-0.8,0.0
2024-09-12,,,,1092.8,1129.9,1196.55,1353.4166666666667,1180.8274015927227,43.57142857142857,12.267657992565063,-69.59534111466883,-60.10340650685399,-9.491934607814834,1359.696011451675,1033.4039885483248,1196.55,326.29202290335024,-92.578125,9.025365815825836,10.37642270917208,6.3232520291333465,-90.56972385557644,3.6065573770491803,40.16393442622951,43.7454754856147,6.6042663867705365,1285.0,1323.0,1048.0,0,1,1058055.7,46726575,1177.5913131825985,0.296875,0.703125,0.640625,30555875.0,-20.786092214663643,-20.786092214663643,-5.161014073454324,-4.576773395715533,35.61344537815127,23.939883839291063,3.0,0.05,880690.75,126383.0,11.591240099345889,0.29171615888947305,1.3019724365924676,-0.9,0.0
2024-09-13,,,,1072.4,1105.6,1185.65,1344.1166666666666,1165.6057442981776,44.07142857142857,11.224489795918359,-73.81068664247687,-62.84486253397857,-10.965824108498296,1365.1631134337965,1006.1368865662037,1185.65,359.02622686759287,-98.87640449438203,6.612148639121986,9.121664685822049,1.593116545721859,-89.61289893792075,3.565640194489465,38.411669367909234,47.37463214140574,3.4245339144501217,1285.0,1323.0,1021.0,0,1,1122349.0,45021669,1165.4707835827655,0.06521739130434782,0.9347826086956522,0.5869565217391305,37063173.91304348,-22.826908541194246,-22.826908541194246,-5.780120562570438,-4.576773395715533,35.61344537815127,23.19742538424536,3.0,0.05,924369.85,19833.0,1.6300448338353757,0.25726582419300276,1.3524167793735995,-0.9,0.0
2024-09-18,,,,1054.8,1090.8,1175.5,1335.7166666666667,1152.690911507875,44.0,9.059233449477347,-75.55421163842402,-65.38673235486766,-10.16747928355636,1366.3391441694455,984.6608558305545,1175.5,381.678288338891,-90.74733096085409,9.963654648303546,9.402328006649213,11.086307931612211,-82.5601511999036,1.9480519480519478,40.746753246753244,52.10441717485242,0.0,1004.0,1323.0,1021.0,0,0,1166556.4,46266949,1156.8815797361647,0.7027027027027027,0.2972972972972973,0.24324324324324326,33656216.216216214,-22.146636432350707,-22.826908541194246,-5.293043427048222,-4.576773395715533,35.61344537815127,22.98950935036163,3.0,0.05,970766.9,13396.0,1.0833384551186098,0.2079930027711924,1.2856594538755992,-0.5,0.0
2024-09-19,,,,1051.4,1083.4,1164.2,1327.6833333333334,1144.720348507125,45.857142857142854,20.7667731629393,-72.94809348267404,-66.89900458042894,-6.049088902245103,1351.9855439757637,976.4144560242364,1164.2,375.57108795152726,-76.86832740213524,20.531325321091252,13.111993778129893,35.36998840701397,-60.92096170936016,6.853582554517134,39.09657320872274,55.6982668789634,34.58799120895527,1004.0,1323.0,1021.0,0,0,1230051.0,48228254,1144.9130480768683,0.9122807017543859,0.08771929824561403,0.6842105263157895,34408859.64912281,-19.19879062736205,-22.826908541194246,-5.992122463920103,-4.576773395715533,35.61344537815127,22.316907858582162,2.0,0.05,1000588.45,-15810.0,-1.2648566655786175,0.19390846159273942,1.3945122867756852,-0.4,0.0
2024-09-20,,,,1041.2,1074.8,1149.95,1319.0333333333333,1134.5565057921608,46.07142857142857,16.716417910447774,-72.54788018705585,-68.02877970175433,-4.5191004853015215,1330.0955259679604,969.8044740320397,1149.95,360.2910519359207,-87.90035587188612,21.960056296785893,16.06134795101523,33.75747298832722,-59.83088929411397,6.511627906976744,38.44961240310078,58.66487881109258,22.62188600708817,1285.0,1265.0,1021.0,0,0,1265985.1,46734378,1133.860985278052,0.21052631578947367,0.7894736842105263,0.8157894736842105,39312526.315789476,-17.94466403162054,-22.826908541194246,-7.873330338871257,-4.576773395715533,35.61344537815127,21.964675387304847,2.0,0.0,1030931.15,22963.0,1.8606569464904243,0.17801094407971105,1.3519718822262865,-0.5,0.0
2024-09-23,,,,1044.0,1068.4,1139.85,1311.25,1127.6463623833836,47.214285714285715,21.629213483146074,-69.493036377816,-68.32163103696666,-1.1714053408493328,1315.6708118929434,964.0291881070564,1139.85,351.6416237858871,-78.11320754716981,29.983952875105935,20.702216259045464,48.54742610722688,-50.74933417949181,6.354009077155824,38.72919818456883,62.64419206978247,45.71457422221308,1004.0,1265.0,1021.0,0,0,1302967.05,48492689,1122.614199479053,0.7547169811320755,0.24528301886792453,0.4528301886792453,33175679.24528302,-16.04743083003951,-22.826908541194246,-5.63414799803437,-3.9168657228208446,35.61344537815127,22.1371634513462,1.0,0.0,1055663.75,-32858.0,-2.6137998897459824,0.16467802348004804,1.3177697344616395,-0.4,0.0
2024-09-24,,,,1062.8,1067.6,1133.05,1303.8333333333333,1126.4419469182994,45.42857142857143,40.247678018575854,-62.07977656855019,-67.07326014328338,4.99348357473319,1301.119503166677,964.980496833323,1133.05,336.13900633335413,-39.010989010989015,51.0817388915272,30.82872380320604,91.58776906816952,-22.006662830319545,13.993710691823898,29.245283018867926,62.9145376411661,100.0,1004.0,1265.0,1021.0,0,0,1387170.95,50869801,1117.177957854918,0.8939393939393939,0.10606060606060606,0.803030303030303,36016848.484848484,-11.857707509881399,-22.826908541194246,-3.1680121995758137,-3.9168657228208446,35.73988735279059,22.1371634513462,2.0,0.0,1075951.5,-70483.0,-5.757290855788777,0.14787028091935017,1.454082179052453,-0.3,1.0
2024-09-25,,,,1082.6,1068.7,1127.05,1296.8,1126.6855710213185,47.57142857142857,47.682119205298015,-54.44739607333008,-64.54808732929271,10.10069125596263,1286.011729919198,968.088270080802,1127.05,317.92345983839596,-31.318681318681318,56.94826548812436,39.53523769817881,91.77432106801545,7.466676445158951,22.972972972972975,22.37237237237237,60.76001007244481,100.0,1004.0,1265.0,1021.0,0,0,1510312.25,54207748,1116.1694370264604,0.24,0.76,0.18666666666666668,44505960.0,-10.750988142292472,-22.826908541194246,-2.7228333963803806,-3.9168657228208446,35.98501337318218,22.1371634513462,2.0,0.05,1090866.85,-48692.0,-4.220303079680621,0.133818596601942,1.8589467659949466,-0.6,1.0
2024-09-26,,,,1097.4,1074.4,1120.95,1289.55,1128.2393261621453,48.5,53.1986531986532,-46.73031852210829,-60.984533567855834,14.254215045747543,1266.41256526919,975.4874347308102,1120.95,290.9251305383799,-23.626373626373628,63.4233857832917,47.49795372654977,95.27424989677556,8.568994277802004,22.53313696612666,18.85125184094256,58.72822614395382,100.0,1004.0,1264.0,1021.0,0,0,1598982.85,57010957,1113.3667657327699,0.6666666666666666,0.3333333333333333,0.24561403508771928,49179105.2631579,-9.572784810126544,-22.826908541194246,-2.736126172285007,-3.9168657228208446,36.70739955810074,22.1371634513462,2.0,0.1,1106782.6,12104.0,1.0953211759680892,0.11638028007423937,2.042945625856346,-0.3,1.0
2024-09-27,,,,1131.0,1086.1,1118.65,1283.2666666666667,1135.6451046228933,50.142857142857146,61.1731843575419,-35.125994873463014,-55.81282582897727,20.686830955514253,1256.6511822983628,980.6488177016375,1118.65,276.0023645967252,-0.9803921568627451,75.28879313657355,56.76156686322436,112.34324568327193,47.009796832363726,28.06267806267806,18.23361823361823,57.51495533832633,100.0,1004.0,1264.0,1021.0,0,0,1707802.15,60025261,1116.2367458470917,0.96875,0.03125,0.984375,47098500.0,-4.588607594936677,-22.826908541194246,-0.7494998410953772,-3.9168657228208446,36.70739955810074,22.1371634513462,3.0,0.15,1113042.25,-146457.0,-13.109666585509071,0.1060464978009691,2.4263256209462933,-0.2,1.0
2024-09-30,,,,1176.6,1110.3,1120.1,1278.5333333333333,1150.3455708492845,54.857142857142854,69.02050113895217,-18.933137372405326,-48.43688813766288,29.503750765257557,1264.843548169853,975.3564518301469,1120.1,289.4870963397061,-0.0,83.52586209104902,65.68299860583258,119.2115890614819,98.87770850910744,36.328125,15.755208333333332,57.6780390184003,100.0,1004.0,1290.0,1021.0,1,0,1815732.95,62941698,1124.6147449252749,1.0,0.0,0.875,30379552.083333332,0.0,-22.826908541194246,0.7846127253317036,-3.9168657228208446,36.70739955810074,22.1371634513462,4.0,0.2,1114318.9,-113281.0,-11.669899692081376,0.1031397911677637,2.8193500656194637,-0.2,1.0
2024-10-08,,,,1196.0,1129.4,1117.5,1273.3333333333333,1156.2174212445907,64.0,59.1796875,-12.252885628016429,-41.200087635733595,28.947202007717166,1252.9283652165216,982.0716347834784,1117.5,270.85673043304314,-40.05763688760807,75.14498590501073,68.83699437222529,87.76096897058159,95.42204773883535,37.94642857142857,12.388392857142858,56.52586604660985,83.58804938895655,1351.0,1290.0,1021.0,0,0,1914126.3,60045925,1130.6046458724625,0.16766467065868262,0.8323353293413174,0.46706586826347307,17339958.083832335,-6.04651162790698,-22.826908541194246,-0.6235164636979513,-6.084375919929354,36.97705499837151,22.1371634513462,5.0,0.25,1117140.35,56230.0,6.557969746801495,0.09740692193529377,3.0411692811660584,-0.3,1.0
2024-10-09,,,,1207.6,1145.1,1117.95,1268.2166666666667,1159.1490954117726,64.64285714285714,60.0,-8.873738128816967,-34.73481773435027,25.861079605533305,1254.281600383456,981.6183996165441,1117.95,272.6632007669118,-47.262247838616716,66.81398249797067,68.16265708080708,64.11663333229785,58.66391178643386,37.569060773480665,12.154696132596685,54.34743145438215,84.95612003123883,1351.0,1290.0,1021.0,0,0,1973796.65,57502352,1132.2671908560928,0.15217391304347827,0.8478260869565217,0.5434782608695652,55295065.217391305,-7.984496124031004,-22.826908541194246,0.4316788099554586,-3.8790014307984717,38.978903633454955,22.1371634513462,4.0,0.3,1113494.5,66011.0,7.224897664339025,0.10081850228497403,2.956321824913796,-0.4,1.0
2024-10-10,,,,1208.8,1153.1,1118.25,1262.3166666666666,1158.1825148963655,66.85714285714286,55.55555555555556,-9.156471704899332,-29.619148528460087,20.462676823560756,1254.8398586046587,981.6601413953414,1118.25,273.17971720931735,-58.21325648414986,57.40992956804934,64.57841457655451,43.07295955103902,32.57143294388372,36.324786324786324,13.354700854700855,51.76937730228992,77.54392776829141,1351.0,1290.0,1021.0,0,0,2052122.9,54664131,1133.6364506726181,0.19117647058823528,0.8088235294117647,0.5588235294117647,41738544.11764706,-10.93023255813953,-22.826908541194246,0.37639821036509863,-3.8790014307984717,40.537365029701675,22.1371634513462,4.0,0.35,1107359.3,16604.0,1.6948547012211268,0.10408391056576888,3.0242464264221516,-0.8,0.0
2024-10-11,,,,1204.4,1167.7,1121.25,1257.65,1160.6413230014737,64.85714285714286,62.734082397003746,-6.481616567016317,-24.991642136171336,18.51002556915502,1260.9713392132192,981.5286607867808,1121.25,279.4426784264383,-48.126801152737755,52.73656321485775,60.631130789322256,36.94742806592873,37.8831743226748,37.44493392070484,10.682819383259911,49.77550645026979,89.5158675188385,1004.0,1290.0,1021.0,0,0,2077103.55,56387463,1135.3176143288572,0.9714285714285714,0.02857142857142857,1.0,49238057.14285714,-8.217054263565904,-22.826908541194246,1.4620749509724957,-3.8790014307984717,41.71925979734305,22.1371634513462,4.0,0.4,1103953.35,43228.0,4.338962635818433,0.10530545216023007,2.734764122303864,-0.5,0.0
2024-10-14,,,,1191.6,1184.1,1126.25,1253.6666666666667,1166.8659589060953,67.57142857142857,68.6703096539162,-0.9616404154894553,-20.18564179203496,19.224001376545505,1273.6340311279873,978.8659688720126,1126.25,294.76806225597477,-36.023054755043226,51.55337276654474,57.60521144839642,39.4496954028414,61.324515780440734,42.600422832980975,9.090909090909092,48.47654879723676,99.41597051141493,1004.0,1290.0,1021.0,0,0,2167444.5,59743639,1141.3294310880856,0.7380952380952381,0.2619047619047619,0.5,39954476.190476194,-4.961240310077519,-22.826908541194246,2.193957928146635,-3.8790014307984717,41.870529983495324,22.1371634513462,4.0,0.45,1099429.0,-34620.0,-3.3304377187944656,0.10764304904522769,2.7224635329227205,-0.5,0.0
2024-10-15,,,,1208.0,1202.0,1134.8,1250.6833333333334,1178.9739628198006,72.71428571428571,71.71052631578947,8.798587514230803,-14.388795930781807,23.18738344501261,1300.1367854759967,969.4632145240032,1134.8,330.6735709519935,-17.065868263473053,59.97867127525747,58.39636472401677,63.14328437773888,89.24519548896511,46.36542239685659,7.07269155206287,47.23761215794225,100.0,1004.0,1294.0,1021.0,1,0,2314696.75,63923233,1153.6526220767364,0.7889908256880734,0.21100917431192662,0.6238532110091743,38344899.08256881,0.0,-22.826908541194246,3.346863122713922,-3.8790014307984717,42.26577081000373,22.1371634513462,5.0,0.5,1095390.5,10223.0,1.0173323660565448,0.10940589353703507,2.912058696073302,-0.1,0.0
2024-10-16,,,,1232.6,1220.1,1144.4,1248.25,1191.4526330274387,72.42857142857143,70.59829059829059,17.621574211142843,-7.986721902396878,25.608296113539723,1327.0223022062612,961.777697793739,1144.4,365.2446044125222,-12.462006079027356,66.96252503621815,61.251751494750565,78.38407211915333,95.17228786338919,45.167652859960555,7.100591715976332,47.42766195464379,97.9775365948276,1004.0,1310.0,1021.0,1,0,2433310.35,67764430,1167.1937705151338,0.5094339622641509,0.49056603773584906,0.3018867924528302,72475415.09433962,0.0,-22.826908541194246,3.720269239126741,-3.8790014307984717,43.46909827760893,22.1371634513462,5.0,0.55,1093299.0,47473.0,4.676654457761065,0.10979736218152546,3.1157829290635286,0.3,0.0
2024-10-17,,,,1239.6,1224.2,1149.3,1243.75,1190.742858453397,80.5,60.73529411764706,14.282072914294531,-3.532962939058596,17.815035853353127,1330.578616615591,968.0213833844089,1149.3,362.5572332311822,-50.75987841945289,52.083543822595054,58.195682270698725,39.859266926387704,47.755257502550435,40.63886424134871,15.173025732031942,45.61291182346364,78.08517473410029,1351.0,1310.0,1021.0,0,0,2663561.85,61966938,1176.078246584237,0.0,1.0,0.8289473684210527,38141394.7368421,-9.618320610687025,-22.826908541194246,1.9309250480392897,-6.225102077045983,46.10785241248818,22.1371634513462,6.0,0.6,1091335.3,39312.0,3.699677859246231,0.10953305699566601,3.598296837274596,0.3,0.0
2024-10-18,,,,1248.8,1226.6,1156.35,1240.2666666666667,1194.4816338387877,81.71428571428571,61.96581196581196,15.172411523153642,0.20811195338385113,14.964299569769791,1338.7183663703465,973.9816336296533,1156.35,364.73673274069324,-41.016949152542374,49.29600595924942,55.22912350021562,37.429770877317026,36.09934297293248,39.42307692307693,14.510489510489512,43.78285235468902,69.02786976587714,1056.0,1310.0,1021.0,0,0,2759743.8,65418193,1181.5254311106705,0.7,0.3,0.6571428571428571,49303642.85714286,-6.106870229007644,-22.826908541194246,2.560697800813588,-6.225102077045983,48.785426003969064,22.1371634513462,6.0,0.65,1091586.0,-6545.0,-0.5939788962792125,0.10951068855003615,3.896895474568212,0.0,0.0
2024-10-21,,,,1252.8,1222.2,1166.25,1236.7166666666667,1199.3881449017604,79.35714285714286,59.84962406015037,16.97341856401863,3.5611732755108068,13.412245288507822,1345.319965743942,987.1800342560579,1166.25,358.13993148788416,-42.68292682926829,51.19733730616628,53.885194768865844,45.82162238076717,40.51247221259188,36.36363636363636,14.941494149414941,44.24582797555938,50.63800025903379,1056.0,1310.0,1021.0,0,0,2780834.0,67795573,1188.2584833842413,0.9393939393939394,0.06060606060606061,0.48484848484848486,72041818.18181817,-4.885496183206117,-22.826908541194246,3.590754317557378,-6.225102077045983,53.670033670033675,22.1371634513462,6.0,0.7,1085444.6,-1459.0,-0.1331999203904477,0.10675105001137633,3.66358845830345,0.0,0.0
2024-10-22,,,,1247.0,1227.5,1178.45,1233.75,1205.6368930063545,77.35714285714286,60.14925373134328,19.706704210690532,6.790279462546753,12.916424748143779,1348.892736177719,1008.0072638222813,1178.45,340.8854723554376,-34.959349593495936,55.63155820411086,54.467315913947516,57.96004278443755,48.303320046428524,34.16435826408125,15.327793167128346,46.86977070279359,37.54671657864798,1056.0,1310.0,1030.0,0,0,2839148.55,70666770,1196.4065168000222,0.723404255319149,0.2765957446808511,0.40425531914893614,61089297.872340426,-3.435114503816794,-22.146636432350707,4.447861039071315,-6.225102077045983,56.28038194444446,22.1371634513462,6.0,0.75,1075626.8,-53695.0,-4.908642300347299,0.10281814164477189,3.392160488990167,-0.3,0.0
2024-10-23,,,,1236.0,1234.3,1189.7,1230.8666666666666,1210.3381412914637,77.21428571428571,58.408408408408405,20.82586870069622,9.597397310176646,11.228471390519573,1348.167795167414,1031.2322048325861,1189.7,316.9355903348278,-44.651162790697676,55.90490977048251,54.94651386612585,57.821701579195846,46.939792348404474,35.61517113783534,14.801110083256246,49.18317116827215,17.659288247523524,1351.0,1310.0,1038.0,0,0,2864483.95,68914782,1202.1382316292377,0.3090909090909091,0.6909090909090909,0.18181818181818182,31854327.272727273,-4.19847328244275,-19.19879062736205,4.104787302323282,-6.225102077045983,58.562664226726724,22.316907858582162,6.0,0.8,1065094.1,-902.0,-0.08671476035193582,0.0965931094817073,3.0063163383265143,-0.4,-1.0
2024-10-24,,,,1269.0,1254.3,1203.7,1229.9166666666667,1223.5440325970385,79.78571428571429,60.25824964131995,28.963950637872358,13.47070797571579,15.493242662156568,1366.6789783020488,1040.7210216979513,1203.7,325.9579566040975,-3.1818181818181817,69.3879954025439,59.76034104493186,88.64330411776797,77.0778364197707,35.98925693822739,14.32408236347359,50.74243752469153,29.109889182469196,1136.0,1349.0,1038.0,1,0,2902410.25,71634613,1212.719594189002,0.9292929292929293,0.0707070707070707,0.9494949494949495,27473040.404040404,0.0,-17.94466403162054,4.585919781828014,-6.225102077045983,59.31367481203007,22.98950935036163,7.0,0.85,1058074.65,54455.0,5.239634750647082,0.09001855026866708,2.4513786488844063,0.0,0.0
2024-10-25,,,,1292.8,1270.8,1219.25,1228.6166666666666,1235.492219968749,75.92857142857143,54.812398042414365,35.00986724804898,17.778539830182428,17.23132741786655,1374.8403866600108,1063.6596133399892,1219.25,311.1807733200217,-8.974358974358974,75.88829323132556,65.1363251070631,97.39222947985047,88.43206659622619,31.420507996237063,15.051740357478833,50.43691410074705,0.0,1370.0,1349.0,1062.0,0,0,2952533.3,71634613,1222.7153516834735,0.5,0.5,0.0,59436595.23809524,0.0,-16.04743083003951,5.230812410166292,-6.225102077045983,59.31367481203007,23.929118097256566,7.0,0.9,1050641.05,14680.0,1.3421775642402878,0.07998742564078506,2.2716411336228104,0.1,0.0
2024-10-28,,,,1326.0,1289.4,1236.75,1228.6166666666666,1252.30248473363,71.07142857142857,66.72240802675586,44.37336468054559,23.097504800255063,21.27585988029053,1396.5457577987784,1076.9542422012216,1236.75,319.59151559755674,-2.4734982332155475,82.94513666402096,71.07259562604905,106.69021873996479,102.66316017400386,32.36180904522613,15.879396984924625,49.25052934728914,70.48123787240421,1136.0,1412.0,1115.0,1,0,2993464.6,74211550,1234.6275314452246,0.9292929292929293,0.0707070707070707,0.6363636363636364,26029666.666666668,0.0,-11.857707509881399,5.5926147953732706,-6.225102077045983,59.879699248120296,23.929118097256566,7.0,0.95,1046521.95,33432.0,3.016171594830497,0.07337407538205876,2.2883336349362007,0.4,0.0
2024-10-29,,,,1346.4,1296.7,1249.35,1228.2333333333333,1263.2260576161414,73.14285714285714,64.5631067961165,47.61401520822187,28.000806881848426,19.613208326373446,1408.4636965223688,1090.236303477631,1249.35,318.2273930447377,-20.344827586206897,80.60288022499357,74.24935715903055,93.30992635691962,91.58957414080857,32.12890625,15.0390625,48.18772741492199,57.7028922727819,1426.0,1412.0,1129.0,0,0,3005708.15,71589567,1246.442241961072,0.21333333333333335,0.7866666666666666,0.6,34959773.33333333,-3.1869688385269046,-10.93023255813953,4.05392013729112,-6.225102077045983,60.02985074626866,23.929118097256566,6.0,1.0,1047193.65,25333.0,2.2185790339771083,0.07431930785959955,2.1855635481391307,0.3,0.0
2024-10-30,,,,1369.2,1302.6,1261.35,1228.7,1273.299766414604,74.64285714285714,68.90034364261169,49.76992071898553,32.35462964927585,17.41529106970968,1418.434321975449,1104.2656780245509,1261.35,314.16864395089806,-20.652173913043477,79.31348477584606,75.93739969796906,86.06565493160008,75.92633334940864,31.48325358851675,12.822966507177034,47.89344680990495,83.36985831971973,1150.0,1412.0,1143.0,0,0,3013981.6,75092983,1259.4455148631298,0.47191011235955055,0.5280898876404494,0.02247191011235955,39364224.71910112,-3.0453257790368227,-10.93023255813953,3.847831443692941,-6.225102077045983,60.17105291333861,24.686630369026016,6.0,1.0,1048762.0,-30759.0,-2.6353035923885604,0.0756657068975036,2.4649772746019734,0.1,0.0
2024-10-31,,,,1370.8,1319.9,1272.05,1228.8833333333334,1281.2712172322606,75.14285714285714,65.47406082289802,49.934576937173915,35.870619106855465,14.06395783031845,1424.269336208479,1119.830663791521,1272.05,304.43867241695807,-26.33587786259542,75.30851591691476,75.72777177095095,74.47000420884237,63.34859605077568,31.273764258555136,12.737642585551331,46.92989133468295,63.09374984022524,1426.0,1412.0,1149.0,0,0,2985043.45,72868537,1268.9571485131983,0.3953488372093023,0.6046511627906976,0.27906976744186046,51731302.325581394,-3.8951841359773476,-10.93023255813953,3.44721523718344,-6.225102077045983,60.35365853658537,25.686828716789147,6.0,1.0,1050583.55,17168.0,1.510694446033245,0.07748071129945683,2.3532877222460966,-0.3,0.0
2024-11-01,,,,1374.0,1333.4,1280.0,1228.7166666666667,1289.2453870196643,71.64285714285714,63.238095238095234,50.13270272706859,38.72303583089809,11.4096668961705,1434.288861009276,1125.711138990724,1280.0,308.57772201855187,-24.897959183673468,73.11166018392608,74.85573457527599,69.62351140122627,56.118411125530635,26.520438683948157,13.659022931206383,44.58587345533952,49.861718761814,1181.0,1412.0,1149.0,0,0,2929340.65,74768785,1276.1133931282454,0.8,0.2,0.22857142857142856,54292800.0,-3.3286118980170087,-10.93023255813953,2.637988616357867,-6.225102077045983,60.82287216562603,25.686828716789147,5.0,1.0,1059789.75,1236.0,0.1071429500199006,0.07765518278444597,2.231952434948904,-0.1,0.0
2024-11-04,,,,1359.0,1342.5,1282.35,1228.55,1293.7934453987439,70.07142857142857,54.432989690721655,47.482998400324504,40.475028344783375,7.007970055541129,1438.6981607451196,1126.0018392548802,1282.35,312.69632149023937,-36.326530612244895,66.29429827864575,72.00192247639924,54.87904988313878,37.750696665031015,20.89704383282365,18.450560652395517,39.77788808502559,0.0,1426.0,1412.0,1149.0,0,0,2905722.45,72324712,1279.5690430446996,0.5057471264367817,0.4942528735632184,0.3218390804597701,28092793.103448275,-5.3116147308782,-10.93023255813953,1.0125205853429053,-6.225102077045983,60.82287216562603,25.686828716789147,4.0,1.0,1070015.05,-92899.0,-8.0443526564401,0.06274786785992524,2.2408986052292743,-0.2,-1.0
2024-11-05,,,,1363.0,1354.7,1291.1,1228.8166666666666,1302.670260122673,71.14285714285714,57.41811175337186,48.854506424666624,42.150923960760025,6.703582463906599,1450.4300447431547,1131.7699552568452,1291.1,318.6600894863095,-15.918367346938776,69.83722449345615,71.28035648208487,66.9509605161987,54.94712618120743,20.180722891566266,18.17269076305221,34.949703328953845,20.63350404349667,1181.0,1412.0,1149.0,0,0,2851506.35,74136163,1283.982998494813,0.8823529411764706,0.11764705882352941,0.7352941176470589,26638985.29411765,-1.7705382436260741,-10.93023255813953,3.10385104935634,-3.5221965697087407,60.82287216562603,25.686828716789147,3.0,1.0,1079771.8,46859.0,4.412601136038341,0.052391020928271755,2.1183596142389804,0.2,0.0
2024-11-06,,,,1365.8,1367.5,1300.9,1229.3166666666666,1310.3207115395614,63.42857142857143,75.06297229219143,49.05321491753102,43.531382152114226,5.5218327654167965,1457.3553408617672,1144.444659138233,1300.9,312.91068172353425,-17.551020408163264,69.1145406397477,70.55841786797248,66.22678618329815,59.18729808335849,24.0990990990991,9.234234234234233,34.875890019846416,100.0,1426.0,1412.0,1149.0,0,0,2819063.9,72241439,1291.271787306181,0.4318181818181818,0.5681818181818182,0.09090909090909091,43061909.090909086,-2.053824362606238,-10.93023255813953,3.517155044135704,-3.5221965697087407,61.33170987919591,25.686828716789147,3.0,1.0,1084197.0,-40620.0,-3.663436433245104,0.0475636096926312,1.8565540466547141,0.4,0.0
2024-11-07,,,,1371.4,1371.1,1312.7,1230.15,1317.4330247262699,61.642857142857146,71.95467422096317,48.80943137299414,44.58699199629021,4.222439376703932,1455.9599404100022,1169.4400595899979,1312.7,286.51988082000435,-19.43127962085308,69.13400453677416,70.0836134242397,67.23478676184305,50.29040928924416,24.797219003476247,10.660486674391656,34.4243209535381,84.93310376807194,1215.0,1412.0,1184.0,0,0,2768989.35,74078169,1300.700055852508,0.7555555555555555,0.24444444444444444,0.044444444444444446,40816222.22222222,-1.912181303116156,-9.618320610687025,4.355522480206406,-3.5085364271349206,62.11946605205032,25.686828716789147,3.0,1.0,1088579.2,15744.0,1.473915790951863,0.04340191963775113,1.809806197641797,0.8,1.0
2024-11-08,,,,1369.0,1371.5,1321.15,1230.8333333333333,1320.8203557047204,64.14285714285714,64.49864498644986,45.50949348057384,44.771492293146935,0.738001187426903,1451.83125142363,1190.4687485763702,1321.15,261.36250284725975,-37.43589743589744,61.126930342811846,67.09805239709708,49.18468623424138,40.58444967715337,25.389755011135858,11.247216035634745,34.19913793520198,48.79139013433333,1426.0,1412.0,1184.0,0,0,2804374.75,71647129,1307.5552166247874,0.16176470588235295,0.8382352941176471,0.47058823529411764,35750588.23529412,-4.178470254957512,-9.618320610687025,3.1589825629744195,-3.5085364271349206,62.834884965222045,25.754990925589844,3.0,1.0,1094249.45,68989.0,6.364774489606706,0.04372665874019502,1.9024350671522015,0.4,0.0
2024-11-11,,,,1366.8,1362.9,1326.15,1231.3166666666666,1321.3136551614136,66.71428571428571,58.09018567639257,40.251599194710934,43.86751367345973,-3.615914478748799,1448.9151159090907,1203.3848840909095,1326.15,245.53023181818116,-53.191489361702125,49.694376326102216,61.29682704009879,26.48947489810908,9.329610427362399,21.19914346895075,15.524625267665956,32.58429461743016,17.727576684482326,1426.0,1412.0,1184.0,0,0,2752551.45,69327419,1314.4965330620796,0.3373493975903614,0.6626506024096386,0.3253012048192771,27948313.25301205,-6.090651558073645,-9.618320610687025,1.9753503872469795,-3.5085364271349206,62.834884965222045,26.665922099678912,3.0,0.95,1098923.65,-54541.0,-4.730733068033177,0.039107799172840636,1.8645224417870323,0.4,0.0
2024-11-12,,,,1352.4,1357.7,1327.2,1231.4333333333334,1320.7123546698504,65.78571428571429,57.93650793650794,34.795965789038064,42.0532040965754,-7.257238307537335,1449.1639290936544,1205.2360709063457,1327.2,243.92785818730863,-65.68047337278107,41.330642418459675,54.64143216621909,14.709062922940845,-16.512494280719235,19.869706840390876,17.263843648208468,30.13666177385333,16.9826524504033,1426.0,1412.0,1184.0,0,0,2621284.85,67773157,1317.6122063956536,0.7560975609756098,0.24390243902439024,0.2682926829268293,37908829.26829268,-6.869688385269113,-9.618320610687025,0.6329655491949406,-3.5085364271349206,62.834884965222045,26.665922099678912,2.0,0.9,1102082.25,-20089.0,-1.828987943009941,0.035015116518467365,1.8260661197475578,0.3,-1.0
2024-11-13,,,,1343.0,1354.4,1328.5,1231.9666666666667,1322.1683208917693,61.785714285714285,47.868852459016395,31.80028758471849,40.00262079420402,-8.20233320948553,1450.2460687789132,1206.7539312210868,1328.5,243.49213755782648,-63.38028169014085,41.310375368920205,50.19774656711946,23.535632972521697,0.4842059242984211,16.30057803468208,18.38150289017341,27.489483329521864,0.0,1284.0,1412.0,1184.0,0,0,2493285.75,69054372,1318.4825901590568,0.7777777777777778,0.2222222222222222,0.4666666666666667,28471444.444444444,-5.382436260623214,-9.618320610687025,0.7136296186527626,-3.5085364271349206,62.834884965222045,26.665922099678912,2.0,0.9,1103366.65,9989.0,0.926384475988562,0.03409642956479499,1.7067667016761607,0.4,0.0
2024-11-14,,,,1322.4,1346.9,1333.4,1232.2166666666667,1318.3427665211245,63.07142857142857,40.66852367688023,24.78315750914362,36.95872813719194,-12.17557062804832,1437.2286037050028,1229.5713962949974,1333.4,207.6572074100054,-98.63013698630137,28.05307075876732,42.81618796433541,-1.4731636523688678,-29.141391743467686,14.382785956964891,20.385050962627407,26.206709871195518,0.0,1426.0,1412.0,1230.0,0,0,2270713.15,67708332,1328.6543108861345,0.03333333333333333,0.9666666666666667,0.9,22434000.0,-9.206798866855504,-9.206798866855504,2.4434779876051835,-3.2297162049838035,62.834884965222045,28.839735360916364,1.0,0.85,1103608.65,18464.0,1.6966424599845542,0.03409400414404686,1.6111074042161804,0.0,0.0
2024-11-15,,,,1303.4,1336.2,1334.8,1232.5,1312.5958363762556,59.357142857142854,25.9375,17.08844696549795,32.984671902853144,-15.896224937355193,1433.3806642723773,1236.2193357276226,1334.8,197.16132854475472,-97.67441860465117,19.556748027212404,35.06304131862775,-11.455838555618286,-66.74754694786282,9.386281588447654,23.826714801444044,26.87182374283113,0.0,1426.0,1412.0,1246.0,0,0,2169920.8,66272924,1335.335094764749,0.0851063829787234,0.9148936170212766,0.5106382978723404,30540595.744680848,-10.90651558073652,-10.90651558073652,0.8530026657931151,-3.2297162049838035,62.834884965222045,28.839735360916364,1.0,0.8,1102961.3,-24332.0,-2.1985468917017803,0.03434984629142738,1.4546113967233372,0.3,-1.0
2024-11-18,,,,1286.0,1326.4,1334.45,1232.4166666666667,1305.5867091023265,57.357142857142854,28.231292517006807,9.34941794166707,28.257621110615933,-18.908203168948862,1434.3983550848768,1234.5016449151233,1334.45,199.89671016975353,-91.70984455958549,15.889881929015043,28.67198818875685,-9.674330590468571,-97.97340992286924,8.84184308841843,28.518057285180575,28.045736786309387,4.6692528539240294,1426.0,1412.0,1239.0,0,1,2118300.25,64927955,1337.991043479318,0.3404255319148936,0.6595744680851063,0.40425531914893614,28616361.702127658,-12.252124645892327,-12.252124645892327,0.042659446086188366,-3.2297162049838035,62.834884965222045,29.060892649742822,1.0,0.75,1103381.35,19889.0,1.8374924588806962,0.034282955228269525,1.2762511124301057,0.0,0.0
2024-11-19,,,,1274.4,1313.4,1334.05,1232.7166666666667,1300.9594034735335,53.142857142857146,31.935483870967744,4.615427476367586,23.529182383766265,-18.91375490739868,1435.2251477699829,1232.874852230017,1334.05,202.35029553996583,-81.81818181818181,16.653860679949425,24.66594568582104,0.6296906682061945,-88.68456110754079,9.54301075268817,27.553763440860212,28.50531492689044,12.209518995140801,1223.0,1412.0,1239.0,0,0,2023319.05,65899528,1341.5780184296689,0.8,0.2,0.6,32385766.666666668,-10.977337110481567,-12.252124645892327,0.021970904929287778,-3.2297162049838035,62.834884965222045,31.19464560017556,1.0,0.7,1104693.8,-35847.0,-3.252053909686037,0.03252214326253399,1.1701736461816785,-0.2,0.0
2024-11-20,,,,1257.4,1300.2,1333.85,1233.0166666666667,1296.2013650474826,51.5,32.565789473684205,0.37523064484958013,18.89839203598293,-18.52316139113335,1435.696685603328,1232.0033143966718,1333.85,203.69337120665614,-85.02673796791444,16.09366113066147,21.80851750076785,4.663948390448709,-85.76333958601496,9.847434119278779,28.43273231622746,28.96489306747149,13.49257149989331,1410.0,1412.0,1239.0,0,0,1970850.25,65196916,1343.5123850480268,0.45,0.55,0.3,35130600.0,-11.402266288951813,-12.252124645892327,0.11213681087445188,-3.2297162049838035,62.834884965222045,32.439728353140914,1.0,0.65,1105270.5,-15617.0,-1.4644035628787688,0.03157578122492939,1.068439879930506,-0.3,-1.0
2024-11-21,,,,1256.2,1289.3,1330.2,1232.7,1294.2774255191507,52.0,36.137071651090345,-0.9568350282183928,14.927346623142666,-15.88418165136106,1434.951535599667,1225.448464400333,1330.2,209.50307119933404,-71.65775401069519,21.910542019597095,21.84252567371093,22.046574711369416,-61.03837166367407,13.324175824175825,27.747252747252748,29.186831017319683,20.76228721105157,1223.0,1412.0,1239.0,0,0,1888111.5,66261972,1343.0844888750833,0.7142857142857143,0.2857142857142857,0.5952380952380952,25358476.19047619,-9.63172804532575,-12.252124645892327,-1.8492504049059573,-3.2297162049838035,62.834884965222045,32.439728353140914,0.0,0.6,1099512.2,-72245.0,-6.875080888902419,0.0408855398517559,1.0428677741170773,-0.2,0.0
2024-11-22,,,,1252.6,1278.0,1324.75,1231.3166666666666,1289.1081468982793,49.57142857142857,35.258358662613986,-4.861366993975935,10.969603899718948,-15.830970893694882,1436.4919489621361,1213.0080510378639,1324.75,223.48389792427224,-90.9090909090909,19.214074083525436,20.9663751436491,15.709471963278112,-71.32038699712096,12.824207492795388,25.072046109510087,31.051243521224684,18.9735756781631,1410.0,1412.0,1239.0,0,0,1807291.6,65382033,1340.434229161839,0.18867924528301888,0.8113207547169812,0.6792452830188679,16602622.641509436,-12.18130311614728,-12.252124645892327,-2.779970914010121,-3.2297162049838035,62.834884965222045,32.439728353140914,0.0,0.55,1091766.55,-25067.0,-2.561571421418196,0.050795334625329085,0.9622086229494938,-0.2,0.0
2024-11-25,,,,1253.4,1269.7,1316.3,1230.9666666666667,1284.716894812729,47.0,24.468085106382986,-7.625756801974148,7.250531759380328,-14.876288561354476,1425.7985700457632,1206.8014299542367,1316.3,218.9971400915265,-89.3048128342246,18.229436922892297,20.05406240339683,14.580185961883231,-66.38616305643124,11.246200607902734,26.443768996960486,33.55745627486186,0.0,1223.0,1387.0,1239.0,0,0,1721571.35,66244565,1334.8914081312982,0.25,0.75,0.09375,26954125.0,-10.382119682768531,-12.252124645892327,-5.071673842902222,-3.2297162049838035,62.834884965222045,31.19464560017556,0.0,0.5,1081897.1,-9044.0,-0.9484935690374119,0.05833213114633036,0.900825671614647,-0.1,0.0
2024-11-26,,,,1250.4,1262.4,1310.05,1230.8166666666666,1280.6486191162785,46.214285714285715,24.731182795698928,-9.784458140981542,3.8435337793079545,-13.627991920289496,1421.6139538087243,1198.4860461912756,1310.05,223.12790761744873,-86.5979381443299,19.14220526042282,19.750110022405494,17.926395736457472,-70.31616264535727,9.428129829984544,29.82998454404946,34.08416408503424,0.5540462985899326,1410.0,1387.0,1239.0,0,0,1636977.8,65314453,1328.3531380002016,0.7878787878787878,0.21212121212121213,0.030303030303030304,28185212.12121212,-10.454217736121096,-12.252124645892327,-3.9919645017077796,-2.8823465920822966,62.834884965222045,27.772534013605448,0.0,0.45,1070125.8,-12704.0,-1.3450958634914079,0.06365624379956131,0.9182625894036016,0.1,0.0
2024-11-27,,,,1248.8,1253.1,1303.75,1230.7166666666667,1277.0630363432995,44.57142857142857,24.460431654676256,-11.28447248760017,0.8179325259263299,-12.1024050135265,1415.5277399926124,1191.9722600073876,1303.75,223.5554799852248,-86.08247422680412,23.34970546773286,20.94997517084795,28.149166061502683,-56.83397887053872,10.737179487179487,28.84615384615385,34.5041431427842,0.0,1216.0,1387.0,1239.0,0,0,1494278.9,65963891,1321.5525164456694,0.45454545454545453,0.5454545454545454,0.045454545454545456,29519909.090909094,-10.382119682768531,-12.252124645892327,-4.022753263845011,-2.8823465920822966,62.834884965222045,25.696236559139788,0.0,0.4,1059025.4,-17341.0,-1.8610935816365526,0.07037927755608962,0.9265799090845125,-0.1,0.0
2024-11-28,,,,1242.8,1249.5,1298.2,1230.4,1274.104651929652,41.357142857142854,28.51405622489959,-12.091783186659313,-1.7640106165907992,-10.327772570068515,1409.8679287698608,1186.5320712301393,1298.2,223.33585753972147,-81.81818181818181,29.455359200710795,23.78510318080223,40.795871240527916,-53.63811284946149,9.15371329879102,30.5699481865285,35.59780169778807,12.053684863724303,1216.0,1387.0,1239.0,0,0,1416069.5,66624149,1316.654812116684,0.8260869565217391,0.17391304347826086,0.13043478260869565,28706869.56521739,-10.165825522710858,-12.252124645892327,-3.5323778574538753,-2.8823465920822966,62.834884965222045,25.696236559139788,0.0,0.35,1045286.4,-35604.0,-3.8936028511968757,0.07769107029709883,0.8591662069515399,-0.1,-1.0
2024-11-29,,,,1247.4,1250.0,1293.1,1230.5833333333333,1273.0470660315898,37.642857142857146,36.82008368200836,-11.230368113994246,-3.657282116071489,-7.573085997922757,1401.1816455519818,1185.018354448018,1293.1,216.16329110396373,-63.84615384615385,41.396165393066454,29.65545725155697,64.87758167608541,-31.565662716825535,14.80075901328273,25.237191650853887,36.35597710258583,36.920850350792165,1216.0,1387.0,1239.0,0,0,1369322.5,67589457,1311.812566579458,0.6129032258064516,0.3870967741935484,0.5483870967741935,31138967.741935484,-8.940158615717353,-12.252124645892327,-3.1469540922587993,-2.8823465920822966,62.834884965222045,25.696236559139788,0.0,0.3,1028388.9,-61934.0,-7.047412493357563,0.08916617623222538,0.9109369846405665,-0.3,0.0
2024-12-02,,,,1257.6,1255.5,1290.95,1231.1333333333334,1275.0425835523906,38.57142857142857,45.94594594594595,-7.954554389097211,-4.516736570676634,-3.4378178184205774,1397.0472245282251,1184.852775471775,1290.95,212.19444905645014,-40.0,57.14289814083218,38.81793754798204,93.79281932653245,-8.499253272737027,19.814814814814817,22.037037037037038,36.23399072070192,91.78540693050974,1216.0,1387.0,1239.0,0,0,1295841.05,68563901,1308.3603261629453,0.8181818181818182,0.18181818181818182,0.5636363636363636,17717163.636363637,-6.705118961788004,-12.252124645892327,-1.1987019291935375,-2.8823465920822966,62.834884965222045,25.696236559139788,0.0,0.3,1012537.3,-71981.0,-8.811644233888494,0.1095960932754874,0.989917122853335,-0.3,1.0
2024-12-03,,,,1265.6,1258.0,1285.7,1231.4333333333334,1275.705194642639,36.857142857142854,39.2,-6.254648429259532,-4.864318942393213,-1.3903294868663192,1381.6958332427032,1189.704166757297,1285.7,191.9916664854063,-46.774193548387096,63.09526542722145,46.91038017439517,95.465035932874,-3.911240275846825,16.666666666666668,23.062015503875973,36.95524507610262,68.60235294117646,1340.0,1385.0,1239.0,0,0,1232395.05,68021370,1303.2965199213786,0.42857142857142855,0.5714285714285714,0.5714285714285714,25834809.523809522,-7.436823104693113,-12.252124645892327,-3.533284388341195,-2.8823465920822966,62.834884965222045,25.696236559139788,0.0,0.25,993261.2,-21631.0,-2.9038641220882178,0.1267088290022608,0.9402928037895515,-0.3,1.0
2024-12-04,,,,1266.8,1257.8,1279.0,1232.6166666666666,1273.1618427719116,35.357142857142854,42.79475982532751,-7.484013863240989,-5.388257926562768,-2.095755936678221,1364.5373110338878,1193.4626889661122,1279.0,171.07462206777564,-62.5,54.5635102848143,49.46142354453488,64.76768376537314,-27.0639961207099,17.373737373737377,25.858585858585858,37.12398254582337,85.33343871643382,1340.0,1385.0,1239.0,0,0,1177696.95,67220608,1295.1615273918019,0.16216216216216217,0.8378378378378378,0.8918918918918919,21642216.216216218,-9.819494584837507,-12.252124645892327,-4.419916144143286,-2.8823465920822966,62.834884965222045,25.696236559139788,0.0,0.2,974143.45,-37453.0,-5.178266021267208,0.14566102876211867,1.0317691523665935,-0.1,0.0
2024-12-05,,,,1257.8,1250.3,1269.8,1233.5833333333333,1266.2892863174436,36.357142857142854,38.73517786561265,-12.190963831594445,-6.748799107569104,-5.442164724025341,1346.4525997771248,1193.1474002228751,1269.8,153.3051995542496,-89.56521739130434,39.853934392774754,46.25892716061484,27.043948857094577,-76.36920805368972,16.895874263261298,30.6483300589391,36.08450818619091,66.43893191207768,1340.0,1353.0,1201.0,0,1,1134237.6,66253065,1285.0181624790669,0.19672131147540983,0.8032786885245902,0.7868852459016393,15861360.655737704,-11.234294161123405,-12.252124645892327,-5.742804905933846,-3.8530165449725033,62.834884965222045,25.696236559139788,0.0,0.15,955248.75,20205.0,2.946108308302464,0.15844317698470337,1.1555906558307982,-0.2,-1.0
2024-12-06,,,,1246.0,1246.7,1262.35,1234.9166666666667,1260.35697333483,34.642857142857146,42.61603375527426,-15.500500543761973,-8.499139394807678,-7.001361148954295,1333.7370841919878,1190.962915808012,1262.35,142.77416838397585,-86.95652173913044,30.91711568213969,41.144990001123126,10.461367044172817,-90.25919512412021,17.7319587628866,25.773195876288657,33.6428471615915,84.50159421119955,1189.0,1336.0,1201.0,0,0,1041261.5,66824583,1273.0048789217055,0.6521739130434783,0.34782608695652173,0.13043478260869565,24848608.695652172,-9.880239520958067,-12.252124645892327,-4.752120164106427,-3.8530165449725033,62.834884965222045,25.696236559139788,0.0,0.1,931298.6,-32120.0,-4.549413972593042,0.16777477818889486,1.08886569906644,-0.2,-1.0
2024-12-09,,,,1228.0,1242.8,1256.25,1236.2166666666667,1254.9896425410368,34.285714285714285,37.89954337899544,-17.91679853142864,-10.38267122213187,-7.534127309296769,1325.5559578206219,1186.9440421793781,1256.25,138.61191564124374,-84.7457627118644,25.69615621747166,35.99537873990597,5.097711172603027,-86.20273087717295,17.916666666666668,26.666666666666664,31.576807417778486,62.54963945536066,1304.0,1336.0,1201.0,0,0,951061.3,66824583,1263.4740603295847,0.72,0.28,0.0,20628240.0,-9.880239520958067,-12.252124645892327,-3.969362057257899,-3.8530165449725033,62.834884965222045,25.696236559139788,0.0,0.1,908247.55,-36559.0,-5.424948620354497,0.18069167750208637,0.9890654915547966,-0.1,-1.0
2024-12-10,,,,1216.8,1241.2,1251.8,1237.9333333333334,1252.2287242037953,37.42857142857143,44.68085106382978,-17.850743695196797,-11.876285716744857,-5.974457978451941,1316.4988163884416,1187.1011836115583,1251.8,129.39763277688326,-66.10169491525424,28.43020583989636,33.47365443990277,18.343308639883546,-24.76385816348447,27.29007633587786,24.427480916030532,28.504259611555085,94.11187060749006,1186.0,1336.0,1201.0,0,0,930018.85,67957996,1258.2214892203529,0.10638297872340426,0.8936170212765957,0.46808510638297873,24115170.21276596,-8.233532934131716,-12.252124645892327,-2.7373935539290652,-3.8530165449725033,62.834884965222045,25.696236559139788,0.0,0.1,882099.6,-82027.0,-12.87008940198887,0.20039618305263404,1.2472468994681676,-0.3,-1.0
2024-12-11,,,,1213.0,1239.9,1246.5,1239.8,1250.1117028510528,35.785714285714285,39.25233644859813,-17.276475732961444,-12.956323719988173,-4.320152012973271,1298.2219285670665,1194.7780714329335,1246.5,103.44385713413294,-62.71186440677966,31.382849091004353,32.776719323603295,28.595108625806475,-39.173454676397434,23.353293413173656,26.147704590818364,26.399124213993314,68.84594240284177,1186.0,1294.0,1201.0,0,0,884219.8,68323230,1252.5729856611067,0.631578947368421,0.3684210526315789,0.21052631578947367,19222842.105263155,-4.945904173106619,-12.252124645892327,-3.3421317900083922,-3.8530165449725033,62.834884965222045,27.772534013605448,0.0,0.05,854314.45,-22755.0,-4.097644777146103,0.21781889699172277,1.1508879212419711,-0.5,0.0
2024-12-12,,,,1222.2,1240.0,1244.75,1242.4833333333333,1249.8153501985717,33.785714285714285,51.79487179487179,-15.27354242086335,-13.419767460163209,-1.8537749607001412,1293.7091666591646,1195.7908333408354,1244.75,97.91833331832913,-48.30508474576271,38.15353781208199,34.56899215309619,45.3226291300536,-8.15051532114703,27.90697674418605,24.31289640591966,24.582209889574493,100.0,1186.0,1294.0,1201.0,0,0,834484.95,68674573,1248.471607746391,0.8,0.2,0.68,14053720.0,-3.632148377125166,-12.252124645892327,-1.155336345213981,-2.8724045066774457,62.834884965222045,28.457503483321034,0.0,0.1,822606.6,-59990.0,-11.264373859292032,0.2366177922216696,1.0254994516077667,-0.4,1.0
2024-12-13,,,,1256.4,1251.2,1250.6,1247.25,1261.7376977987078,43.07142857142857,70.625,-3.3194090006054466,-11.399695768251657,8.08028676764621,1326.6758624142062,1174.5241375857936,1250.6,152.15172482841263,-15.246636771300448,53.68681295095451,40.94159908571563,79.17724068143228,173.87658548411463,47.927031509121065,19.071310116086234,24.778404624255334,100.0,1186.0,1375.0,1201.0,1,0,796281.8,69345918,1252.2104851573902,0.08108108108108109,0.918918918918919,3.4594594594594597,18144459.45945946,0.0,-12.252124645892327,2.6994141985174633,-2.8724045066774457,63.490205187766165,31.251198341754115,1.0,0.15,794767.45,53042.0,11.2240622632646,0.24579090287459063,1.111336380950019,-0.1,1.0
2024-12-16,,,,1288.2,1258.1,1256.8,1252.5,1271.3817265797834,44.142857142857146,68.27794561933536,5.126928112138785,-8.09437099217357,13.221299104312354,1347.6685574706798,1165.93144252932,1256.8,181.73711494135978,-20.62780269058296,62.24860773710869,48.04393530284665,90.65795260563277,110.29467186841703,46.76375404530744,22.491909385113267,23.569706412466385,94.91589661770901,1409.0,1375.0,1201.0,0,0,781170.85,68303168,1259.8667454970532,0.7083333333333334,0.2916666666666667,0.25,21723958.333333332,-0.8727272727272584,-12.18130311614728,2.8982630398803906,-2.8724045066774457,64.51153734838319,32.439728353140914,1.0,0.2,770861.0,98543.0,18.74809747039663,0.23959961112854933,1.28363677523891,-0.3,1.0
2024-12-17,,,,1317.4,1267.1,1262.55,1258.35,1280.9644192864707,44.92857142857143,69.02654867256638,12.40395088580317,-3.9947066165782217,16.39865750238139,1367.0094607842138,1158.090539215786,1262.55,208.91892156842778,-16.591928251121075,69.30176240769876,55.129877671130686,97.64553188083491,102.1229707238265,45.78696343402226,22.098569157392685,22.79439396452975,96.2041902077275,1186.0,1375.0,1201.0,0,0,774655.5,69144434,1266.2762461722234,0.696969696969697,0.30303030303030304,0.2727272727272727,25492909.090909094,-0.21818181818180626,-12.18130311614728,2.6829362852885867,-2.8724045066774457,64.74529760147281,34.71984482482803,1.0,0.25,751237.65,49815.0,7.9811394212051745,0.2290320101592329,1.1250777406737975,0.0,0.0
2024-12-18,,,,1346.0,1279.5,1268.65,1264.0666666666666,1289.7297126877593,45.357142857142854,68.84272997032642,18.04373851889295,0.4129824105160127,17.63075610837694,1383.9551329480653,1153.344867051935,1268.65,230.6102658961304,-16.143497757847534,74.15334235251666,61.471032564926006,99.51796192769797,93.19380795801284,46.771653543307096,20.94488188976378,21.667714779205472,94.72777860797417,1186.0,1375.0,1201.0,0,0,789076.85,70135473,1273.7751794179912,0.3793103448275862,0.6206896551724138,0.034482758620689655,34173758.62068965,-0.1454545454545264,-12.18130311614728,2.8456282409216427,-2.8724045066774457,65.7237302636696,35.961329053395076,1.0,0.3,732639.45,4886.0,0.7249537815998908,0.2149126408667813,1.2798886770260993,0.3,0.0
2024-12-19,,,,1376.2,1299.2,1274.75,1269.55,1300.0411686222583,46.642857142857146,69.56521739130434,24.25105089787894,5.180596107988599,19.07045478989034,1403.7834513950083,1145.7165486049917,1274.75,258.0669027900167,-7.826086956521739,80.16019924950386,67.70075479311862,105.07908816227433,93.29883960510112,45.48238897396631,20.367534456355283,22.53008507726408,96.76159565634465,1186.0,1398.0,1201.0,1,0,807303.7,71565066,1284.6395423845242,0.6326530612244898,0.3673469387755102,0.5102040816326531,29175367.346938778,0.0,-12.18130311614728,2.8000356935840234,-2.8724045066774457,67.03351554527177,36.683481275824754,1.0,0.35,719584.75,38625.0,5.689685649471166,0.20348789110759855,1.5296965040241224,0.6,0.0
2024-12-20,,,,1375.8,1316.1,1281.4,1275.1333333333334,1306.9896287534718,45.0,61.65191740412979,26.843662580584578,9.513209402507794,17.330453178076784,1416.4608439885824,1146.3391560114178,1281.4,270.1216879771646,-18.695652173913043,79.53440892727866,71.64530617117197,95.31261443949205,73.23099040592926,42.53968253968254,21.11111111111111,24.555520855706714,72.58072606965273,1416.0,1398.0,1201.0,0,0,815189.3,70527415,1292.5455283412903,0.15625,0.84375,0.78125,32426593.75,-1.7882689556509401,-11.234294161123405,3.155719095848554,-2.637551538891018,67.03351554527177,37.68365143959802,1.0,0.4,706562.65,-24415.0,-3.402858596346958,0.19208113875368737,1.5736818887029336,0.5,0.0
2024-12-23,,,,1377.6,1332.9,1287.85,1280.3,1313.1810926817127,45.642857142857146,63.71951219512195,28.489228285489844,13.308413179104203,15.18081510638564,1427.4347601392028,1148.265239860797,1287.85,279.1695202784058,-19.130434782608695,78.94886521077837,74.07982585104077,88.68694393025356,59.8756255147734,41.94053208137715,22.69170579029734,25.532986666338534,78.8987274192965,1416.0,1398.0,1201.0,0,0,816054.0,69647589,1299.1292833562484,0.5333333333333333,0.4666666666666667,0.03333333333333333,29327533.333333332,-1.859799713876964,-11.234294161123405,3.061542435914612,-2.637551538891018,67.03351554527177,38.56805096828921,1.0,0.45,693772.55,-4404.0,-0.6354336502806368,0.1782030697665227,1.4950683105437252,0.8,0.0
2024-12-24,,,,1382.4,1349.9,1295.55,1284.9833333333333,1321.0686076644067,45.142857142857146,73.04075235109718,31.368355509725916,16.920401645228544,14.447953864497372,1441.3378415259765,1149.7621584740234,1295.55,291.5756830519531,-8.695652173913043,82.43857327984871,76.86607499397675,93.58356985159264,63.46531861383462,44.303797468354425,18.196202531645568,27.1148426430839,100.0,1186.0,1398.0,1201.0,0,0,806573.8,70388097,1306.8067875086776,0.9375,0.0625,0.75,23140875.0,-0.14306151645206988,-11.234294161123405,3.5788637525888136,-2.637551538891018,68.35641842625152,38.56805096828921,1.0,0.5,682126.15,10170.0,1.4767681285267509,0.1616763883441045,1.4573509696308442,0.8,0.0
2024-12-25,,,,1381.4,1363.7,1301.8,1288.9666666666667,1325.5382640773203,43.42857142857143,77.92642140468227,31.03298959697986,19.742919235578807,11.290070361401053,1448.8146430227928,1154.7853569772071,1301.8,294.02928604558565,-20.869565217391305,69.90157758886467,74.5445758589394,60.61558104871523,50.894613327086546,46.2171052631579,10.69078947368421,29.507851630943122,100.0,1416.0,1398.0,1201.0,0,0,810888.45,69652366,1312.489346489849,0.16216216216216217,0.8378378378378378,0.7567567567567568,19884621.62162162,-2.145922746781115,-11.234294161123405,2.9135885033507654,-2.637551538891018,68.70479371719824,38.56805096828921,1.0,0.55,671887.0,10804.0,1.545999347486382,0.14315904342200025,1.3727327350086087,0.4,0.0
2024-12-26,,,,1371.0,1373.6,1306.8,1292.35,1327.4870008318612,44.214285714285715,72.32704402515724,28.661600467654807,21.52665548199401,7.134944985660798,1452.6212315779453,1160.9787684220546,1306.8,291.6424631558907,-30.434782608695652,53.11446168759561,67.40120446849147,24.540976125803866,31.98298065073817,45.39579967689823,13.893376413570275,31.982858964093204,86.01095649795197,1416.0,1398.0,1201.0,0,0,819450.5,68820867,1317.4754609542208,0.14705882352941177,0.8529411764705882,0.6470588235294118,24455852.94117647,-3.719599427753928,-11.234294161123405,2.3586780969899284,-2.637551538891018,68.85425270478348,38.56805096828921,1.0,0.6,666036.45,52168.0,7.351333070289168,0.12904949761915602,1.1925277927932048,0.0,0.0
2024-12-27,,,,1363.6,1369.7,1310.45,1294.5166666666667,1328.2977626573982,43.642857142857146,70.1219512195122,25.679325788352344,22.357189543265676,3.322136245086668,1455.3063353626562,1165.5936646373439,1310.45,289.71267072531236,-40.4040404040404,37.37042543878923,57.390944791924056,-2.6706132674804053,18.621712346375162,45.99018003273323,15.220949263502455,34.17151692515359,79.81989698261164,1416.0,1398.0,1201.0,0,0,805002.6,68144517,1321.7577580287734,0.29411764705882354,0.7058823529411765,0.5882352941176471,39785294.11764706,-4.434907010014289,-11.234294161123405,1.7710707267077275,-2.637551538891018,68.92437514187978,38.56805096828921,1.0,0.65,663877.45,11897.0,1.5616795833070851,0.12416963384012372,1.0679257383884764,-0.3,0.0
2024-12-30,,,,1358.0,1367.8,1312.95,1295.4166666666667,1329.793213832884,41.07142857142857,68.78980891719746,23.688320546296836,22.62341574387191,1.0649048024249268,1458.3358387368753,1167.5641612631248,1312.95,290.7716774737505,-36.36363636363637,32.440498679622934,49.07412942115702,-0.8267628034452343,17.355214045340773,39.478260869565226,17.565217391304348,36.52005826770987,76.37536221513768,1218.0,1398.0,1201.0,0,0,795078.9,68920487,1325.031333347336,0.75,0.25,0.2857142857142857,27713214.285714287,-3.862660944205998,-11.234294161123405,1.2746342707378235,-2.637551538891018,68.85425270478348,38.56805096828921,1.0,0.65,664622.8,-13894.0,-1.7957748754370173,0.12528577030621968,1.0166631379324553,-0.5,0.0
2024-12-31,,,,1344.2,1363.3,1315.2,1297.3333333333333,1329.5271934678474,41.714285714285715,64.83180428134557,20.50233842734974,22.199200280567474,-1.696861853217733,1459.9605645629817,1170.4394354370183,1315.2,289.5211291259634,-47.08994708994709,24.99400248675199,41.04742044302201,-7.112833425788054,9.025787283104181,38.869863013698634,17.808219178082194,38.771126807395504,49.88962645207756,1416.0,1398.0,1201.0,0,0,807750.15,68124531,1326.671247786212,0.35714285714285715,0.6428571428571429,0.6071428571428571,28427000.0,-5.078683834048626,-11.234294161123405,1.1759249085478307,-2.637551538891018,68.85425270478348,38.56805096828921,1.0,0.7,666387.75,-1239.0,-0.1630668679447944,0.1274540174468888,1.0145934352098713,-0.6,0.0
2025-01-02,,,,1338.2,1359.8,1319.65,1299.85,1330.3341274232905,41.642857142857146,64.17445482866043,18.65004658569751,21.489369541593483,-2.839322955895973,1461.2800220922686,1178.0199779077316,1319.65,283.26004418453704,-78.78787878787878,25.096403264260363,35.73041471676813,3.828380359244832,10.904709471484868,36.706689536878216,17.838765008576328,40.75031279849808,15.499934280301295,1317.0,1398.0,1201.0,0,0,792293.0,68616150,1330.4646271854817,0.625,0.375,0.4583333333333333,20484125.0,-4.291845493562219,-11.234294161123405,2.191735409970596,-2.0975978490528773,68.85425270478348,38.56805096828921,1.0,0.75,669462.15,-11264.0,-1.4848953032803758,0.12960745732484014,0.9388107802313339,-0.5,0.0
2025-01-03,,,,1337.4,1354.2,1326.7,1303.0666666666666,1331.4451629067867,31.714285714285715,41.6243654822335,17.305372959495116,20.65257022517381,-3.3471972656786946,1457.050297276078,1196.349702723922,1326.7,260.70059455215596,-74.74747474747475,26.893537135523168,32.784788856353146,15.11103369386322,7.721354451960673,12.837837837837837,23.423423423423422,39.7591156308665,0.0,1317.0,1398.0,1204.0,0,0,784271.55,69423264,1338.0260613814182,0.8260869565217391,0.17391304347826086,0.17391304347826086,35091913.043478265,-4.005722460658079,-9.880239520958067,3.634184081649708,-1.7991420408196717,68.85425270478348,38.56805096828921,1.0,0.8,673409.35,37661.0,5.039555310527932,0.13401080875535512,0.926156830144486,-0.1,0.0
2025-01-06,,,,1337.4,1350.5,1333.3,1305.6,1331.878956915664,30.785714285714285,42.931937172774866,15.576009030595742,19.6372579862582,-4.061248955662457,1450.1608709442849,1216.439129055715,1333.3,233.7217418885698,-80.8080808080808,25.652601992787805,30.407393235164697,16.143019508034016,6.648127510823178,16.937354988399072,14.153132250580045,37.89543669576896,3.6019218672757827,1416.0,1398.0,1204.0,0,0,813677.15,68263634,1343.0743537941717,0.2571428571428571,0.7428571428571429,0.17142857142857143,33132285.714285716,-4.434907010014289,-9.880239520958067,3.4054826203219695,-1.7991420408196717,68.85425270478348,38.56805096828921,1.0,0.85,678251.95,-14212.0,-1.8105173580103218,0.13687180853755743,1.0522295234326802,0.2,0.0
2025-01-07,,,,1335.6,1346.8,1339.85,1307.4166666666667,1332.1761991141723,30.214285714285715,39.89071038251366,13.963817815297489,18.502569952066057,-4.538752136768569,1439.6335024860487,1240.0664975139512,1339.85,199.5670049720975,-81.81818181818181,24.418807832590247,28.411198100973213,16.434027295824315,-1.5403318540238744,16.075650118203306,14.420803782505908,35.790561196198176,0.0,1416.0,1398.0,1226.0,0,0,825729.0,67506891,1347.3603489361117,0.24,0.76,0.04,30269720.0,-4.506437768240346,-8.233532934131716,3.3811844708970114,-1.7991420408196717,68.85425270478348,38.56805096828921,1.0,0.85,686198.9,25528.0,3.312068524839873,0.13975515758958224,1.0380444772915056,0.1,0.0
2025-01-08,,,,1329.0,1336.6,1343.25,1307.4166666666667,1328.5403706271081,31.428571428571427,32.28699551569507,9.270917942168353,16.656239550086518,-7.385321607918165,1430.5531620574277,1255.9468379425723,1343.25,174.6063241148554,-98.38709677419355,17.082418073132455,24.634938091692963,1.9773780360114372,-41.51738446364072,13.40909090909091,22.272727272727273,34.84064901387598,0.0,1416.0,1398.0,1230.0,0,0,822849.0,66431078,1352.2961428524552,0.043478260869565216,0.9565217391304348,0.8913043478260869,23387239.130434785,-7.4391988555078665,-7.4391988555078665,1.7970660964318257,-2.0590021785089516,68.80039312782326,37.68365143959802,1.0,0.85,702045.15,75959.0,9.539172532447559,0.14138750100266811,1.074865139468558,-0.2,0.0
2025-01-09,,,,1325.2,1331.7,1347.7,1307.5666666666666,1327.631763900717,30.357142857142858,32.28699551569507,7.4827950450767275,14.82155064908456,-7.338755604007833,1418.1425110880036,1277.2574889119965,1347.7,140.88502217600717,-75.0,24.245421572564492,24.505099251983474,23.726066213726526,-51.363884436231935,7.999999999999999,23.058823529411764,35.57959998538509,0.0,1292.0,1398.0,1247.0,0,0,844532.4,67229980,1353.0864656583926,0.7941176470588235,0.20588235294117646,0.7352941176470589,23497117.647058826,-5.650929899856938,-7.4391988555078665,2.2528454012608226,-2.0590021785089516,68.38031827890778,36.683481275824754,1.0,0.85,717958.25,-21418.0,-2.455505569542471,0.13388165721911388,1.1310889377043292,-0.2,0.0
2025-01-10,,,,1318.6,1328.0,1350.8,1309.65,1325.8573101958868,29.357142857142858,34.61538461538463,5.1988492419984595,12.89701036766734,-7.6981611256688804,1406.4969242273178,1295.1030757726821,1350.8,111.39384845463564,-84.11214953271028,24.25885247694776,24.423016993638235,23.9305234435668,-73.9862151018071,8.27250608272506,23.844282238442823,36.63810091919775,5.101705497683308,1399.0,1398.0,1294.0,0,0,856495.75,66639370,1353.9827914499283,0.16666666666666666,0.8333333333333334,0.5555555555555556,32811666.666666664,-6.36623748211732,-7.4391988555078665,1.62294787195938,-2.0590021785089516,68.38031827890778,35.961329053395076,1.0,0.8,735343.65,-30544.0,-3.589923204039369,0.10796596774675574,1.0694483736497458,-0.3,0.0
2025-01-13,,,,1323.8,1330.6,1350.15,1311.85,1329.299471129612,31.928571428571427,48.07692307692308,7.578107097227985,11.83322971357947,-4.2551226163514855,1404.9540528655393,1295.3459471344609,1350.15,109.60810573107847,-34.57943925233645,44.285018117161954,31.043684034812806,70.76768628186026,-2.510416100491067,19.01565995525727,19.239373601789712,34.55258041899648,34.59712135651146,1292.0,1398.0,1294.0,0,0,881561.45,67812029,1352.4576484902632,0.8,0.2,0.8153846153846154,18040907.692307692,-2.5751072961373245,-7.4391988555078665,-0.33718969549968125,-2.0590021785089516,68.38031827890778,35.961329053395076,0.0,0.8,748019.25,-41154.0,-5.017055110315716,0.08369920414401764,1.069559920688227,-0.5,0.0
2025-01-14,,,,1335.0,1335.3,1351.55,1314.2666666666667,1335.1757119744107,32.5,49.05660377358491,11.669228127994757,11.80042939646253,-0.13120126846777325,1409.0980577198827,1294.0019422801172,1351.55,115.09611543976553,-7.4766355140186915,61.876286587911885,41.32121821917916,102.98642332537733,54.19131921604606,20.21978021978022,18.9010989010989,31.809625748862175,36.743688009310276,1292.0,1398.0,1294.0,0,0,873618.65,68695923,1353.6028001844206,0.925,0.075,0.725,22097350.0,-0.5007153075822446,-7.4391988555078665,1.0804865048423387,-2.0590021785089516,68.38031827890778,35.961329053395076,0.0,0.8,755733.5,-684.0,-0.08779045291659182,0.07365553835841246,1.1065840482661777,-0.4,1.0
2025-01-15,,,,1354.4,1341.7,1352.5,1316.3666666666666,1340.4923108339908,31.5,54.852320675105496,14.741539726139763,12.388651462397977,2.352888263741786,1412.0615559512257,1292.9384440487743,1352.5,119.12311190245146,-10.81081081081081,70.98058745500431,51.20767463112088,110.52641310277119,70.82689911541954,22.67573696145125,18.594104308390023,28.05693747924575,56.356887664803516,1403.0,1398.0,1294.0,0,0,867228.9,68695923,1354.472708262682,0.4782608695652174,0.5217391304347826,0.0,31020478.260869563,-0.5007153075822446,-7.4391988555078665,0.7732657728810532,-2.0590021785089516,68.38031827890778,35.961329053395076,0.0,0.8,761042.75,1715.0,0.2203112876456137,0.06888577714440289,1.0428109694431575,-0.2,1.0
2025-01-16,,,,1377.8,1351.5,1355.65,1319.3833333333334,1349.5882812307536,33.0,67.30769230769232,20.570370297607724,14.024995229439927,6.545375068167797,1425.5439798624693,1285.7560201375309,1355.65,139.78795972493845,-2.0408163265306123,79.97345286115933,60.79626737446703,118.32782383454393,105.10079539997375,29.437229437229433,13.203463203463201,26.98104826520801,92.56174915638675,1292.0,1436.0,1294.0,1,0,869693.75,69736259,1357.183428496142,0.9454545454545454,0.05454545454545454,0.8181818181818182,18915200.0,0.0,-7.4391988555078665,2.084870317916438,-2.0590021785089516,68.38031827890778,35.961329053395076,0.0,0.8,767034.0,18526.0,2.374644143052884,0.06426311099916777,1.1155287372409624,0.1,1.0
2025-01-17,,,,1406.8,1362.7,1358.45,1321.1333333333334,1359.5322544468722,35.214285714285715,72.01492537313433,26.33859515790209,16.48771521513236,9.85087994276973,1439.1403763906699,1277.7596236093302,1358.45,161.38075278133965,-6.896551724137931,84.35011799939358,68.64755091610921,115.7552521659623,122.69398825955462,33.062880324543606,10.344827586206897,27.12883890227847,100.0,1292.0,1454.0,1294.0,1,0,852542.6,70822829,1359.7844269795628,0.75,0.25,0.375,22636875.0,0.0,-7.4391988555078665,1.8607169824855379,-2.0590021785089516,68.80039312782326,35.961329053395076,0.0,0.8,768995.55,-41969.0,-5.254762515885492,0.0623924967706603,1.258707435550585,-0.1,1.0
2025-01-20,,,,1417.8,1370.8,1360.65,1322.2666666666667,1365.0053730709797,36.785714285714285,62.28956228956229,27.606137767444352,18.71139972559476,8.894738041849592,1445.3122391435809,1275.9877608564193,1360.65,169.32447828716158,-28.160919540229884,80.17977215285242,72.49162466169028,95.5560671351767,84.05696695605161,31.067961165048544,11.067961165048542,27.77532487668397,75.52008594842272,1466.0,1454.0,1294.0,0,0,846183.85,69912353,1362.0330293863835,0.26,0.74,0.74,18209520.0,-2.5447042640990403,-7.4391988555078665,1.486710859379338,-2.5710271033285452,68.80039312782326,35.961329053395076,0.0,0.8,771128.9,-20979.0,-2.772374312159387,0.058744605426732044,1.2051895151967398,0.1,1.0
2025-01-21,,,,1421.4,1378.2,1362.5,1322.2166666666667,1369.19533754041,36.642857142857146,64.23611111111111,27.64645020776993,20.498409822029792,7.1480403857401384,1449.782963912991,1275.217036087009,1362.5,174.56592782598182,-32.758620689655174,75.86697453868322,73.6167412873546,80.36744104134047,63.82323395749395,31.189083820662766,10.1364522417154,28.759844546719226,80.41978454468452,1466.0,1454.0,1294.0,0,0,839194.7,69172310,1363.8221530911321,0.23076923076923078,0.7692307692307693,0.3076923076923077,28463192.307692308,-3.094910591471789,-7.4391988555078665,1.2723133903703032,-2.5710271033285452,68.80039312782326,35.961329053395076,0.0,0.8,773630.25,2956.0,0.4017740034822248,0.0539645279250237,1.1784625180143022,0.0,0.0
2025-01-22,,,,1422.6,1388.5,1362.55,1322.7166666666667,1371.8434006317996,36.5,60.207612456747405,26.40570980964594,21.679869819553026,4.725839990092915,1449.9148731046657,1275.1851268953342,1362.55,174.72974620933155,-39.6551724137931,69.53631635912214,72.25659964461045,64.09574978814553,43.00661629130492,30.91976516634051,13.307240704500977,29.13354553821952,70.2795666455398,1466.0,1454.0,1294.0,0,0,835045.0,68514796,1364.141698531217,0.45454545454545453,0.5454545454545454,0.5454545454545454,29887000.0,-3.9202200825309452,-7.4391988555078665,0.16886197754633436,-2.5710271033285452,68.80039312782326,35.961329053395076,0.0,0.8,775541.4,-1634.0,-0.2212015004880219,0.05018919442941216,1.1739740880569913,0.1,0.0
2025-01-23,,,,1412.8,1395.3,1363.5,1323.0166666666667,1373.2868862859139,36.92857142857143,57.62711864406779,24.334979186504597,22.210891692943342,2.1240874935612553,1451.5251160328369,1275.4748839671631,1363.5,176.05023206567375,-45.40229885057471,62.81053569240621,69.10791166054237,50.2157837561339,36.272470885796665,30.94777562862669,14.119922630560929,29.715439053229552,63.78415190346912,1466.0,1454.0,1294.0,0,0,831763.2,67844701,1364.7783824370524,0.1724137931034483,0.8275862068965517,0.3448275862068966,23106724.137931038,-4.607977991746914,-7.4391988555078665,0.7467997420407606,-2.5710271033285452,68.38031827890778,35.961329053395076,0.0,0.8,776112.1,-16005.0,-2.1714679557538807,0.0489348189328464,1.0993272847864453,0.0,-1.0
2025-01-24,,,,1401.4,1404.1,1366.05,1323.6833333333334,1375.5452780682078,36.5,60.20066889632107,23.233010986760974,22.41531555170687,0.8176954350541052,1454.8916095020247,1277.2083904979752,1366.05,177.68321900404953,-39.6551724137931,54.67130950922319,64.29571094343598,35.42250664079762,29.835584721875758,28.18003913894325,16.2426614481409,30.995226397189423,70.26208886491733,1292.0,1454.0,1294.0,0,0,818865.5,68418246,1366.2088949487634,0.8620689655172413,0.13793103448275862,0.3448275862068966,19777413.79310345,-3.9202200825309452,-7.4391988555078665,1.8228180297805905,-2.5710271033285452,68.38031827890778,35.961329053395076,0.0,0.8,772194.0,-37608.0,-5.215698130791868,0.05596212390991952,0.9799860457751388,0.0,-1.0
2025-01-27,,,,1390.4,1404.1,1367.35,1323.6333333333334,1374.2552515855214,37.285714285714285,54.054054054054056,19.312859138109843,21.794824268987465,-2.4819651308776223,1455.0943055580112,1279.6056944419886,1367.35,175.48861111602264,-59.770114942528735,36.76499999027578,55.118807292382584,0.05738538606217958,7.940832255813972,27.586206896551726,18.007662835249043,32.108229738060665,54.79031657694843,1466.0,1454.0,1294.0,0,0,818172.7,67755752,1367.6495158459006,0.027777777777777776,0.9722222222222222,0.9722222222222222,18402611.11111111,-6.327372764786798,-7.4391988555078665,0.9705615048326003,-2.5710271033285452,68.38031827890778,35.961329053395076,0.0,0.75,765684.1,-39939.0,-5.843768198219024,0.06779100592210424,0.9383867495235189,0.0,-1.0
2025-02-05,,,,1374.2,1397.8,1366.55,1323.4833333333333,1369.8499895297573,36.857142857142854,55.214723926380366,13.30917482206587,20.097694379603148,-6.788519557537278,1455.4745096754293,1277.6254903245706,1366.55,177.84901935085873,-79.3103448275862,25.89888888240608,45.378834489057084,-13.061002330895931,-36.780945202081675,27.90697674418605,18.6046511627907,31.76246085725993,57.71186289585125,1466.0,1454.0,1294.0,0,0,807735.6,67188524,1367.898360676439,0.16666666666666666,0.8333333333333334,0.9444444444444444,15756333.333333334,-8.665749656121037,-8.665749656121037,-0.3495024390720393,-2.5710271033285452,68.38031827890778,35.961329053395076,0.0,0.7,764335.2,89326.0,13.881123282264207,0.06857619612717826,0.8928254032019843,0.0,0.0
2025-02-06,,,,1362.2,1392.4,1367.05,1322.65,1366.7214190983518,35.57142857142857,52.903225806451616,9.171710758816971,17.912497655445915,-8.740786896628943,1455.1467769287053,1278.9532230712946,1367.05,176.19355385741073,-80.625,20.738148143826276,37.16527237398015,-12.116100316481479,-37.03555748238748,28.915662650602414,19.277108433734938,29.727828822627895,48.89857153467184,1306.0,1454.0,1294.0,0,0,794255.55,67714879,1368.7681271055224,0.5625,0.4375,0.5625,32897187.5,-8.046767537826671,-8.665749656121037,0.45581999026103887,-2.5710271033285452,68.38031827890778,35.961329053395076,0.0,0.65,765429.4,47623.0,6.498479189665307,0.06861100515819096,0.8492938006560674,0.1,0.0
2025-02-07,,,,1353.2,1383.0,1367.25,1321.9666666666667,1364.3669982318422,36.857142857142854,55.40983606557377,6.224447338792288,15.574887592115191,-9.350440253322903,1455.0868703303834,1279.4131296696166,1367.25,175.67374066076673,-79.48717948717949,18.875937146389234,31.068827298116513,-5.509843157065326,-29.184606262574942,31.395348837209305,18.992248062015506,28.02286711766619,30.632936273931662,1306.0,1454.0,1294.0,0,0,808244.4,68486275,1368.5509363463163,0.4444444444444444,0.5555555555555556,0.1388888888888889,21427666.666666668,-7.702888583218693,-8.665749656121037,0.2675064792753522,-2.5710271033285452,67.50174297002093,35.961329053395076,0.0,0.6,768268.85,23641.0,3.0291265619073915,0.06901016306735862,0.8552947911475967,0.2,0.0
2025-02-10,,,,1343.4,1372.4,1367.55,1321.35,1362.8082364954762,34.57142857142857,47.286821705426355,4.323036427504576,13.324517359193068,-9.001480931688493,1455.0641492317236,1280.0358507682763,1367.55,175.0282984634473,-78.66666666666667,22.02348612119164,28.05371357247489,9.963031218625147,-35.77789689250011,22.933884297520663,22.31404958677686,28.078943381384853,0.0,1306.0,1454.0,1294.0,0,0,810831.3,69345127,1368.5032365137688,0.9411764705882353,0.058823529411764705,0.17647058823529413,25260352.94117647,-7.29023383768912,-8.665749656121037,0.329131225752985,-2.5710271033285452,65.32698188661493,35.961329053395076,0.0,0.55,771889.05,53276.0,6.6255688057535345,0.07328977488332754,0.887800642237422,0.5,0.0
2025-02-11,,,,1335.6,1363.0,1366.9,1320.85,1359.0169758768595,34.07142857142857,36.61417322834646,0.7897596573786814,10.817565818830191,-10.02780616145151,1455.5860815043404,1278.2139184956598,1366.9,177.37216300868067,-95.33333333333333,17.138464431671622,24.415297192207134,2.584798910600597,-42.857061055877,19.706498951781974,22.641509433962266,28.33322242084578,0.0,1466.0,1454.0,1294.0,0,0,791162.5,68578873,1368.6700103750284,0.12121212121212122,0.8787878787878788,0.7575757575757576,23219818.18181818,-9.009628610729026,-9.009628610729026,-0.2523250719731842,-2.5710271033285452,65.32698188661493,35.961329053395076,0.0,0.5,780332.35,82250.0,9.593257543682853,0.08697264413709765,0.8449977196661435,0.2,0.0
2025-02-12,,,,1334.4,1354.3,1366.25,1320.7833333333333,1355.491549602873,33.857142857142854,36.470588235294116,-2.0672493181598384,8.240602791432186,-10.307852109592025,1456.103389356831,1276.396610643169,1366.25,179.70677871366206,-91.13924050632912,15.956387291017327,21.5956605584772,4.677840756097581,-54.90946370797732,17.932489451476794,25.10548523206751,28.81726219059983,0.0,1466.0,1454.0,1294.0,0,0,786627.5,67912830,1367.9924327800218,0.7,0.3,0.05,33302150.0,-9.078404401650609,-9.078404401650609,-0.252624868042143,-2.5710271033285452,65.32698188661493,35.961329053395076,0.0,0.5,789947.6,48967.0,5.211345401293932,0.10422027403304766,0.824939608010907,0.2,0.0
2025-02-13,,,,1321.2,1341.7,1365.1,1320.05,1347.4447353549804,34.92857142857143,18.39080459770115,-8.35046433525531,4.922389366094687,-13.272853701349998,1459.3290602173051,1270.8709397826947,1365.1,188.45812043461046,-97.98994974874371,11.632616402966777,18.274645839973726,-1.651442471047119,-84.02321188639162,11.860940695296524,32.719836400818,29.439971107445576,0.0,1466.0,1454.0,1271.0,0,1,799765.65,66574254,1365.640043701135,0.05714285714285714,0.9428571428571428,0.7285714285714285,19122514.285714287,-12.585969738651992,-12.585969738651992,-0.5531259311090557,-2.6103586121648905,65.32698188661493,35.129763853168114,0.0,0.5,802572.1,136144.0,13.77153319374058,0.13735814104740238,0.9280809891767909,-0.2,0.0
2025-02-14,,,,1305.0,1329.1,1362.2,1318.8,1339.211903416411,33.5,11.857707509881422,-13.975769954515272,1.142757501972695,-15.118527456487968,1465.5330843232325,1258.8669156767676,1362.2,206.66616864646494,-96.01990049751244,9.606929453829704,15.385407044592384,-1.9500257276956567,-102.26282883545738,6.609808102345416,37.10021321961621,30.68423174764877,0.0,1466.0,1454.0,1261.0,0,1,816080.45,65449056,1361.311234061952,0.2857142857142857,0.7142857142857143,0.35714285714285715,40185642.85714286,-13.27372764786794,-13.27372764786794,-1.6647050270868615,-2.6103586121648905,65.32698188661493,34.20546558704454,0.0,0.5,816978.25,14215.0,1.2638543869039287,0.16315374016919798,0.9337999026911981,-0.6,0.0
2025-02-17,,,,1289.6,1316.5,1360.3,1318.6166666666666,1332.715531662467,32.42857142857143,17.69911504424779,-17.426071850465178,-2.57100836851488,-14.855063481950298,1469.0093662742647,1251.5906337257352,1360.3,217.41873254852953,-84.94623655913979,14.24775689078843,15.006190326657734,12.730890019049824,-93.33659184550369,6.828193832599119,37.44493392070484,32.23343110962755,11.152320675594682,1243.0,1454.0,1261.0,0,0,854146.2,66800981,1355.280393430695,0.8,0.2,0.2857142857142857,38626428.571428575,-12.58596973865198,-13.27372764786794,-1.0346669213486763,-2.6103586121648905,65.32698188661493,32.51003068208638,0.0,0.5,834716.95,36107.0,3.170203406825056,0.18630377530437514,0.9635588222874546,-0.6,0.0
2025-02-18,,,,1281.0,1308.3,1356.2,1318.9833333333333,1327.6950048374702,32.142857142857146,21.58590308370043,-19.212763400278163,-5.899359374867537,-13.313404025410627,1470.671968529025,1241.728031470975,1356.2,228.94393705804987,-77.97619047619048,19.862650252122258,16.625010301812573,26.337930152741627,-72.40858063779457,8.888888888888888,37.55555555555555,33.003366239046294,20.1204026864371,1243.0,1454.0,1261.0,0,0,840636.45,67703445,1351.5344426238,0.6818181818181818,0.3181818181818182,0.4090909090909091,41021090.909090914,-11.966987620357617,-13.27372764786794,-2.716161103068756,-2.6103586121648905,65.32698188661493,32.51003068208638,0.0,0.45,854393.25,-2402.0,-0.20441578954535355,0.20144876191647657,0.9543788496020659,-0.5,0.0
2025-02-19,,,,1271.2,1302.8,1350.3,1319.55,1322.485956757711,31.857142857142858,22.07207207207206,-20.95204864984362,-8.909897229862754,-12.042151419980865,1469.2942059622828,1231.305794037717,1350.3,237.98841192456575,-82.14285714285714,21.645128179285987,18.298382927637043,28.33861868258387,-64.57227663906214,9.417040358744394,34.30493273542601,34.22479967286911,21.12895914782705,1411.0,1454.0,1261.0,0,0,830023.3,67031814,1347.0479545775001,0.1111111111111111,0.8888888888888888,0.3888888888888889,37312833.333333336,-12.448418156808794,-13.27372764786794,-4.1790013710678275,-2.6103586121648905,65.32698188661493,32.51003068208638,0.0,0.4,874753.75,13000.0,1.1085963975733693,0.2128265376093588,0.9329257139641041,-0.5,0.0
2025-02-20,,,,1275.6,1298.4,1345.4,1320.15,1319.6777703998337,31.714285714285715,29.741379310344826,-20.480525142809938,-11.22402281245219,-9.256502330357748,1465.4042104522935,1225.3957895477067,1345.4,240.00842090458673,-68.35443037974683,29.720605330533164,22.105790395269082,44.95023520106133,-49.21700199872392,11.486486486486486,33.33333333333333,35.03941844422435,36.993331164606374,1243.0,1454.0,1261.0,0,0,837224.55,67889310,1342.2053833506595,0.72,0.28,0.8,34299840.0,-11.072902338376878,-13.27372764786794,-3.2964627503062327,-2.6103586121648905,65.32698188661493,32.51003068208638,0.0,0.35,891910.85,-62353.0,-5.258954129956972,0.21604373351602524,0.8475746729888399,-0.4,0.0
2025-02-21,,,,1276.8,1290.9,1336.95,1320.4166666666667,1314.660839885564,32.642857142857146,23.790322580645153,-21.95177566985967,-13.369573383933687,-8.582202285925984,1453.8529737137608,1220.0470262862393,1336.95,233.80594742752146,-84.41558441558442,27.153186428306515,23.788255739614893,33.88304780568976,-53.3382996560965,12.25382932166302,32.82275711159737,36.37933424887648,27.39846585340802,1397.0,1454.0,1261.0,0,0,835448.25,66884500,1333.541469325,0.09523809523809523,0.9047619047619048,0.6190476190476191,23924047.61904762,-12.861072902338355,-13.27372764786794,-6.4867508044209305,-2.6103586121648905,65.32698188661493,32.28699551569507,0.0,0.3,912701.15,91190.0,8.11803781889271,0.22372290405997317,0.8154594987561039,-0.4,0.0
2025-02-24,,,,1276.2,1282.9,1327.65,1320.2833333333333,1310.2169503726532,31.857142857142858,28.037383177570092,-22.77453006376072,-15.250564719899096,-7.523965343861626,1434.5080465160456,1220.7919534839546,1327.65,213.71609303209107,-78.99159663865547,26.967372512488033,24.847961330572605,31.206194876318897,-60.32829824461674,12.556053811659192,33.63228699551569,38.13809600600651,37.15013755756825,1243.0,1417.0,1261.0,0,0,820424.55,67670596,1322.842729474636,0.64,0.36,0.04,31443840.0,-10.515172900493997,-13.27372764786794,-7.377892436400358,-2.6103586121648905,65.32698188661493,31.77787227462502,0.0,0.25,936696.4,22130.0,1.8221625355807403,0.22729736060670508,0.7124916951498236,-0.4,0.0
2025-02-25,,,,1267.6,1274.3,1318.65,1320.2333333333333,1303.2439074800195,31.571428571428573,28.43601895734598,-25.632533875919307,-17.32695855110314,-8.305575324816168,1424.1338974988173,1213.1661025011829,1318.65,210.96779499763443,-99.2063492063492,18.30828134495902,22.668068002034744,9.588708030807574,-70.77249894604132,12.669683257918551,28.733031674208142,39.48079702083868,38.06544478363444,1362.0,1409.0,1237.0,0,1,824988.3,66668845,1312.6818820339633,0.027777777777777776,0.9722222222222222,0.8611111111111112,27826416.666666668,-12.207239176721075,-13.27372764786794,-7.356899963383589,-2.5729897760166804,65.32698188661493,29.49591469325578,0.0,0.2,967097.45,107137.0,8.663689198226464,0.23340674965237185,0.7076704247065109,-0.5,0.0
2025-02-26,,,,1257.8,1264.5,1309.4,1319.9166666666667,1295.6968686723988,32.57142857142857,23.720930232558146,-28.61663904070565,-19.584894649023642,-9.031744391682007,1413.9660707775547,1204.8339292224455,1309.4,209.13214155510923,-93.24324324324324,15.86852455964301,20.4015535212375,6.802466636454035,-83.20660989689408,12.280701754385966,32.675438596491226,41.29264371073415,27.239134150485,1362.0,1397.0,1224.0,0,1,849800.45,65432559,1302.0765511675909,0.3333333333333333,0.6666666666666666,0.43333333333333335,41209533.333333336,-12.383679312813156,-13.27372764786794,-7.613031735518303,-2.5729897760166804,65.32698188661493,29.49591469325578,0.0,0.15,999885.45,50695.0,3.7726287024895777,0.23811888068692996,0.7716923402969091,-0.5,0.0
2025-02-27,,,,1246.0,1260.8,1301.25,1319.7833333333333,1289.8209764178846,31.928571428571427,25.454545454545453,-29.83077683031661,-21.634071085282237,-8.196705745034372,1402.4218184183073,1200.0781815816927,1301.25,202.34363683661468,-82.51748251748252,19.259571928650892,20.020892990375298,17.73692980520208,-76.89138129782248,8.501118568232663,34.00447427293065,43.82011623820667,38.37758367205742,1209.0,1397.0,1224.0,0,0,867893.2,66451928,1294.0074634375135,0.9259259259259259,0.07407407407407407,0.37037037037037035,37754407.40740741,-11.667859699355743,-13.27372764786794,-6.522226835099688,-2.5729897760166804,65.32698188661493,29.49591469325578,0.0,0.1,1032624.05,-2622.0,-0.1880307188553476,0.2372280979974706,0.7654968817636778,-0.5,0.0
2025-02-28,,,,1242.2,1259.5,1294.3,1319.8666666666666,1285.838026282848,31.714285714285715,28.070175438596493,-29.325263396760192,-23.17230954757783,-6.152953849182364,1389.5958827186118,1199.004117281388,1294.3,190.59176543722378,-72.72727272727273,26.38138128576726,22.141055755505953,34.86203234628988,-57.39183064017401,12.612612612612612,31.981981981981978,46.82472198253845,65.48781281256444,1209.0,1397.0,1224.0,0,0,887348.2,67511123,1287.1332240451568,0.8064516129032258,0.1935483870967742,0.45161290322580644,34167580.645161286,-10.66571224051538,-13.27372764786794,-5.34915649243239,-2.5729897760166804,65.32698188661493,29.49591469325578,0.0,0.05,1064582.45,-31609.0,-2.271037216443661,0.22907680808750405,0.7557652868648571,-0.4,0.0
2025-03-03,,,,1234.0,1255.1,1285.8,1319.55,1280.2344047321005,31.642857142857142,28.57142857142857,-30.27022850270032,-24.59189333860233,-5.678335164097991,1372.4611064341002,1199.1388935658997,1285.8,173.3222128682005,-85.9375,23.83758752384484,22.706566344952247,26.09962988163003,-62.92926500800035,12.18961625282167,32.731376975169304,49.59600413587941,67.90639928746863,1337.0,1362.0,1224.0,0,0,914014.05,66404261,1280.628032267848,0.21875,0.78125,0.65625,34589437.5,-9.911894273127754,-13.27372764786794,-6.630578259875477,-2.5729897760166804,65.32698188661493,29.507389162561577,0.0,0.0,1102114.45,73864.0,5.430290055593856,0.21763230701320466,0.7829939645045568,-0.8,0.0
2025-03-04,,,,1232.8,1250.2,1279.25,1319.0166666666667,1275.5454138052337,31.714285714285715,29.95594713656388,-30.346537591369042,-25.742822189155675,-4.603715402213368,1361.3433358405844,1197.1566641594156,1279.25,164.18667168116872,-82.8125,23.530613904785447,22.981248864896646,24.629343984563057,-59.66629443423017,12.162162162162161,30.180180180180177,51.44504162321477,100.0,1209.0,1348.0,1224.0,0,0,934374.45,67473963,1274.5961317578124,0.38095238095238093,0.6190476190476191,0.19047619047619047,50938190.47619047,-8.679525222551943,-13.27372764786794,-5.337104444708649,-2.5644020429154395,65.32698188661493,29.507389162561577,0.0,0.0,1139494.65,-42975.0,-2.9966822073432153,0.19502502976557184,0.7876880635434615,-0.7,0.0
2025-03-05,,,,1228.4,1243.1,1272.95,1317.4833333333333,1268.5410886809257,29.857142857142858,33.17073170731706,-32.373884739569576,-27.069034699238458,-5.304850040331118,1358.5549064012175,1187.3450935987826,1272.95,171.20981280243495,-93.63636363636364,17.808288057735755,21.256928595843018,10.911006981521233,-76.2684113895621,10.76555023923445,28.94736842105263,51.3731946021028,100.0,1305.0,1348.0,1202.0,0,1,970537.45,66183475,1268.6401766189788,0.1590909090909091,0.8409090909090909,0.6590909090909091,29329272.727272727,-10.830860534124632,-13.27372764786794,-5.296432204713145,-2.5154447663181165,65.32698188661493,29.507389162561577,0.0,0.0,1175497.4,61777.0,4.440839012846576,0.17943012436777908,0.7880177570697787,-0.7,0.0
2025-03-06,,,,1222.8,1234.4,1266.4,1316.2166666666667,1262.5847945208375,29.5,36.18090452261307,-33.27424065636956,-28.31007589066468,-4.964164765704876,1351.4149212907143,1181.3850787092858,1266.4,170.0298425814285,-84.61538461538461,18.61376507219837,20.37587408796147,15.089547040672166,-79.78307367014949,10.89588377723971,27.602905569007262,49.490346663111275,100.0,1188.0,1348.0,1202.0,0,0,990949.8,67118077,1263.684112858189,0.782608695652174,0.21739130434782608,0.17391304347826086,40634869.56521739,-10.534124629080122,-13.27372764786794,-5.531396464893075,-2.5154447663181165,65.32698188661493,29.507389162561577,0.0,0.0,1208684.15,-8697.0,-0.5986008556750466,0.16320751787334423,0.7709680507461684,-0.7,0.0
2025-03-07,,,,1209.6,1225.9,1258.4,1315.1,1254.9100521855198,29.142857142857142,29.107981220657265,-35.51498400250807,-29.75105751303336,-5.763926489474713,1343.5732599498651,1173.226740050135,1258.4,170.34651989973008,-96.09375,14.163562679711195,18.305103618544713,5.880480802044161,-86.77841430112511,11.029411764705882,28.18627450980392,47.67575888770261,51.5387282998257,1305.0,1348.0,1182.0,0,1,997961.5,66206447,1257.17939075472,0.16666666666666666,0.8333333333333334,0.8,30387666.666666668,-12.31454005934719,-13.27372764786794,-6.730932750371246,-2.5154447663181165,65.32698188661493,29.000670690811525,0.0,0.0,1243473.5,55693.0,3.8563458711486254,0.14716559494120854,0.736789569497585,-0.8,0.0
2025-03-10,,,,1192.8,1213.4,1248.15,1314.1333333333334,1244.251951977375,30.714285714285715,21.810699588477362,-39.97693409988142,-31.79623283040297,-8.180701269478448,1337.1757798260987,1159.1242201739014,1248.15,178.05155965219728,-98.18181818181819,10.319568102263604,15.64325844645101,-0.32781258611120734,-110.17369451356923,8.372093023255815,35.348837209302324,47.674304574938105,0.0,1305.0,1323.0,1143.0,0,1,1020363.65,64899552,1247.2770675271834,0.06818181818181818,0.9318181818181818,0.8863636363636364,29702159.090909094,-13.605442176870753,-13.605442176870753,-8.237784403480154,-3.3274073277682685,65.32698188661493,28.544346648612052,0.0,0.0,1280628.75,100594.0,6.70678532473179,0.13725621046972009,0.7457378537181784,-0.8,0.0
2025-03-11,,,,1177.2,1205.0,1239.65,1313.2833333333333,1235.5612898842917,31.0,25.609756097560975,-42.21946555394993,-33.880879375112364,-8.338586178837566,1331.0168718032885,1148.2831281967117,1239.65,182.7337436065768,-92.12121212121212,10.680881658819011,13.989132850573679,4.064379275309676,-101.18887270168398,7.834101382488479,35.02304147465438,48.13986052436503,26.43703779101398,1140.0,1322.0,1143.0,0,0,1024729.7,65753127,1240.1800717138708,0.5454545454545454,0.45454545454545453,0.45454545454545453,38798863.63636364,-12.783661119515898,-13.605442176870753,-6.749892840805788,-3.3274073277682685,65.32698188661493,28.362850253596083,0.0,0.0,1310819.9,-57032.0,-3.563435423667183,0.12639970485346963,0.7025532154068416,-0.8,0.0
2025-03-12,,,,1166.2,1197.3,1230.9,1312.3333333333333,1227.1268813238828,31.214285714285715,18.534482758620683,-43.973933609941696,-35.899490222078235,-8.074443387863461,1322.5788444859352,1139.221155514065,1230.9,183.35768897187018,-95.18072289156626,9.439428352256153,12.472564684467837,3.373155687832785,-91.4226821484076,6.636155606407323,35.24027459954233,49.537167119793374,0.0,1305.0,1293.0,1143.0,0,0,1042224.5,64737188,1233.336838991983,0.26666666666666666,0.7333333333333333,0.2,33864633.33333333,-11.291569992266059,-13.605442176870753,-6.998155363856673,-3.3274073277682685,65.32698188661493,28.063616986391214,0.0,0.0,1339267.45,14095.0,0.9132162706048774,0.11648951758319316,0.6553629118623976,-0.8,0.0
2025-03-13,,,,1155.2,1189.0,1224.9,1311.0833333333333,1219.8767021501799,30.5,22.380952380952394,-44.528301077058586,-37.625252393074305,-6.903048683984281,1321.123205429451,1128.6767945705492,1224.9,192.4464108589018,-87.5,11.334969041560123,12.093366136831934,9.818174851016504,-82.82239131217031,5.620608899297424,34.66042154566745,51.427306783696864,21.79744808197009,1133.0,1293.0,1143.0,0,0,1044898.1,66129236,1224.0272324641035,0.5625,0.4375,0.125,43501500.0,-10.982211910286177,-13.605442176870753,-5.482477858271853,-2.487529824336655,65.32698188661493,27.55185776156827,0.0,0.0,1360614.2,-5872.0,-0.37700452187133804,0.11341241114615895,0.7053596668571914,-0.8,0.0
2025-03-14,,,,1151.4,1180.5,1220.0,1309.9666666666667,1214.4598733739724,30.5,26.24434389140272,-43.49792457890703,-38.799786830240855,-4.698137748666177,1318.438332285336,1121.561667714664,1220.0,196.8766645706719,-78.41726618705036,16.565655036715757,13.584129103459874,22.528706903227526,-66.00900360810837,6.323185011709602,32.08430913348946,52.958885553021325,43.690790325062096,1133.0,1293.0,1143.0,0,0,1039989.15,67156255,1218.550555214927,0.8,0.2,0.48,41080760.0,-10.054137664346507,-13.605442176870753,-4.330650483895458,-2.487529824336655,65.32698188661493,26.117426332634373,0.0,0.0,1380416.3,-16678.0,-1.0748426371861575,0.10845327980884821,0.7176139346130819,-0.7,0.0
2025-03-17,,,,1157.2,1175.0,1215.05,1308.7166666666667,1210.4160759097847,31.214285714285715,33.66834170854271,-41.47699798259009,-39.3352290607107,-2.1417689218793896,1312.6430864676183,1117.4569135323816,1215.05,195.18617293523675,-67.76859504132231,23.307920967873397,16.825393058264382,36.27297678709142,-44.6924532503925,13.043478260869565,27.688787185354688,52.75583140817311,85.76163004787036,1133.0,1293.0,1143.0,0,0,1051367.7,68735751,1212.2819745651307,0.43478260869565216,0.5652173913043478,0.1956521739130435,34336869.56521739,-9.358081979891764,-13.605442176870753,-4.343665873965566,-2.487529824336655,65.32698188661493,26.117426332634373,0.0,0.0,1399239.75,16534.0,1.0771398659666476,0.10445404234730911,0.757906463228843,-0.3,1.0
2025-03-18,,,,1158.2,1167.7,1208.95,1305.1,1205.4240686802814,31.642857142857142,33.5,-40.53778770932081,-39.575740790432725,-0.9620469188880847,1304.683126862688,1113.2168731373122,1208.95,191.46625372537574,-79.33884297520662,26.222374662342947,19.957720259623905,38.751683467781035,-45.570405828612515,12.866817155756207,22.34762979683973,51.43849021278313,84.80765926107767,1254.0,1293.0,1143.0,0,0,1086366.7,67133307,1206.3632733618706,0.05555555555555555,0.9444444444444444,0.3888888888888889,44512333.333333336,-10.44083526682138,-13.605442176870753,-5.4430697501051695,-2.487529824336655,64.355249745158,26.117426332634373,0.0,0.0,1419395.1,24236.0,1.5620760219783758,0.09931523762270249,0.8506867479943535,-0.4,0.0
2025-03-19,,,,1164.0,1165.1,1204.1,1301.9833333333333,1202.6217764250166,31.857142857142858,36.05769230769231,-37.90407267802061,-39.2414071679503,1.3373344899296882,1295.9188147211787,1112.281185278821,1204.1,183.6376294423576,-64.46280991735537,36.850952477598,25.588797665615267,59.375262101563465,-39.99529131690826,12.780269058295962,21.973094170403588,49.042176848727834,99.30177224273207,1133.0,1293.0,1143.0,0,0,1132374.25,68725089,1201.6929104784335,0.8,0.2,0.6,53059400.0,-9.04872389791187,-13.605442176870753,-4.072835310838797,-2.487529824336655,64.18678608515057,26.117426332634373,0.0,0.0,1437973.5,-18539.0,-1.1765109048897604,0.0923442602217878,0.9246711990854269,-0.3,0.0
2025-03-20,,,,1168.4,1161.8,1198.1,1298.6666666666667,1199.8006548607293,31.428571428571427,30.964467005076145,-35.647981725543104,-38.52272207946886,2.874740353925759,1280.6766629449135,1115.5233370550864,1198.1,165.1533258898271,-66.38655462184875,45.080122164552506,32.08590583192768,71.06855482980215,-33.514687721844204,9.545454545454547,22.272727272727273,48.79686660341759,70.43912025166999,1252.0,1268.0,1143.0,0,0,1147975.3,67555572,1196.9411532925258,0.52,0.48,0.12,46780680.0,-7.49211356466879,-13.605442176870753,-5.2916177455705515,-2.487529824336655,63.81050072182965,26.117426332634373,0.0,0.0,1458943.8,-14515.0,-0.9321085882423974,0.07674252449669035,0.8968641137972734,-0.1,0.0
2025-03-21,,,,1170.4,1160.9,1193.4,1295.3333333333333,1197.24821154066,30.857142857142858,34.65909090909091,-33.47414429296896,-37.51300652216889,4.038862229199928,1269.9448612869182,1116.855138713082,1193.4,153.0897225738363,-63.96396396396396,50.56623528918885,38.24601565101474,75.20667456553709,-34.49402786440228,9.722222222222221,23.14814814814815,48.44803997530722,91.37607819944874,1252.0,1268.0,1143.0,0,0,1156220.25,67555572,1191.9911147984133,0.75,0.25,0.0,48737875.0,-7.49211356466879,-13.605442176870753,-4.305537039317042,-2.487529824336655,62.57555227067423,26.117426332634373,0.0,0.0,1475054.7,-5998.0,-0.38879709497655623,0.06585340403029283,0.9152853679009153,0.0,0.0
2025-03-24,,,,1184.0,1170.6,1192.0,1292.7,1201.3198104415494,34.57142857142857,51.88284518828452,-26.0447942327703,-35.219364064289174,9.174569831518873,1263.668829016466,1120.331170983534,1192.0,143.3376580329318,-3.6036036036036037,65.84295565825803,47.44499565342917,102.63887566791577,37.56689669844546,22.107438016528928,20.66115702479339,45.65007219121547,100.0,1133.0,1248.0,1143.0,0,0,1261107.35,70439410,1192.706780843571,0.9452054794520548,0.0547945205479452,0.9178082191780822,39504630.1369863,-0.641025641025661,-13.605442176870753,-0.7670936718140583,-2.487529824336655,61.77944638121629,26.117426332634373,1.0,0.05,1492762.7,54072.0,3.5186883137926506,0.05531566180348349,1.0742485803251451,0.0,0.0
2025-03-25,,,,1204.4,1181.3,1193.15,1290.8166666666666,1206.9083999233067,34.214285714285715,62.608695652173914,-18.33183000631516,-31.84185725269437,13.510027246379213,1268.5025747819918,1117.7974252180084,1193.15,150.70514956398347,-1.550387596899225,76.71184123987229,57.2006108489102,115.73430202179645,81.33415498789688,26.096033402922757,15.031315240083508,44.30153081759918,100.0,1133.0,1260.0,1143.0,1,0,1323016.4,72679342,1195.3097621969514,0.9487179487179487,0.05128205128205128,0.5128205128205128,57434153.84615384,0.0,-13.605442176870753,0.9132086857914696,-2.4029924909384026,62.353388962084615,26.117426332634373,1.0,0.1,1505489.05,7504.0,0.47171798003622367,0.05173091381261342,1.1511538371440841,0.4,0.0
2025-03-26,,,,1215.0,1189.5,1193.4,1288.4333333333334,1209.0123618353728,35.642857142857146,54.47470817120623,-14.552934045345182,-28.384072611224536,13.831138565879353,1269.215288001146,1117.5847119988541,1193.4,151.63057600229195,-29.41176470588235,73.89255024457094,62.76459064746378,96.14846943878527,68.34795512978722,26.452905811623246,13.026052104208418,43.6310969511113,81.54479241498275,1269.0,1260.0,1143.0,0,0,1381699.75,70269389,1197.8907987305731,0.06976744186046512,0.9302325581395349,0.7209302325581395,56045418.60465116,-2.4603174603174627,-13.605442176870753,0.3114000800777568,-2.5022762065909294,60.62400242331039,26.117426332634373,1.0,0.15,1512282.0,-67973.0,-4.252871046152595,0.048593308125056814,1.2616774719998864,0.6,0.0
2025-03-27,,,,1227.6,1198.0,1193.5,1285.7666666666667,1211.582613089147,35.642857142857146,61.25,-10.868010611020281,-24.880860211183684,14.012849600163403,1269.5456926352895,1117.4543073647105,1193.5,152.09138527057894,-24.264705882352942,73.19332409467123,66.24083512986626,87.09830202428117,53.36686898014573,26.452905811623246,13.226452905811623,42.887049332063675,96.91725486861128,1133.0,1260.0,1143.0,0,0,1443570.3,72526169,1199.5006616234762,0.7333333333333333,0.26666666666666666,0.23333333333333334,75226000.0,-1.9047619047619202,-13.605442176870753,0.21195641969649007,-2.5022762065909294,60.41608996539793,26.117426332634373,1.0,0.2,1521945.35,54786.0,3.580054263444321,0.04560479757801056,1.3948082481487833,0.7,0.0
2025-03-28,,,,1232.4,1201.4,1190.95,1282.9166666666667,1210.1937927949425,35.714285714285715,61.25,-10.968221474600341,-22.098332463867017,11.130110989266676,1262.593782555831,1119.306217444169,1190.95,143.28756511166193,-52.94117647058823,61.61606221696031,64.6992441588976,55.449698333085735,23.449488865830503,26.4,10.4,41.585344561348734,96.91725486861128,1269.0,1260.0,1143.0,0,0,1495684.45,70424691,1198.5813052122503,0.13636363636363635,0.8636363636363636,0.8863636363636364,47760863.63636364,-5.000000000000004,-13.605442176870753,-1.4473512733271339,-3.162547434823319,60.41608996539793,26.117426332634373,1.0,0.25,1527574.2,-112299.0,-7.08467236726057,0.03892007461509622,1.5279446615384884,0.8,1.0
2025-03-31,,,,1220.6,1202.3,1188.65,1280.1666666666667,1207.4134315763765,36.57142857142857,55.69105691056911,-12.198093558891287,-20.118284682871874,7.920191123980587,1258.3479196243318,1118.9520803756684,1188.65,139.39583924866338,-64.70588235294117,49.33948307341514,59.57932379707012,28.859801626105195,-6.850667219094309,25.781250000000004,14.257812500000002,39.1096036749076,84.30456657657827,1269.0,1260.0,1143.0,0,0,1545435.2,68322814,1196.4251818624728,0.3235294117647059,0.6764705882352942,0.47058823529411764,61819911.76470588,-6.26984126984127,-13.605442176870753,-1.3219029109194715,-3.162547434823319,60.202057608406335,26.117426332634373,1.0,0.25,1527406.1,-42075.0,-2.8568053074452093,0.03910919816754943,1.459195887228434,0.7,-1.0
2025-04-01,,,,1215.6,1210.0,1188.85,1278.4833333333333,1210.040723807198,38.857142857142854,64.96598639455783,-8.71496663280709,-17.83762107285892,9.122654440051829,1259.080522678884,1118.6194773211157,1188.85,140.4610453577684,-25.0,56.28480158110717,58.48114972508247,51.892105293156575,51.75839655230233,30.33088235294118,13.051470588235293,37.07563921388007,100.0,1133.0,1260.0,1143.0,0,0,1633132.4,71146460,1197.4203684383867,0.8571428571428571,0.14285714285714285,0.9642857142857143,50422250.0,-1.9841269841269882,-13.605442176870753,0.2837738541508165,-3.162547434823319,60.202057608406335,26.117426332634373,2.0,0.3,1526180.95,-64116.0,-4.48136747548793,0.0411800958065948,1.592138175947448,0.4,0.0
2025-04-02,,,,1214.8,1214.9,1190.0,1276.5,1211.465416777941,39.142857142857146,62.333333333333336,-6.684425974104897,-15.606982053108116,8.922556079003218,1261.8712298779583,1118.1287701220417,1190.0,143.74245975591657,-34.92063492063492,57.99103731138139,58.31777892051544,57.33755409311331,54.90839218201043,30.10948905109489,11.86131386861314,35.031727614862305,93.20108112405103,1269.0,1260.0,1143.0,0,0,1669568.5,69127250,1198.5246725825666,0.5,0.5,0.2777777777777778,56089166.666666664,-2.777777777777779,-13.605442176870753,0.8362323505464396,-3.162547434823319,60.202057608406335,26.117426332634373,2.0,0.35,1520395.15,-29436.0,-2.1539461206139587,0.048832035618847504,1.579187875038318,0.4,0.0
2025-04-03,,,,1207.2,1217.4,1189.6,1274.35,1210.1829961324229,40.142857142857146,55.55555555555556,-7.171216899918363,-13.919829022470166,6.748612122551803,1261.1847675649522,1118.0152324350477,1189.6,143.1695351299045,-60.68376068376068,48.088300968530355,54.90795293652042,34.44899703255024,27.484615745796958,28.82562277580071,14.05693950177936,32.700774992947224,72.3234990436534,1269.0,1260.0,1143.0,0,0,1713298.4,67318050,1198.921660688724,0.1282051282051282,0.8717948717948718,0.6923076923076923,46389743.589743584,-4.920634920634925,-13.605442176870753,-0.05653363114212308,-3.162547434823319,58.14182869451845,26.117426332634373,2.0,0.4,1510870.2,-83480.0,-6.243026327203982,0.062281774544839845,1.5830578219237261,0.3,-1.0
2025-04-07,,,,1203.8,1218.1,1189.5,1271.7166666666667,1207.308425072192,40.0,51.23456790123458,-8.906779968291858,-12.917219211634505,4.010439243342647,1261.1350399408573,1117.8649600591427,1189.5,143.27007988171454,-76.06837606837607,39.595099196411546,49.803668356484124,19.177960876266383,-24.571002812712578,23.571428571428573,21.071428571428573,30.532556694391854,59.615279729025744,1269.0,1260.0,1143.0,0,0,1737358.0,65925228,1198.1516553391223,0.8387096774193549,0.16129032258064516,0.5806451612903226,44929741.93548387,-6.34920634920636,-13.605442176870753,0.11195274910172674,-3.162547434823319,56.07826925726885,26.117426332634373,2.0,0.4,1493677.2,-97668.0,-7.790430185404384,0.08244336278122572,1.5386534809336565,0.3,0.0
2025-04-08,,,,1205.6,1213.1,1191.85,1269.1833333333334,1205.6600036367452,40.142857142857146,55.0,-9.367329039316019,-12.207241177170808,2.839912137854789,1260.0641365188512,1123.6358634811486,1191.85,136.42827303770264,-67.52136752136752,36.83151540630335,45.479617373090534,19.535311472728992,9.270528937074875,29.359430604982208,20.99644128113879,29.795749332142798,70.68958513177269,1152.0,1260.0,1147.0,0,0,1766666.75,67818298,1199.661370034841,0.2,0.8,0.2857142857142857,54087714.28571428,-5.55555555555557,-12.783661119515898,1.6439583916009948,-2.4950685775928516,56.07826925726885,26.117426332634373,2.0,0.4,1466177.35,-105543.0,-9.129827754441088,0.10589526627486827,1.6052530843648458,0.1,0.0
2025-04-09,,,,1194.6,1205.1,1193.2,1266.5833333333333,1203.216193766579,42.57142857142857,50.64102564102565,-10.419128692804179,-11.849618680297484,1.4304899874933046,1259.209887616309,1127.190112383691,1193.2,132.01977523261803,-69.53125,37.1757028275032,42.71164585789475,26.1038167667201,-27.62354066366568,27.684563758389267,26.174496644295303,28.10661543318074,57.86964520778567,1269.0,1260.0,1147.0,0,0,1834816.45,65601729,1199.292757058433,0.609375,0.390625,0.15625,34633890.625,-6.34920634920636,-11.291569992266059,1.0099443205064804,-2.4950685775928516,56.07826925726885,26.117426332634373,2.0,0.4,1435281.3,-124956.0,-11.895122329675644,0.13612330934787764,1.6710051627949685,0.3,-1.0
2025-04-10,,,,1183.4,1199.1,1194.3,1263.8166666666666,1199.9575086459524,44.714285714285715,49.375,-12.00194461855358,-11.880083867948704,-0.12186075060487589,1257.7519295875304,1130.8480704124695,1194.3,126.90385917506092,-78.125,33.93412868238776,39.78580679939242,22.230772448378445,-22.281864597406578,27.316293929712458,24.920127795527154,25.57712657341665,48.556306593546736,1269.0,1260.0,1151.0,0,0,1877882.05,63724478,1199.6500573434134,0.18181818181818182,0.8181818181818182,0.2,34131836.36363637,-7.222222222222241,-10.982211910286177,0.8555916267059711,-2.4950685775928516,56.07826925726885,26.117426332634373,2.0,0.4,1401860.95,-36391.0,-3.931930525917726,0.16252179270477246,1.7912581907808451,0.3,-1.0
2025-04-11,,,,1173.0,1190.1,1194.05,1261.35,1194.8186982987188,45.214285714285715,46.06413994169097,-14.94002610318853,-12.49207231499667,-2.4479537881918585,1258.2551809678764,1129.8448190321235,1194.05,128.41036193575292,-93.89312977099236,25.16243499460771,34.91134953113085,5.6646059215614315,-73.78751463257593,27.01421800947867,27.17219589257504,22.680446199628733,0.0,1269.0,1260.0,1146.0,0,1,1874500.35,62400064,1199.775557203817,0.26666666666666666,0.7333333333333333,0.7666666666666667,44147133.33333333,-9.04761904761906,-10.44083526682138,0.009540005194613748,-2.4950685775928516,56.07826925726885,26.117426332634373,2.0,0.4,1369672.85,18773.0,2.111380286885889,0.18249273629971102,1.7943896847974716,0.0,-1.0
2025-04-14,,,,1167.4,1185.6,1193.5,1258.5666666666666,1190.7407270321742,41.92857142857143,34.39716312056737,-16.59305260991755,-13.312268373980848,-3.280784235936702,1259.000502207491,1127.999497792509,1193.5,131.00100441498216,-86.66666666666667,22.27954381903511,30.700747627098938,5.437136202907446,-74.23760728765998,18.05792163543441,29.98296422487223,24.211949951298998,0.0,1134.0,1260.0,1146.0,0,0,1880441.2,63545900,1199.3693714007118,0.6666666666666666,0.3333333333333333,0.2222222222222222,42438370.37037037,-8.571428571428596,-10.44083526682138,-0.1766605674240211,-2.4950685775928516,56.07826925726885,26.117426332634373,2.0,0.4,1334646.3,-73447.0,-8.089705223112054,0.2049533826775139,1.8280513643572227,-0.2,-1.0
2025-04-15,,,,1158.2,1181.9,1192.1,1255.8166666666666,1186.289229219586,41.357142857142854,28.51851851851852,-18.337240868922663,-14.317262872969213,-4.01997799595345,1260.660845047622,1123.5391549523779,1192.1,137.12169009524405,-90.57971014492753,18.72207683173769,26.707857361978522,2.750515771256026,-73.51994027389253,15.3713298791019,30.915371329879108,24.688988255066597,0.0,1269.0,1260.0,1144.0,0,1,1836519.1,62844846,1199.435320202587,0.41935483870967744,0.5806451612903226,0.25806451612903225,22614645.16129032,-9.206349206349218,-10.44083526682138,-0.7046746923061409,-2.4950685775928516,56.07826925726885,26.117426332634373,2.0,0.4,1294229.85,-91264.0,-10.936893320231045,0.23055910266839147,1.6562909590300898,0.0,-1.0
2025-04-16,,,,1159.2,1176.9,1193.45,1252.8666666666666,1186.1664454843874,41.714285714285715,42.142857142857146,-16.224143455107196,-14.69863898939681,-1.5255044657103856,1260.2236947888114,1126.6763052111887,1193.45,133.54738957762265,-52.21238938053097,30.303166732709613,27.906293818888884,35.09691256035107,-13.964692348753513,19.17808219178082,30.650684931506852,23.904267019249023,37.38075487349648,1131.0,1260.0,1144.0,0,0,1801547.25,63747853,1200.4168887419783,0.5882352941176471,0.4117647058823529,2.411764705882353,53118058.823529415,-5.952380952380976,-9.206349206349218,0.9565533778780685,-2.4950685775928516,56.07826925726885,26.117426332634373,2.0,0.4,1266807.5,284118.0,38.229215442494315,0.233939429890223,1.3531042634270123,0.1,0.0
2025-04-17,,,,1158.6,1171.0,1192.95,1249.1166666666666,1184.2458316287314,41.5,38.01369863013698,-15.899361795221921,-14.938783550561833,-0.9605782446600877,1260.4199933300713,1125.4800066699288,1192.95,134.9399866601425,-68.75,33.61207284096349,29.808220159580422,41.21977820372963,-33.04227856240791,19.27710843373494,30.981067125645442,23.18671972635926,26.051686618978056,1243.0,1260.0,1144.0,0,0,1789994.75,62387121,1200.7018857643764,0.14814814814814814,0.8518518518518519,0.7037037037037037,50397481.481481485,-7.460317460317478,-9.206349206349218,-0.11509427715422832,-2.4950685775928516,56.07826925726885,26.117426332634373,2.0,0.4,1246055.6,114870.0,11.181586155742052,0.23225258598100768,1.169107668121754,-0.2,0.0
2025-04-18,,,,1153.8,1163.4,1190.4,1244.6333333333334,1178.3176571878998,41.57142857142857,37.37373737373737,-18.973685431548574,-15.745763926759182,-3.2279215047893928,1264.5673782734689,1116.2326217265313,1190.4,148.33475654693757,-98.3739837398374,23.088320669485867,27.56825366288224,14.128454682693125,-82.74735175990385,19.243986254295535,34.192439862542955,22.07929227334255,24.29584103163529,1243.0,1260.0,1122.0,0,1,1833535.6,60346787,1197.9960263293135,0.043478260869565216,0.9565217391304348,0.9565217391304348,44355086.956521735,-10.952380952380981,-10.952380952380981,-1.2296444909796642,-3.1862520608169977,56.07826925726885,26.117426332634373,2.0,0.4,1231769.35,114798.0,10.050744888739471,0.22805619536381588,1.201996770848192,-0.2,0.0
2025-04-21,,,,1149.4,1158.4,1188.25,1239.5333333333333,1173.7159755509572,41.214285714285715,41.1764705882353,-20.52794257759888,-16.70219965692712,-3.8257429206717575,1266.898786251964,1109.601213748036,1188.25,157.29757250392822,-86.25954198473282,21.274566720833718,25.47035801553273,12.882984131435691,-85.43965889984428,19.410745233968804,32.23570190641248,21.797272770501305,34.729304413594555,1112.0,1260.0,1122.0,0,0,1854521.85,61936221,1195.8966452278073,0.6206896551724138,0.3793103448275862,0.27586206896551724,54808068.96551724,-10.317460317460348,-10.952380952380981,-0.9992053292086301,-3.1862520608169977,55.582655826558266,26.117426332634373,2.0,0.4,1213389.75,-87865.0,-6.9901557858426,0.22399080647240927,1.199270755047543,-0.2,0.0
2025-04-22,,,,1145.4,1151.8,1182.45,1234.0333333333333,1168.9811207365804,38.142857142857146,26.970954356846477,-21.990361223904983,-17.759831970322693,-4.23052925358229,1262.1321977077605,1102.7678022922396,1182.45,159.3643954155209,-90.83969465648855,18.104613108006795,23.01510971302409,8.283619897972208,-76.12236736575589,13.670411985018726,34.831460674157306,22.068618138698977,0.0,1243.0,1260.0,1122.0,0,0,1759638.9,60950042,1192.1274571731735,0.2631578947368421,0.7368421052631579,0.3157894736842105,51904157.89473684,-10.793650793650823,-10.952380952380981,-3.5791084957498502,-3.1862520608169977,55.43897996357013,26.117426332634373,1.0,0.35,1192181.5,-2501.0,-0.2139221309757744,0.21551485086968955,1.1796781044615063,-0.2,0.0
2025-04-23,,,,1139.2,1149.2,1177.15,1229.65,1167.5543473330965,38.07142857142857,36.39846743295019,-20.492366018316943,-18.306338779921546,-2.186027238395397,1248.8108239149544,1105.4891760850458,1177.15,143.32164782990867,-65.0,29.56974207200453,25.199987166017568,38.309251883978455,-46.07344720962503,17.636022514071296,34.89681050656661,21.309966852097375,32.981090100111224,1112.0,1236.0,1122.0,0,0,1726280.9,62522814,1186.410056285355,0.84375,0.15625,0.9375,49149125.0,-6.634304207119756,-10.952380952380981,-3.0761776642029486,-3.1862520608169977,55.25374635421905,26.117426332634373,1.0,0.3,1165798.1,-95999.0,-8.228843081185245,0.20547319472482012,1.2976851504090765,-0.5,0.0
2025-04-24,,,,1133.0,1145.8,1172.45,1225.0833333333333,1164.4539333013731,37.285714285714285,37.54940711462451,-20.600861329969348,-18.765243289931107,-1.8356180400382414,1242.094133012892,1102.8058669871082,1172.45,139.28826602578374,-78.30188679245283,29.296494714669684,26.56548968223494,34.75850477953918,-51.95507566476044,18.007662835249043,32.95019157088123,20.94450072679598,37.74103796631393,1218.0,1236.0,1122.0,0,0,1662386.6,61390747,1180.8373704508126,0.25,0.75,0.6785714285714286,40430964.28571428,-8.171521035598717,-10.952380952380981,-2.8193365190881385,-3.1862520608169977,55.04294478527607,26.117426332634373,1.0,0.25,1142982.4,3381.0,0.31579920737294653,0.1961853111511347,1.2702303244759032,-0.5,-1.0
2025-04-25,,,,1132.8,1143.3,1166.7,1220.4833333333333,1160.3154634631471,35.857142857142854,38.152610441767074,-21.567906245594713,-19.32577588106383,-2.242130364530883,1233.1691459880478,1100.2308540119523,1166.7,132.93829197609557,-91.50943396226415,23.280996476446457,25.47065861363878,18.90167220206181,-66.62385872997613,18.725099601593627,28.685258964143433,22.04510096689202,39.89310313050872,1218.0,1235.0,1121.0,0,1,1611533.45,60151030,1175.205223612744,0.16666666666666666,0.8333333333333334,0.5833333333333334,51654875.0,-9.230769230769242,-10.952380952380981,-3.5020912388939704,-3.1862520608169977,54.57976653696499,26.117426332634373,1.0,0.2,1121209.1,75634.0,7.042284994944126,0.17725498436617182,1.1612621659391666,-0.5,0.0
2025-04-28,,,,1131.2,1140.3,1162.95,1216.0666666666666,1156.6663717047522,34.5,35.83333333333334,-22.000002333385737,-19.860621171528212,-2.139381161857525,1230.6722656378033,1095.2277343621968,1162.95,135.44453127560655,-90.19607843137256,19.68733098429764,23.542882737191732,11.97622747850945,-63.01189141843122,12.629399585921323,30.020703933747413,23.771452765287457,37.441285537700885,1112.0,1235.0,1121.0,0,0,1558280.25,61187444,1171.324620373432,0.3157894736842105,0.6842105263157895,0.05263157894736842,54548105.2631579,-9.149797570850215,-10.952380952380981,-2.390510809763676,-2.282556796303431,54.13818487748449,26.117426332634373,1.0,0.15,1105661.1,12207.0,1.0618180426432033,0.16386002105285508,1.067768069426442,-0.2,0.0
2025-04-29,,,,1128.0,1136.7,1159.3,1211.25,1152.0314791614423,31.857142857142858,35.24590163934427,-23.204635993810143,-20.5294241359846,-2.675211857825545,1230.6954148605996,1087.9045851394003,1159.3,142.79082972119932,-92.98245614035088,16.121142004513032,21.068969159632168,6.2254876942747615,-73.15110886793016,13.677130044843048,26.681614349775785,25.872773044177826,36.935058133246315,1214.0,1235.0,1108.0,0,1,1507591.8,60099336,1168.2183994920463,0.2962962962962963,0.7037037037037037,0.5185185185185185,40300296.2962963,-10.283400809716614,-10.952380952380981,-2.358223962243734,-2.282556796303431,53.13339145597211,26.117426332634373,1.0,0.15,1091649.9,-11339.0,-0.9759527783109401,0.1509715446357657,1.0878554030352712,-0.2,0.0
2025-04-30,,,,1113.6,1126.4,1151.65,1206.5833333333333,1145.3618144794002,30.357142857142858,33.20463320463321,-25.958071072560642,-21.615153523299806,-4.342917549260836,1221.6673662665662,1081.632633733434,1151.65,140.03473253313223,-95.65217391304348,12.620087179038652,18.252675166101,1.3549112049139609,-94.37904560234544,12.23529411764706,33.41176470588235,28.858815659464742,32.648710295545506,1214.0,1225.0,1082.0,0,1,1439254.3,58642440,1159.0165836919855,0.14705882352941177,0.8529411764705882,0.7647058823529411,42849882.35294118,-11.673469387755109,-11.673469387755109,-6.0083656003959165,-2.417921122539336,52.08692131191794,26.117426332634373,0.0,0.1,1078639.8,-44094.0,-3.8325945241199477,0.14064940773365017,1.057405237010654,0.0,0.0
2025-05-06,,,,1100.8,1116.9,1143.95,1202.3,1138.2797369099335,29.857142857142858,34.81781376518218,-28.696995181865987,-23.031521855013043,-5.665473326852943,1213.8746963372291,1074.025303662771,1143.95,139.84939267445816,-94.53125,10.869531803569627,15.791627378590544,1.0253406535277918,-105.53288154824695,12.440191387559809,32.057416267942585,31.986992539169883,51.719678928940546,1214.0,1198.0,1071.0,0,1,1374946.6,57909384,1151.9140555349568,0.2916666666666667,0.7083333333333334,0.4583333333333333,30544000.0,-10.601001669449083,-11.673469387755109,-6.098692593779322,-2.417921122539336,51.364223358644566,26.117426332634373,0.0,0.05,1071481.05,87591.0,7.916714117602397,0.13246287883169908,0.969381881099582,0.0,0.0
2025-05-07,,,,1091.4,1112.1,1137.75,1197.9166666666667,1132.1578572042256,29.571428571428573,34.016393442622956,-30.276528370844744,-24.480523158179384,-5.79600521266536,1209.4625108365701,1066.0374891634299,1137.75,143.42502167314024,-92.1875,10.755126465537646,14.112793740906245,4.039791914800453,-89.95184735403419,13.526570048309178,31.40096618357488,33.055724767819754,46.43741253254511,1064.0,1190.0,1071.0,0,0,1346981.05,59159273,1144.7559979159814,0.21739130434782608,0.782608695652174,0.13043478260869565,54343000.0,-9.747899159663865,-11.673469387755109,-5.027218247577526,-2.417921122539336,50.759734093067436,26.117426332634373,0.0,0.0,1071707.45,64223.0,5.378824234901769,0.13272342907654258,0.9523856578262613,0.4,0.0
2025-05-08,,,,1078.4,1104.8,1131.6,1193.1666666666667,1124.9999660419185,29.357142857142858,32.80632411067194,-32.52514806738532,-26.089448140020572,-6.435699927364745,1208.9329098594328,1054.267090140567,1131.6,154.6658197188658,-92.46575342465754,10.414922068470524,12.880169850094338,5.4844265052228955,-99.40410116972855,13.38199513381995,36.4963503649635,33.967108615133704,38.46168694941806,1192.0,1190.0,1057.0,0,1,1350433.2,57697408,1138.6578599494344,0.39285714285714285,0.6071428571428571,0.6071428571428571,52209464.28571428,-11.176470588235288,-11.673469387755109,-5.057566911280375,-2.417921122539336,49.62820512820513,26.117426332634373,0.0,0.0,1078334.75,30350.0,2.4121377819459333,0.13844412179740612,1.0008736872097947,0.0,0.0
2025-05-09,,,,1063.6,1095.8,1123.8,1187.9333333333334,1116.3333026093549,27.714285714285715,17.872340425531902,-35.75098802259663,-28.021756116535787,-7.729231906060843,1207.5354229259647,1040.0645770740352,1123.8,167.47084585192943,-99.35897435897436,7.21428408900745,10.991541263065375,-0.34023025910839877,-105.30877614424257,6.443298969072165,42.01030927835051,37.565694353443064,0.0,1192.0,1185.0,1034.0,0,1,1307270.65,56667589,1130.6132699197879,0.04,0.96,0.92,41192760.0,-12.742616033755272,-12.742616033755272,-6.465992702318,-2.417921122539336,49.62820512820513,25.57871396895787,0.0,0.0,1092714.4,49504.0,3.84177809509767,0.14636574147692058,0.9656453217814585,-0.3,0.0
2025-05-12,,,,1056.2,1084.9,1117.05,1183.3,1109.5396547417972,28.0,23.348017621145374,-36.99344396445622,-29.816093686119878,-7.177350278336341,1203.4334170243374,1030.6665829756625,1117.05,172.7668340486748,-84.02777777777777,11.252099756817291,11.078394094316014,11.599511081819848,-92.79784202102543,6.377551020408164,41.07142857142857,41.12502352037276,23.496595484936414,1022.0,1185.0,1034.0,0,0,1279321.5,58325175,1120.8688704911158,0.7419354838709677,0.25806451612903225,0.3548387096774194,53470516.129032254,-11.81434599156117,-12.742616033755272,-5.427612443081093,-2.417921122539336,49.62820512820513,25.121700879765395,0.0,0.0,1113226.9,-2299.0,-0.1718141149144259,0.1469872241544519,0.9504722465143752,-0.5,0.0
2025-05-13,,,,1045.2,1073.0,1109.4,1178.2,1100.6311161949593,27.5,25.0,-39.85869071133243,-31.824613091162387,-8.034077620170041,1203.1935021874647,1015.6064978125354,1109.4,187.58700437492928,-100.0,7.5013998378781945,9.886062675503409,2.7320741626277645,-92.27704857128454,7.012987012987013,32.46753246753247,43.732124069172414,30.585392051557502,1159.0,1185.0,1016.0,0,1,1267434.1,56685672,1110.4985182398568,0.0,1.0,0.7435897435897436,42038538.461538464,-14.26160337552741,-14.26160337552741,-6.039645592975059,-2.8250428816466497,49.62820512820513,24.758064516129032,0.0,0.0,1141944.65,127714.0,9.561041343040566,0.15096784862339788,1.0517360125687254,-0.5,0.0
2025-05-14,,,,1039.6,1065.5,1104.4,1174.45,1095.4281527478204,28.0,32.051282051282044,-39.256149664453915,-33.310920405820696,-5.945229258633219,1200.6089830577735,1008.1910169422268,1104.4,192.41796611554662,-77.3972602739726,14.65005603226967,11.474060461092161,21.002047174624686,-74.70438961842265,6.887755102040816,30.612244897959183,46.47734488041158,69.91495485217568,1013.0,1185.0,1016.0,0,0,1307322.35,58807851,1102.41717360935,0.9166666666666666,0.08333333333333333,0.8333333333333334,58949416.666666664,-11.729957805907166,-14.26160337552741,-3.5758094170261283,-2.8250428816466497,49.62820512820513,25.363636363636363,0.0,0.0,1167032.05,-53834.0,-3.6784697390960908,0.14828489641702447,1.1541522336010501,-0.8,0.0
2025-05-15,,,,1035.4,1056.9,1098.6,1170.7,1089.7683286765994,28.071428571428573,31.5126050420168,-39.13443061445537,-34.47562244754763,-4.65880816690774,1196.694261863192,1000.5057381368078,1098.6,196.18852372638412,-84.24657534246575,17.589833273213795,13.512651398466039,25.744197022709304,-65.56970022514002,6.870229007633587,30.534351145038165,47.8799136299191,67.258791946879,1159.0,1185.0,1016.0,0,0,1327109.0,57266282,1096.6261078404261,0.4,0.6,0.5,77078450.0,-12.57383966244725,-14.26160337552741,-4.202801657237159,-2.8250428816466497,49.62820512820513,25.57871396895787,0.0,0.0,1196259.3,9350.0,0.6632828599905549,0.1362569396621133,1.1445296150243425,-0.8,0.0
2025-05-16,,,,1029.6,1046.6,1091.65,1166.2666666666667,1081.6951545169231,28.071428571428573,18.828451882845187,-41.066024742069885,-35.79370290645208,-5.272321835617802,1195.7153134989862,987.5846865010138,1091.65,208.1306269979724,-98.05194805194805,12.837666626586975,13.28765647450635,11.937686930748225,-78.1289004461071,1.5267175572519083,37.150127226463106,52.11192222282995,4.71449076638466,1159.0,1185.0,1005.0,0,1,1373636.55,55634677,1090.5071124648414,0.08571428571428572,0.9142857142857143,0.8857142857142857,46617285.71428572,-15.189873417721522,-15.189873417721522,-4.946558594042878,-3.0313433379471113,49.62820512820513,25.57871396895787,0.0,0.0,1236487.05,128746.0,9.072977191764654,0.11597512846563617,1.2014396404438439,-0.8,0.0
2025-05-19,,,,1024.2,1040.2,1083.3,1161.9,1075.6289493248353,27.928571428571427,24.892703862660937,-41.07435604157308,-36.849833533476286,-4.224522508096797,1182.5139633633983,984.0860366366016,1083.3,198.4279267267966,-88.48920863309353,14.484370343650575,13.686561097554426,16.079988835842872,-70.34913332357985,1.5345268542199488,37.34015345268543,56.59634757191696,34.61671581053385,1002.0,1166.0,1005.0,0,0,1411480.95,57294572,1083.17466781964,0.5769230769230769,0.4230769230769231,0.5,63842115.384615384,-12.69296740994853,-15.189873417721522,-6.485899808899842,-3.0313433379471113,49.62820512820513,25.57871396895787,0.0,0.0,1259808.05,-54017.0,-3.490031665300164,0.11549775354133361,1.175503962531018,-0.8,0.0
2025-05-20,,,,1026.0,1035.6,1076.25,1157.7666666666667,1070.807144627232,27.642857142857142,28.761061946902657,-40.05439502504055,-37.49074583178914,-2.5636491932514076,1170.6419599606927,981.8580400393074,1076.25,188.7839199213853,-82.70676691729324,20.304395043915196,15.89250574634135,29.128173639062894,-58.102896453519605,2.842377260981912,34.883720930232556,61.16228353534342,60.624273820859806,1002.0,1154.0,1005.0,0,0,1412344.3,58672571,1076.0091222326832,0.55,0.45,0.35,68899950.0,-11.178509532062375,-15.189873417721522,-5.43838975085839,-3.0313433379471113,49.62820512820513,26.117426332634373,0.0,0.0,1276828.0,-11151.0,-0.7465184564319993,0.11813113359991347,1.137341588120687,-0.7,0.0
2025-05-21,,,,1023.6,1031.6,1071.85,1153.45,1067.3017022817812,27.714285714285715,31.196581196581207,-38.08087120838354,-37.608770907108024,-0.4721003012755176,1165.4634830592477,978.236516940752,1071.85,187.22696611849562,-74.4,32.58388241022918,21.45629796763729,54.83905129541296,-48.54574738015651,3.350515463917526,34.5360824742268,64.12915683112497,76.69262856976172,1002.0,1154.0,1005.0,0,0,1373828.05,59942580,1069.3661230506004,0.9,0.1,0.45,63500450.0,-10.398613518197553,-15.189873417721522,-3.681289703004682,-2.7859775359775307,49.62820512820513,26.117426332634373,0.0,0.0,1288192.1,1681.0,0.11338319675862074,0.12239353064702571,1.0073794178205437,-0.4,0.0
2025-05-22,,,,1020.0,1027.7,1066.25,1149.3,1062.6063020644688,28.0,30.93220338983052,-37.37704632401278,-37.562425990488975,0.18537966647619442,1158.6082840439158,973.8917159560842,1066.25,184.71656808783155,-85.3211009174312,31.785481355247125,24.89935909684057,45.55772587206023,-52.80805126971565,3.316326530612245,32.90816326530612,67.66257958989985,77.06992128535106,1111.0,1154.0,1005.0,0,0,1372891.4,58371879,1063.148302322626,0.41935483870967744,0.5806451612903226,0.5161290322580645,50667774.19354839,-11.785095320623885,-15.189873417721522,-4.744178807762729,-2.7859775359775307,49.62820512820513,26.825632263757726,0.0,0.0,1307168.0,64371.0,4.336896940166968,0.1264087449212791,0.9929545136084531,-0.4,0.0
2025-05-23,,,,1019.0,1024.3,1060.05,1144.8333333333333,1056.643797105948,27.0,32.01754385964912,-37.835564761340265,-37.61705374465924,-0.21851101668102757,1152.7327639682787,967.3672360317211,1060.05,185.36552793655767,-97.87234042553192,22.359911546772942,24.052876580151363,18.973981480016107,-62.26454693486558,3.4391534391534395,29.894179894179892,70.01781721759698,83.47482038769152,1111.0,1154.0,1000.0,0,1,1398258.55,56878357,1057.7911038222032,0.10526315789473684,0.8947368421052632,0.9473684210526315,78606421.05263157,-13.344887348353529,-15.189873417721522,-5.2509522346854265,-2.7859775359775307,49.62820512820513,26.825632263757726,0.0,0.0,1329019.6,55013.0,3.5523541699625794,0.1311642284395633,0.9683844850576214,-0.4,0.0
2025-05-26,,,,1019.2,1021.7,1053.3,1141.2,1053.058673572048,27.428571428571427,38.983050847457626,-36.24795881039927,-37.343234757807245,1.095275947407977,1136.3348056379125,970.2651943620874,1053.3,166.06961127582508,-77.65957446808511,28.63209789392706,25.57928368474326,34.737726312294654,-46.36806708585862,6.770833333333334,26.04166666666667,71.06382701936715,100.0,998.0,1135.0,1000.0,0,0,1425397.35,58993905,1049.8113324213305,0.6333333333333333,0.36666666666666664,0.6333333333333333,70518266.66666666,-10.220264317180606,-15.189873417721522,-5.840372375813266,-2.7859775359775307,49.62820512820513,26.825632263757726,0.0,0.0,1350994.8,-93527.0,-5.832140220297721,0.12405938745770087,1.0263193302433555,-0.4,0.0
2025-05-27,,,,1020.4,1023.2,1048.1,1137.9833333333333,1050.9578475175674,28.142857142857142,41.224489795918366,-33.633760885184756,-36.60133998328275,2.9675790980979926,1122.129581569301,974.0704184306987,1048.1,148.05916313860234,-56.578947368421055,41.08806526261804,30.748877544034855,61.7664406997844,-28.321394999201875,9.137055837563453,25.38071065989848,71.58338968314233,100.0,998.0,1122.0,1000.0,0,0,1478296.5,61183955,1044.8045515113736,0.6060606060606061,0.3939393939393939,0.36363636363636365,66365151.51515152,-8.110516934046341,-15.189873417721522,-4.410027630481303,-2.7859775359775307,49.62820512820513,27.850331222246492,0.0,0.0,1371399.45,-28030.0,-1.8561426534694947,0.11417921945066883,1.13596283977938,-0.4,0.0
2025-05-28,,,,1015.4,1019.5,1042.5,1134.2333333333333,1046.9618620397039,28.357142857142858,40.4,-32.95729515021367,-35.87253101666894,2.9152358664552693,1109.9638304649975,975.0361695350024,1042.5,134.9276609299951,-81.66666666666667,35.363058001165655,32.28693769641179,41.51529861067338,-42.05029760353056,9.068010075566752,21.158690176322416,71.13042801066847,96.46931944960953,1058.0,1122.0,1000.0,0,0,1503795.85,59434251,1039.7682277373842,0.16129032258064516,0.8387096774193549,0.7096774193548387,56442064.51612903,-10.071301247771824,-15.189873417721522,-4.741576605288946,-2.7859775359775307,49.62820512820513,28.428849902534115,0.0,0.0,1390125.7,42066.0,2.8382872576650175,0.10859592409301316,1.1944293356377689,-0.8,0.0
2025-05-29,,,,1008.8,1014.4,1035.65,1129.85,1041.0607323216368,28.857142857142858,40.2390438247012,-33.96624883192908,-35.491274579720965,1.5250257477918865,1096.6358482286485,974.6641517713517,1035.65,121.97169645729673,-90.9090909090909,27.110725536130637,30.56153364298474,20.20910932242242,-77.14253551599268,8.910891089108912,24.00990099009901,69.16331417745322,95.59990934538499,1058.0,1108.0,985.0,0,1,1568372.2,57106310,1033.3547623559425,0.21875,0.78125,0.75,72748156.25,-11.101083032490966,-15.189873417721522,-5.74255717650285,-2.7859775359775307,49.62820512820513,28.56084656084656,0.0,0.0,1414117.2,117512.0,7.709966886613384,0.1067100395226723,1.2751862225106194,-0.8,0.0
2025-05-30,,,,1005.2,1012.1,1029.35,1125.7666666666667,1035.4359006719571,28.214285714285715,37.037037037037045,-34.608976088749614,-35.314814881526694,0.7058387927770795,1084.632147113067,974.0678528869328,1029.35,110.56429422613428,-86.9047619047619,23.096648074315404,28.073238453428296,13.143467316089627,-89.72992092887976,9.113924050632912,23.544303797468356,67.09672610186288,81.30270731307795,1058.0,1082.0,982.0,0,1,1594275.1,55500144,1028.0954415897231,0.5,0.5,0.13636363636363635,73007545.45454545,-9.242144177449163,-15.189873417721522,-5.3299022481540215,-2.7859775359775307,49.62820512820513,28.71255326122583,0.0,0.0,1432108.95,-131334.0,-8.00002923853712,0.09690605698914538,1.3016106903415268,-0.5,0.0
2025-06-03,,,,992.2,1005.7,1022.95,1121.15,1027.680100607961,27.571428571428573,37.1900826446281,-36.95175127755488,-35.64220216073233,-1.309549116822545,1082.0715518630377,963.8284481369623,1022.95,118.24310372607545,-97.9381443298969,16.12240306403636,24.089626656964317,0.18795587818043913,-113.42439673988116,8.808290155440414,27.461139896373055,66.16493233172325,81.98606750466665,1058.0,1074.0,954.0,0,1,1580571.75,54317315,1022.7318464979523,0.08,0.92,1.12,47313160.0,-11.173184357541889,-15.189873417721522,-5.46490021889937,-2.858371537088442,49.62820512820513,28.71255326122583,0.0,0.0,1454859.25,51077.0,3.3818325073576405,0.0813626948255244,1.1729357187245726,-0.6,0.0
2025-06-04,,,,983.6,1002.0,1018.8,1117.5833333333333,1023.9010434072029,28.071428571428573,38.21138211382114,-35.65390561319953,-35.64454285122577,-0.00936276197375463,1075.3149258343512,962.2850741656487,1018.8,113.02985166870258,-62.5,23.791746970227138,23.990333428051926,23.39457405457756,-75.01490002465101,13.486005089058523,26.208651399491092,63.93535918378275,86.54624673439048,952.0,1074.0,954.0,0,0,1659232.3,56623582,1018.5526820144473,0.813953488372093,0.18604651162790697,0.7906976744186046,53634116.279069774,-8.007448789571681,-15.189873417721522,-3.036074021220418,-2.858371537088442,49.62820512820513,28.71255326122583,0.0,0.0,1467373.0,-117140.0,-7.502183920707672,0.06906721542582576,1.196767963755375,-0.6,-1.0
2025-06-05,,,,974.4,994.9,1013.25,1113.5333333333333,1018.1009440350883,28.857142857142858,36.015325670498086,-36.22506464410969,-35.760647209802556,-0.464417434307137,1068.7320976338458,957.7679023661541,1013.25,110.96419526769171,-88.04347826086956,19.846671893194905,22.60911291643292,14.321789846718872,-88.49470365889285,13.118811881188117,25.495049504950494,61.70578603584226,76.74068893060969,1044.0,1057.0,954.0,0,0,1680184.45,54954650,1013.8349899619652,0.21428571428571427,0.7857142857142857,0.8928571428571429,59604714.28571428,-8.893093661305574,-15.189873417721522,-4.049891317762171,-2.858371537088442,49.62820512820513,28.71255326122583,0.0,0.0,1482071.9,107926.0,7.4726921244751665,0.06080143945764867,1.182212791216532,-0.6,0.0
2025-06-06,,,,976.8,992.8,1010.25,1110.45,1016.0913303174609,29.571428571428573,48.484848484848484,-33.54748195158493,-35.31801415815903,1.770532206574103,1062.1441229809004,958.3558770190996,1010.25,103.78824596180084,-51.08695652173913,29.535462421550225,24.917896084805356,38.770595095039965,-39.56719067559313,18.357487922705314,18.59903381642512,55.17352400822419,100.0,952.0,1046.0,954.0,0,0,1760276.7,58018360,1010.0594123923813,0.7027027027027027,0.2972972972972973,0.918918918918919,82802972.97297297,-4.68451242829826,-15.189873417721522,-1.913167841743071,-2.858371537088442,49.62820512820513,28.71255326122583,0.0,0.0,1488747.7,-130112.0,-8.382435745955085,0.05328102723072711,1.3294816574744153,-0.5,0.0
2025-06-09,,,,981.6,993.4,1008.85,1108.1666666666667,1015.1302512396076,29.928571428571427,47.69230769230769,-30.34940454916159,-34.32429223635955,3.974887687197956,1059.5431948091339,958.1568051908662,1008.85,101.38638961826769,-41.30434782608695,39.255525672337825,29.69710594731618,58.37236512238111,-12.366377899137955,20.525059665871126,18.37708830548926,48.98896752499157,95.98180201851174,952.0,1046.0,954.0,0,0,1843126.6,60705177,1008.7104576086455,0.6129032258064516,0.3870967741935484,0.2903225806451613,86671516.12903225,-3.824091778202654,-15.189873417721522,-0.8275813986970436,-2.858371537088442,49.62820512820513,30.497975101244947,0.0,0.0,1494378.1,28596.0,2.0108488516165757,0.04797568162661879,1.4872128477003959,-0.4,1.0
2025-06-10,,,,989.8,991.0,1006.35,1105.5333333333333,1013.2130844548831,30.0,44.31818181818182,-28.375419068070187,-33.13451760270168,4.759098534631491,1054.399426306438,958.3005736935621,1006.35,96.09885261287593,-53.26086956521739,43.4394267534461,34.27787954935949,61.76252116161932,-26.447583741539873,19.285714285714285,18.80952380952381,43.011717035754785,76.2618873445501,1044.0,1046.0,954.0,0,0,1847548.4,58959155,1006.6747366311665,0.47619047619047616,0.5238095238095238,0.5238095238095238,83143904.76190476,-4.875717017208392,-15.189873417721522,-1.6140799890575863,-2.858371537088442,49.62820512820513,30.95801428202702,0.0,0.0,1499317.05,-16128.0,-1.1117529548171134,0.042070684005623374,1.579128908274849,-0.1,1.0
2025-06-11,,,,991.8,987.7,1005.45,1103.05,1011.7642192687038,29.5,43.0232558139535,-26.266166408319577,-31.76084736382526,5.494680955505682,1053.4125950744176,957.4874049255826,1005.45,95.92519014883499,-50.0,52.19194106795396,40.24923338889098,76.07735642607993,-21.04672596229072,19.128329297820827,19.128329297820827,37.13222238074992,68.88450349602765,952.0,1046.0,954.0,0,0,1827654.05,60200771,1005.3221177352099,0.6923076923076923,0.3076923076923077,0.23076923076923078,95508923.07692307,-4.588910133843182,-15.189873417721522,-0.516167446241819,-2.858371537088442,49.62820512820513,31.150158358280194,0.0,0.0,1497444.3,-8520.0,-0.5939128119262116,0.04322787457010547,1.4338970433423626,-0.1,0.0
2025-06-12,,,,995.4,984.9,1002.2,1100.2166666666667,1008.8342936240654,28.785714285714285,42.857142857142854,-25.670413852579713,-30.54276066157615,4.872346808996436,1047.3178573581267,957.0821426418734,1002.2,90.23571471625337,-68.47826086956522,49.44109202510062,43.31318626762753,61.696903540046804,-41.757946567698184,19.6029776674938,19.851116625310176,31.342135950217035,65.82497405741957,1044.0,1036.0,954.0,0,0,1785358.65,58924500,1002.7843905574192,0.19047619047619047,0.8095238095238095,0.8095238095238095,60774809.52380953,-5.308880308880271,-15.189873417721522,-2.3828746730863126,-2.858371537088442,49.62820512820513,31.449400272929683,0.0,0.0,1501498.35,64702.0,4.537198972815526,0.04089044798844748,1.3900828854101133,-0.1,0.0
2025-06-13,,,,991.2,984.0,999.2,1097.1,1005.7072180408211,29.071428571428573,45.1219512195122,-25.309976222269825,-29.496203773714885,4.186227551445061,1042.808787139132,955.5912128608682,999.2,87.21757427826378,-73.91304347826087,45.08194013794587,43.90277089106698,47.44027863170365,-54.38227448101736,19.41031941031941,20.393120393120395,25.84956855288774,73.03106690284781,1044.0,1034.0,954.0,0,0,1795171.7,57186670,1000.1013425623855,0.375,0.625,0.20833333333333334,72409583.33333333,-5.609284332688558,-15.189873417721522,-2.2120360096642995,-2.858371537088442,49.62820512820513,31.916556096122658,0.0,0.0,1501855.8,-64582.0,-4.332222472657799,0.040556671408252004,1.2029160005664061,0.1,0.0
2025-06-16,,,,986.0,983.8,997.95,1093.9,1003.258911560743,28.214285714285715,41.558441558441565,-24.4200609709186,-28.48097521315563,4.060914242237033,1042.2859186683568,953.6140813316432,997.95,88.67183733671357,-69.56521739130434,43.90078060478443,43.90210746230613,43.89812688974105,-47.76038514815149,16.70886075949367,21.012658227848103,22.469514070244568,44.45331205107746,952.0,1034.0,954.0,0,0,1775997.55,58434792,998.6791011245107,0.6111111111111112,0.3888888888888889,0.2222222222222222,69340111.1111111,-5.222437137330727,-13.344887348353529,-0.9084662985343525,-2.5464123452921865,49.62820512820513,31.916556096122658,0.0,0.0,1496902.45,22530.0,1.5797732923653385,0.04075725094238016,1.0048059238365563,0.1,0.0
2025-06-17,,,,981.8,985.8,995.75,1090.8333333333333,1000.472348554958,27.071428571428573,37.333333333333336,-23.923175107655766,-27.569415192055658,3.646240084399892,1040.2631559495412,951.2368440504589,995.75,89.02631189908232,-73.49397590361446,38.55680455619509,42.12033982693578,31.429734014713702,-49.790292298143704,13.720316622691293,22.163588390501317,20.788841801337007,10.569832402234642,1035.0,1034.0,954.0,0,0,1746238.25,57370083,997.1226406534159,0.35294117647058826,0.6470588235294118,0.35294117647058826,62629941.176470585,-5.802707930367479,-13.344887348353529,-1.7283813672067854,-2.5464123452921865,49.62820512820513,31.916556096122658,0.0,0.0,1495798.95,22980.0,1.5862672604929795,0.04096071595058899,0.906076830506278,-0.2,0.0
2025-06-18,,,,978.2,985.0,993.5,1087.5666666666666,998.5226010735335,25.714285714285715,43.0622009569378,-22.782615811849837,-26.612055316014494,3.8294395041646574,1036.3043283590846,950.6956716409153,993.5,85.6086567181693,-57.57575757575758,34.20126839694052,39.480649350270696,23.64250649028017,-36.87590022264402,14.444444444444445,21.38888888888889,19.315973584282744,56.512790355777724,952.0,1034.0,954.0,0,0,1721054.0,58244397,995.5814412563464,0.5833333333333334,0.4166666666666667,0.5,72859500.0,-5.222437137330727,-13.344887348353529,-1.7603278392567427,-2.5464123452921865,49.62820512820513,31.916556096122658,0.0,0.0,1494597.3,-13114.0,-0.8911001424238174,0.041332485593495026,0.8518293990134556,-0.2,0.0
2025-06-19,,,,981.6,988.5,991.7,1084.65,998.4728295427208,25.357142857142858,53.20197044334975,-20.193486838647573,-25.328341620541114,5.134854781893541,1030.138467573906,953.2615324260943,991.7,76.87693514781165,-30.303030303030305,43.06228350645708,40.67452740233283,47.83779571470558,3.9051420487082695,20.281690140845072,14.36619718309859,17.25943851839503,100.0,952.0,1031.0,954.0,0,0,1740530.55,59903937,994.2830963620069,0.7407407407407407,0.25925925925925924,0.6666666666666666,61464444.44444445,-3.200775945683765,-13.344887348353529,-1.3248787723560982,-2.5464123452921865,50.759734093067436,32.04453441295546,0.0,0.05,1491816.85,-29895.0,-2.0496383394467133,0.042560571989303485,0.9129244437771259,-0.1,0.0
2025-06-20,,,,987.8,989.5,991.15,1081.8833333333334,999.2849410148426,26.071428571428573,55.98086124401914,-17.216893063760836,-23.70605190918506,6.489158845424225,1028.297076104512,954.0029238954879,991.15,74.29415220902399,-20.28985507246377,53.399547028996075,44.916200611220575,70.36623986454708,40.86035321410247,24.109589041095887,12.054794520547944,16.484244719945416,100.0,952.0,1031.0,954.0,0,0,1751604.25,61696112,993.7273586960831,0.5625,0.4375,0.28125,56005468.75,-2.327837051406356,-13.344887348353529,-0.3114279831488835,-2.5464123452921865,51.364223358644566,32.04453441295546,0.0,0.1,1487059.3,24829.0,1.7379283311926175,0.04207581367913533,0.9158198618628438,0.0,0.0
2025-06-23,,,,993.2,989.6,991.5,1078.0,1000.0197085372386,25.071428571428573,64.64088397790056,-14.688600014333701,-21.90256153021479,7.213961515881088,1029.126978003033,953.873021996967,991.5,75.25395600606589,-20.58823529411765,60.29105604402208,50.04115242215441,80.79086328775742,40.69804334284983,25.07122507122507,7.122507122507122,16.793076217146066,100.0,1021.0,1031.0,954.0,0,0,1737811.15,61696112,993.6612433405091,0.625,0.375,0.0,76103750.0,-2.327837051406356,-11.173184357541889,0.438066781798322,-2.5464123452921865,51.628048409657616,32.04453441295546,0.0,0.15,1478970.6,-11610.0,-0.7987704027013764,0.03847549375402778,0.912408356352078,-0.2,0.0
2025-06-24,,,,1001.4,991.6,991.3,1073.9166666666667,1001.4464029622634,23.642857142857142,58.70967741935484,-11.902175545245996,-19.902484333221032,8.000308787975037,1028.3496111203212,954.2503888796786,991.3,74.09922224064269,-14.705882352941176,67.78024425923311,55.954183034513974,91.4323667086714,65.75773308053155,24.47129909365559,7.552870090634442,18.277283833429156,79.28003186924067,957.0,1031.0,954.0,0,0,1729834.45,63652126,993.42477557125,0.5652173913043478,0.43478260869565216,0.34782608695652173,85044086.95652175,-1.551891367604219,-11.173184357541889,-0.03601705815691656,-2.5464123452921865,51.628048409657616,32.04453441295546,0.0,0.2,1477064.7,30129.0,2.089572320466293,0.038212516492233346,1.0334760094332123,0.2,0.0
2025-06-25,,,,1008.8,993.5,990.6,1070.3833333333334,1002.9276979182383,22.357142857142858,70.45454545454545,-9.423897963536433,-17.806767059284113,8.38286909574768,1024.9198576852448,956.2801423147553,990.6,68.63971537048951,-13.793103448275861,73.92246169006346,61.943609253030466,97.88016656412942,74.03848346076916,25.878594249201278,7.987220447284345,19.761491449712242,100.0,957.0,1017.0,954.0,0,0,1673512.1,64715729,991.7726323580212,0.8461538461538461,0.15384615384615385,0.15384615384615385,81815615.38461539,0.0,-11.173184357541889,-0.47084415982107075,-2.5464123452921865,51.628048409657616,32.04453441295546,0.0,0.25,1475228.9,-26628.0,-1.8089637045576645,0.03854709131660458,1.0607611955085159,0.2,0.0
2025-06-26,,,,1012.4,997.0,990.95,1066.7166666666667,1004.1726790688822,20.571428571428573,59.5959595959596,-7.454604724720639,-15.736334592371419,8.28172986765078,1026.190377558744,955.7096224412561,990.95,70.480755117488,-15.517241379310345,77.35181656530546,67.07967835712213,97.8960929816721,75.13981681305323,21.52777777777778,9.722222222222221,22.41321880732195,67.21561451662093,1025.0,1017.0,954.0,0,0,1641593.5,63604397,991.2338650829209,0.65,0.35,0.05,55566600.0,-0.0983284169124854,-11.173184357541889,0.44790073087807847,-2.5464123452921865,51.628048409657616,32.04453441295546,0.0,0.3,1470810.85,-9579.0,-0.6627345844503973,0.038274115187638465,0.9832427935437318,0.4,0.0
2025-06-27,,,,1014.8,1001.3,992.65,1063.75,1005.5848048718458,19.571428571428573,56.98924731182796,-5.587442161834133,-13.706556106263962,8.119113944429829,1029.904600563077,955.3953994369228,992.65,74.50920112615427,-14.754098360655737,79.90121104353696,71.35352258592707,96.99658795875675,81.0916682194802,20.802919708029194,10.21897810218978,24.455802712049486,59.34539444559219,967.0,1019.0,954.0,1,0,1600327.45,65107017,992.5700680924186,0.47058823529411764,0.5294117647058824,0.17647058823529413,88389411.76470588,0.0,-11.173184357541889,1.779482511933761,-2.5464123452921865,51.628048409657616,32.04453441295546,0.0,0.35,1460711.0,3876.0,0.2699547846630068,0.027179684695728117,0.9453835414008083,0.4,0.0
2025-06-30,,,,1014.6,1003.9,993.85,1060.8333333333333,1005.6243472650034,20.071428571428573,55.78947368421053,-5.09792799248612,-11.984830483508395,6.8869024910222745,1031.2061803518893,956.4938196481108,993.85,74.71236070377847,-40.0,71.91154182563481,71.53952899916298,72.65556747857849,58.711666116997016,21.708185053380777,11.743772241992882,26.494176572231854,55.72302210237396,1032.0,1019.0,954.0,0,0,1600621.8,63494964,994.1795510448919,0.07142857142857142,0.9285714285714286,0.4642857142857143,57573321.428571425,-1.2757605495583912,-11.173184357541889,1.2822733747170332,-2.5464123452921865,51.628048409657616,32.04453441295546,0.0,0.4,1458711.75,30678.0,2.130902038797733,0.026080109130344458,0.9957586315779675,0.2,0.0
2025-07-01,,,,1007.6,1004.5,995.15,1056.5833333333333,1003.183933239765,21.285714285714285,42.37288135593221,-6.730383523709293,-10.933941091548576,4.203557567839283,1028.232194287924,962.067805712076,995.15,66.16438857584785,-80.0,50.32198026470893,64.46701275434496,22.03191528543684,-24.408037111662505,20.46979865771812,20.46979865771812,26.494176572231854,15.215469784607757,1032.0,1019.0,963.0,0,0,1621821.75,61888136,995.050332339749,0.13333333333333333,0.8666666666666667,0.8666666666666667,53560933.333333336,-3.8272816486751626,-8.893093661305574,1.4312660685716139,-2.533070805933633,50.759734093067436,32.04453441295546,0.0,0.4,1461779.05,152408.0,10.365423198558176,0.03279854007403974,0.9280330773059496,-0.2,0.0
2025-07-02,,,,1014.6,1011.7,998.35,1053.7,1007.8330824550254,25.214285714285715,70.52023121387283,-2.1890836290981497,-9.18496959905849,6.995885969960341,1039.834429545234,956.8655704547662,998.35,82.96885909046773,-4.49438202247191,65.21465350980596,64.71622633949863,66.21150785042062,96.3052812236495,31.444759206798867,13.881019830028327,29.21711008525971,100.0,967.0,1052.0,963.0,1,0,1689565.2,65549272,999.9685271788662,0.9452054794520548,0.0547945205479452,0.9863013698630136,50152547.94520548,0.0,-8.893093661305574,2.452220322959381,-2.533070805933633,50.759734093067436,32.04453441295546,1.0,0.45,1464667.6,-120715.0,-7.438878748402411,0.03316120958225175,1.268347291857973,-0.2,0.0
2025-07-03,,,,1019.2,1015.8,1002.15,1051.05,1010.8013603164516,26.0,67.40331491712706,0.3568246487776605,-7.276610749491261,7.633435398268921,1043.9226931702221,960.3773068297777,1002.15,83.54538634044445,-23.655913978494624,68.18231802614514,65.87159023504746,72.80377360834049,111.42757649324199,31.868131868131872,10.714285714285714,32.5891303390004,90.60799141888613,1061.0,1052.0,974.0,0,0,1762110.95,62429425,1005.187516134176,0.37142857142857144,0.6285714285714286,0.37142857142857144,89138485.7142857,-1.2357414448669224,-5.802707930367479,3.023826370922073,-1.747461125033363,50.759734093067436,32.04453441295546,1.0,0.5,1463277.75,22358.0,1.4885059881774465,0.03162571055284443,1.5228647228910472,-0.5,0.0
2025-07-04,,,,1020.6,1017.7,1003.6,1048.4833333333333,1012.2488498101228,26.285714285714285,62.10526315789473,1.3103787166429584,-5.559212856264417,6.8695915729073755,1046.614807731376,960.585192268624,1003.6,86.02961546275196,-37.634408602150536,65.06272182135166,65.6019674304822,63.984230603090566,71.31965014997446,31.52173913043479,11.684782608695654,35.053598461313264,74.64370401153836,1061.0,1052.0,974.0,0,0,1720718.2,60193570,1008.0168699228806,0.18181818181818182,0.8181818181818182,0.5909090909090909,101629772.72727272,-2.4714828897338337,-5.802707930367479,1.2851123333490666,-1.747461125033363,51.153214601490475,32.04453441295546,1.0,0.55,1469276.35,17657.0,1.1582910270985236,0.032930751710354776,1.6041032093911898,-0.9,0.0
2025-07-07,,,,1023.2,1018.9,1004.25,1045.6333333333334,1012.891816494873,26.642857142857142,61.78010471204189,1.4841275878576425,-4.150544767440005,5.634672355297647,1047.806980224443,960.6930197755571,1004.25,87.11396044888579,-47.72727272727273,60.23789297894032,63.81394261330158,53.085793710217814,46.171716394971746,31.099195710455767,13.672922252010723,36.15308017016447,68.94866996025463,1061.0,1052.0,974.0,0,0,1655488.2,58811353,1008.9675459581449,0.2727272727272727,0.7272727272727273,0.3181818181818182,62828045.45454545,-3.1368821292775517,-5.802707930367479,0.6558980377709094,-1.747461125033363,51.153214601490475,32.04453441295546,1.0,0.6,1476122.15,45540.0,2.953196312979145,0.03716952696516888,1.5589553044414433,-0.9,0.0
2025-07-08,,,,1032.2,1019.9,1005.75,1043.05,1014.0449768286945,27.071428571428573,61.78010471204189,2.081974964588767,-2.904040821034251,4.986015785623017,1050.0260479380147,961.4739520619853,1005.75,88.5520958760294,-42.35294117647059,59.37428159380335,62.33405560680217,53.45473356780573,48.148096085422814,30.60686015831135,13.456464379947228,37.54895950783465,68.94866996025463,976.0,1052.0,974.0,0,0,1624713.65,59941884,1010.2579524705784,0.5,0.5,0.3333333333333333,62807277.77777778,-2.5665399239543585,-5.802707930367479,1.3345694981040443,-1.747461125033363,53.71947109152191,32.04453441295546,1.0,0.65,1483015.5,-15177.0,-0.9559724816987636,0.039071566998999815,1.5047135791982433,-0.8,1.0
2025-07-09,,,,1028.8,1021.7,1007.6,1040.8166666666666,1016.0406933211998,26.357142857142858,60.10928961748633,3.32436849377018,-1.6583589580733649,4.9827274518435445,1053.5720739025787,961.6279260974214,1007.6,91.94414780515729,-30.58823529411765,62.72010929782968,62.46274017047801,63.234847552533026,56.1973618881591,26.829268292682926,13.821138211382113,38.61516159842699,63.01271114712251,976.0,1052.0,974.0,0,0,1623458.6,61158399,1011.5550763043788,0.8823529411764706,0.11764705882352941,0.5882352941176471,71559705.88235293,-1.6159695817490327,-5.802707930367479,1.5977616856903425,-1.747461125033363,55.82775119617225,32.04453441295546,1.0,0.7,1488028.95,-46118.0,-2.9329295398624167,0.03836315026606964,1.1766328200301273,-0.8,0.0
2025-07-10,,,,1037.6,1028.4,1012.7,1039.7666666666667,1022.4177701477522,28.928571428571427,67.11711711711712,8.088929025251332,0.2910986385915746,7.797830386659758,1067.94338493344,957.45661506656,1012.7,110.48676986688008,-13.709677419354838,70.57684705876818,65.16744246657473,81.39565624315509,121.9990160200291,36.04938271604939,12.592592592592593,39.67873423560368,87.90964650693157,976.0,1083.0,974.0,1,0,1713044.55,64226389,1017.914741855371,0.75,0.25,0.7058823529411765,45117500.0,0.0,-5.802707930367479,3.786775489033036,-1.3411971741679467,56.182538457580904,32.04453441295546,2.0,0.75,1482103.35,-154079.0,-10.09491562291367,0.04228292507009075,1.2144676397351035,-0.7,1.0
2025-07-11,,,,1049.6,1035.1,1018.2,1038.6666666666667,1028.473220609871,30.0,67.55555555555556,11.968981532534372,2.6266752173801344,9.342306315154238,1079.6169529138342,956.783047086166,1018.2,122.83390582766822,-16.666666666666668,74.82900915028989,68.38796469447978,87.71109806191012,126.16346628209088,36.666666666666664,12.142857142857142,39.28528352486395,89.4673009243145,976.0,1086.0,974.0,1,0,1767489.4,67053116,1025.6679035906334,0.2903225806451613,0.7096774193548387,0.0967741935483871,91184741.93548386,0.0,-5.802707930367479,4.098219862691099,-1.3411971741679467,57.33333333333334,32.04453441295546,2.0,0.8,1480730.7,26477.0,1.929495475957288,0.04338305997936864,1.3286775599759308,-0.3,1.0
2025-07-14,,,,1066.2,1044.7,1024.3,1037.9666666666667,1035.4757710279785,30.214285714285715,68.6695278969957,16.148863337014745,5.331112841307057,10.817750495707688,1093.4850303245557,955.1149696754443,1024.3,138.37006064911145,-4.545454545454546,81.61933943352659,72.79842294082871,99.26117241892234,110.2795177932994,33.56973995271867,12.056737588652481,38.87957426687198,93.42494648264363,976.0,1102.0,974.0,1,0,1786883.45,68689119,1030.437514964952,0.9615384615384616,0.038461538461538464,0.6153846153846154,62923192.307692304,0.0,-5.802707930367479,4.470330800350981,-1.3411971741679467,58.886933854675796,32.655315698793956,2.0,0.85,1478091.6,-2799.0,-0.20011424886376972,0.045100694191652455,1.3889515734467168,-0.2,1.0
2025-07-15,,,,1075.4,1053.8,1029.15,1036.0666666666666,1038.8590309300757,32.714285714285715,60.30534351145038,16.766732405060566,7.61823675405776,9.148495651002806,1097.0765082738171,961.223491726183,1029.15,135.85301654763407,-28.03030303030303,74.76377014866685,73.45353867677476,77.38423309245104,76.548457108071,31.4410480349345,15.502183406113536,37.53123853064681,63.70923815571668,1108.0,1102.0,980.0,0,0,1846099.9,66440081,1034.8938060899811,0.2916666666666667,0.7083333333333334,0.6458333333333334,46854958.333333336,-2.813067150635218,-5.222437137330727,3.474616415892586,-2.595921747193788,59.69862560026495,32.655315698793956,2.0,0.9,1479621.55,106361.0,7.61951770253213,0.04518623098024322,1.544576631205191,-0.3,1.0
2025-07-16,,,,1082.4,1055.6,1033.65,1034.4666666666667,1041.8248375081637,32.5,60.30534351145038,16.979971903899013,9.490583784026011,7.489388119873002,1099.767200564479,967.532799435521,1033.65,132.23440112895798,-28.78787878787879,69.84251343244456,72.24986359533136,65.02781310667098,57.87343298103332,30.76923076923077,14.945054945054943,37.30535330476159,63.70923815571668,1108.0,1102.0,980.0,0,0,1868041.2,65126941,1037.3927741707912,0.5882352941176471,0.4117647058823529,0.058823529411764705,77243529.4117647,-2.9038112522686066,-3.8272816486751626,3.223035830356322,-2.595921747193788,60.14850039627914,32.655315698793956,2.0,0.95,1483009.2,24040.0,1.600252419183601,0.045480862540238975,1.5572379441948134,-0.4,0.0
2025-07-17,,,,1084.2,1060.9,1038.35,1033.9666666666667,1046.6034244121481,33.285714285714285,62.989323843416365,18.708521688984547,11.334171365017719,7.374350323966828,1107.1082339563736,969.5917660436262,1038.35,137.51646791274743,-12.121212121212121,74.28097386724374,72.92690035263549,76.98912089646026,75.72430600583398,33.261802575107296,14.592274678111586,37.65505372304549,73.24470186903962,976.0,1102.0,980.0,0,0,1876692.75,66959512,1041.6993240014028,0.8214285714285714,0.17857142857142858,0.7857142857142857,65448964.28571428,-0.907441016333943,-3.8272816486751626,3.288439513501879,-2.595921747193788,60.30534351145038,32.655315698793956,2.0,0.95,1487686.55,-4101.0,-0.2686884583205318,0.044848510711389775,1.35086103675317,-0.4,0.0
2025-07-18,,,,1083.2,1066.4,1042.05,1033.15,1049.8792887538482,34.357142857142854,63.44086021505377,18.972103182268256,12.861757728467827,6.110345453800429,1111.6638975837402,972.4361024162596,1042.05,139.22779516748062,-26.056338028169016,70.76247931018864,72.20542667181986,67.87658458692619,74.4456979359463,35.758835758835765,12.681912681912682,38.93021450418746,74.84888973722721,1118.0,1102.0,980.0,0,0,1913690.35,64427385,1046.67025471667,0.13953488372093023,0.8604651162790697,0.2558139534883721,58886674.41860465,-1.9056261343012748,-3.8272816486751626,2.604509673767625,-2.595921747193788,60.60029575156869,32.655315698793956,2.0,0.95,1490139.75,-19654.0,-1.2911558387125988,0.044490744682184356,1.283712267603805,-0.5,0.0
2025-07-21,,,,1097.4,1081.8,1050.35,1033.9666666666667,1061.6050707772913,39.714285714285715,77.97101449275362,26.301437934188243,15.549693769611912,10.751744164576332,1139.2740361796732,961.4259638203266,1050.35,177.8480723593466,-6.403940886699507,77.89787777305749,74.1029103722324,85.48781257470768,125.62890086669913,43.165467625899275,5.9352517985611515,44.346227063057164,100.0,983.0,1173.0,980.0,1,0,2060213.55,68575509,1058.2508580320066,0.8645833333333334,0.13541666666666666,0.9583333333333334,43209625.0,0.0,-3.8272816486751626,4.348950065295825,-2.595921747193788,61.78010471204189,33.12497138584096,3.0,0.95,1479427.5,-274919.0,-18.296853078903307,0.05961631163574789,1.7251058257436462,-0.5,1.0
2025-07-22,,,,1133.0,1104.2,1062.05,1035.55,1079.4522068937397,40.285714285714285,78.22349570200574,37.80674079755363,20.001103175200257,17.805637622353373,1186.0491086553695,938.0508913446305,1062.05,247.99821731073905,-0.0,85.26525184870499,77.82369086438993,100.14837381733511,147.79744276195356,44.8581560283688,5.851063829787234,47.072875414705514,100.0,983.0,1249.0,980.0,1,0,2146919.3,72265638,1074.253337173254,1.0,0.0,0.9047619047619048,43930107.14285714,0.0,-3.8272816486751626,5.402177579491078,-2.595921747193788,61.84513640121246,33.12497138584096,4.0,0.95,1458037.0,-183436.0,-14.94229934287965,0.09011684706508027,2.1324764202828703,-0.4,1.0
2025-07-23,,,,1161.2,1121.8,1071.75,1036.8166666666666,1091.980568141955,43.0,72.99465240641712,43.358681892241066,24.67261891860842,18.686062973632644,1210.397413474308,933.1025865256919,1071.75,277.2948269486161,-19.183673469387756,82.38247304009852,79.34328492295946,88.46084927437664,115.93919823261747,42.691029900332225,5.481727574750831,49.04172969724166,71.13401895069944,1258.0,1249.0,980.0,0,0,2275246.45,68635492,1087.1290193493837,0.3561643835616438,0.6438356164383562,0.5205479452054794,49728027.39726027,-3.04243394715773,-3.8272816486751626,4.423907082190086,-2.824535490461333,62.28207529499906,33.12497138584096,4.0,0.95,1437737.45,-4809.0,-0.4605470444639992,0.11225303818838647,2.6589270958032705,-0.1,1.0
2025-07-24,,,,1204.2,1144.2,1086.3,1039.9166666666667,1112.4586092712925,51.0,80.74398249452955,54.872496916372256,30.71259451816119,24.159902398211067,1257.5555492760827,915.0444507239172,1086.3,342.51109855216555,-8.411214953271028,85.00588455380816,81.23081813324237,92.55601739493974,126.46546299203175,46.63865546218487,4.061624649859945,51.76072618773821,99.99999999999999,1013.0,1307.0,980.0,1,0,2451975.1,73281397,1107.0900603014552,0.7985074626865671,0.20149253731343283,0.7164179104477612,34670932.8358209,0.0,-3.8272816486751626,5.755576601668524,-2.824535490461333,63.079631117743844,33.12497138584096,5.0,0.95,1414324.3,-71851.0,-6.9128445309914355,0.1361988571798716,3.3785091872581403,-0.1,1.0
2025-07-25,,,,1260.4,1171.8,1103.45,1043.9166666666667,1136.22445600736,53.92857142857143,83.96039603960396,67.65542895047656,38.101161404624264,29.554267545852298,1311.1486430281811,895.7513569718188,1103.45,415.3972860563623,-2.2598870056497176,89.15195285482844,83.87119637377106,99.7134658169432,128.70036153888228,48.87417218543046,2.649006622516556,55.38894532786413,100.0,1013.0,1362.0,980.0,1,0,2592270.4,77589923,1129.5985031178332,0.8666666666666667,0.13333333333333333,0.9166666666666666,71808766.66666666,0.0,-3.8272816486751626,6.520880158279761,-2.824535490461333,63.68086496762313,33.12497138584096,5.0,0.95,1393762.05,60894.0,6.293738818210848,0.15129344016717933,3.879351377712098,0.0,1.0
2025-07-28,,,,1270.4,1183.9,1114.3,1045.8333333333333,1144.4887935304685,62.57142857142857,65.51724137931035,65.8112255133733,43.64317422637407,22.16805128699923,1323.2322227043235,905.3677772956763,1114.3,417.86444540864716,-42.0,76.9615169569824,81.56796990150818,67.74861106793082,76.74952803994304,42.12328767123288,12.21461187214612,56.540363979156965,22.673798297294542,1370.0,1362.0,980.0,0,0,2755591.55,72711447,1145.1425487992467,0.0,1.0,1.053030303030303,36958151.515151516,-10.205580029368576,-10.205580029368576,3.789960212368152,-3.4005912512682714,64.81615545818252,33.12497138584096,6.0,0.95,1367766.65,-77985.0,-7.582939771126195,0.16956393087332244,4.230126934313754,0.2,1.0
2025-07-29,,,,1258.2,1195.6,1124.7,1047.6,1148.632717956138,67.64285714285714,61.53846153846153,60.82432851264139,47.079405083627535,13.744923429013852,1326.054466184861,923.3455338151391,1124.7,402.7089323697219,-53.84615384615385,64.48597254496501,75.87397078266045,41.70997606957411,32.23071681758764,38.64836325237592,20.16895459345301,56.49881486399924,5.212916037888857,1370.0,1362.0,1019.0,0,0,2849526.5,69225920,1152.009209734787,0.5568181818181818,0.4431818181818182,0.3977272727272727,39608261.36363636,-12.77533039647577,-12.77533039647577,3.731105190092656,-3.4005912512682714,64.81615545818252,33.774379576232754,6.0,1.0,1330777.8,-67461.0,-7.097855524061436,0.18604132797496742,4.312827158523062,0.4,-1.0
2025-07-30,,,,1254.2,1207.7,1131.65,1049.6,1152.6676971984107,69.35714285714286,58.7378640776699,56.463376976311565,48.95619946216434,7.507177514147223,1332.0320298696859,931.2679701303143,1131.65,400.76405973937153,-57.18849840255591,56.09799299607837,69.28197818713309,29.730022613968913,37.50006605815667,34.088568486096804,19.670442842430482,54.9699986581307,0.0,1057.0,1362.0,1019.0,0,0,2908806.8,74072662,1163.9146263512584,0.30434782608695654,0.6956521739130435,0.03260869565217391,52681978.26086957,-12.555066079295141,-12.77533039647577,2.6311117443501546,-3.4005912512682714,64.81615545818252,33.774379576232754,5.0,1.0,1303630.45,76115.0,8.620230786392913,0.19743712355856952,4.6249980699211815,0.5,0.0
2025-07-31,,,,1216.2,1210.2,1135.55,1050.3166666666666,1149.2707736557047,73.14285714285714,52.24963715529753,46.50008586407239,48.46497674254596,-1.9648908784735681,1331.322666228113,939.7773337718869,1135.55,391.545332456226,-80.83067092651757,40.612947711671296,59.72563469531249,2.3875737443889022,-0.35970274046412826,31.542968750000004,24.12109375,52.33352943629562,0.0,1370.0,1362.0,1019.0,0,0,2894666.35,71235624,1169.0186005893217,0.14084507042253522,0.8591549295774648,1.0422535211267605,39958281.69014084,-17.98825256975036,-17.98825256975036,1.6120063113685763,-6.412881856212343,64.81615545818252,35.37352535853286,6.0,0.95,1282481.3,142322.0,14.839181896285659,0.19934954194590512,4.179798029517505,0.4,0.0
2025-08-01,,,,1164.2,1212.3,1139.35,1051.0666666666666,1144.7687952123042,75.35714285714286,50.0,36.967591848909706,46.165499763818715,-9.19790791490901,1329.0248186820386,949.6751813179613,1139.35,379.34963736407724,-85.62300319488818,29.919439543844575,49.790236311489856,-9.822153991445987,-18.47122823833797,30.61611374407583,26.25592417061611,49.51327283624629,0.0,1370.0,1362.0,1019.0,0,0,2913672.5,68619646,1171.423119751219,0.43859649122807015,0.5614035087719298,0.2631578947368421,45894350.87719298,-19.089574155653445,-19.089574155653445,1.5953139033540076,-6.412881856212343,64.81615545818252,36.83269476372925,6.0,0.9,1263840.65,67827.0,6.158152490698354,0.19721681283904632,3.7893759067689254,0.0,0.0
2025-08-04,,,,1136.8,1203.6,1142.7,1051.9333333333334,1139.1717670968467,75.71428571428571,51.1144130757801,27.80147725755546,42.492695262566066,-14.691218005010604,1325.6732220844324,959.7267779155677,1142.7,365.9464441688647,-91.61290322580645,22.64316465814018,40.74121242703997,-13.5529308796594,-30.702638361178565,30.28301886792453,25.754716981132077,47.66522424401165,3.28150789078105,1370.0,1362.0,1025.0,0,0,2936353.4,66783811,1172.2930341025483,0.4716981132075472,0.5283018867924528,0.3018867924528302,34638396.2264151,-20.264317180616732,-20.264317180616732,1.4564465231608743,-6.412881856212343,64.81615545818252,37.15947352310989,6.0,0.85,1243801.95,17579.0,1.5034488067086071,0.191103042594915,3.0721753287457347,-0.3,0.0
2025-08-05,,,,1114.6,1186.4,1145.3,1052.4666666666667,1133.2506464209566,77.57142857142857,50.513950073421434,19.58527377706355,37.911210965465564,-18.325937188402015,1322.6217117942504,967.9782882057494,1145.3,354.6434235885009,-92.42902208201893,17.619102411420478,33.03384242183348,-13.21037760940552,-39.93848228307785,29.558011049723756,25.874769797421735,45.667305219514546,1.5133806826695277,1370.0,1362.0,1035.0,0,0,2984603.2,64688284,1171.678843081497,0.5581395348837209,0.4418604651162791,0.20930232558139536,48733186.04651163,-20.925110132158586,-20.925110132158586,1.2071469148789007,-6.412881856212343,64.81615545818252,37.30468319559229,6.0,0.8,1222967.85,-31085.0,-2.619175210477709,0.18423496476300188,2.645314299553993,-0.3,0.0
2025-08-06,,,,1093.0,1173.6,1147.7,1053.5833333333333,1128.4648705713416,77.35714285714286,49.32330827067669,13.40351579346384,33.00967193106522,-19.60615613760138,1319.9630790999968,975.4369209000034,1147.7,344.52615819999335,-90.53627760252365,14.900642406772434,26.98944241681313,-9.276957613308959,-39.20679318337864,27.793167128347182,25.94644506001847,43.12608901966028,0.0,1053.0,1362.0,1070.0,0,0,2988465.6,65982047,1172.5933215694367,0.6,0.4,0.24,51750520.0,-20.48458149779735,-20.925110132158586,1.1348370386520528,-6.412881856212343,64.81615545818252,38.03577235772358,6.0,0.75,1202411.6,-40561.0,-3.509529400669187,0.17854623519897928,1.866652720989179,-0.6,0.0
2025-08-07,,,,1084.8,1150.5,1147.35,1054.0833333333333,1123.4682162312138,76.78571428571429,49.62178517397882,7.849106936871976,27.977558932226575,-20.1284519953546,1320.1940428763855,974.5059571236144,1147.35,345.68808575277114,-92.74447949526814,12.472392951093324,22.150425928239862,-6.883673003199753,-41.35812598419187,26.418604651162788,26.69767441860465,39.76079681015981,0.861726324376187,1370.0,1362.0,1070.0,0,0,2904214.7,64599075,1175.6799226310645,0.4,0.6,0.2,39513485.71428572,-20.998531571218805,-20.998531571218805,0.22029147743794839,-6.412881856212343,64.81615545818252,38.82871710073033,5.0,0.7,1186476.2,-61662.0,-5.529341504226226,0.17972675269700508,1.6140358098990977,-0.3,-1.0
2025-08-08,,,,1077.0,1120.6,1146.2,1054.5333333333333,1117.7093384949078,71.5,40.549828178694156,2.3708765570706873,22.856222457195397,-20.48534590012471,1321.0570544005682,971.3429455994319,1146.2,349.71410880113626,-94.46153846153847,11.172071491205074,18.49097444922827,-3.4657344248413153,-49.95267171177198,21.57842157842158,30.36963036963037,35.55357546008131,0.0,1370.0,1362.0,1063.0,0,1,2817719.5,63502252,1177.7353710036314,0.5806451612903226,0.41935483870967744,0.41935483870967744,35381387.0967742,-21.95301027900147,-21.95301027900147,-0.04465342411203253,-6.412881856212343,64.81615545818252,39.987845229252486,5.0,0.65,1167780.3,-28733.0,-2.7273434860030643,0.17984782368613458,1.3806308968381191,0.0,-1.0
2025-08-11,,,,1073.4,1105.1,1144.5,1055.5833333333333,1112.975115781107,68.14285714285714,32.289628180039145,-1.5493424192075054,17.975109481914817,-19.524451901122323,1321.810313767643,967.1896862323568,1144.5,354.6206275352862,-92.35474006116208,11.378865270866276,16.12027138977427,1.8960530330502863,-46.97744086551879,16.457023060796644,32.07547169811321,32.357743214573034,0.0,1043.0,1362.0,1063.0,0,0,2787682.3,64537511,1178.0743742211944,0.6756756756756757,0.32432432432432434,0.13513513513513514,27979972.972972974,-21.58590308370044,-21.95301027900147,-0.2238818752729107,-6.412881856212343,64.81615545818252,39.987845229252486,5.0,0.6,1148855.9,-7369.0,-0.719079063567607,0.17877489237967378,1.2747694342919749,0.1,0.0
2025-08-12,,,,1072.6,1093.6,1144.6,1056.5,1109.167961897192,66.85714285714286,35.56485355648536,-4.204222330317862,13.539243119468281,-17.743465449786143,1321.7379480279083,967.4620519720916,1144.6,354.2758960558167,-89.1891891891892,16.096548478449858,16.112363752666134,16.0649179300173,-44.29750128578996,17.094017094017094,33.33333333333333,29.140743966013304,6.338642741574694,1037.0,1362.0,1063.0,0,0,2745629.35,65945490,1179.3473007685227,0.6545454545454545,0.34545454545454546,0.09090909090909091,25599618.181818184,-21.218795888399423,-21.95301027900147,0.3659296443706491,-6.412881856212343,64.81615545818252,39.987845229252486,5.0,0.55,1117432.55,-143618.0,-14.115984250265868,0.17571399393290071,1.2344068474988368,-0.1,0.0
2025-08-13,,,,1098.8,1095.9,1151.8,1059.65,1119.151965526031,70.14285714285714,41.10898661567877,5.011518164742029,11.833698128523032,-6.822179963781004,1327.873668792538,975.7263312074618,1151.8,352.1473375850761,-46.846846846846844,38.04584713378138,23.423524879704544,67.29049164193505,43.05867612105785,24.94908350305499,31.771894093686356,24.001517163277367,17.0683711525434,1037.0,1362.0,1063.0,0,0,2790855.2,68163147,1183.7703661706753,0.11363636363636363,0.8863636363636364,3.2045454545454546,50401295.45454545,-10.866372980910445,-21.95301027900147,2.2963196305019227,-6.412881856212343,64.81615545818252,40.367808764940236,6.0,0.55,1092303.8,149932.0,17.15869608009193,0.15737885018081457,1.4356299918103095,0.2,1.0
2025-08-14,,,,1127.6,1106.2,1158.2,1062.75,1128.7565402378377,68.28571428571429,35.0210970464135,12.653348829933975,11.997628268805222,0.6557205611287529,1334.426648322286,981.9733516777142,1158.2,352.45329664457176,-42.45283018867924,53.60463882992833,33.4838961964458,93.84612409689339,33.05865494654344,21.861924686192467,34.30962343096234,19.176011829377785,8.220478702437367,1037.0,1362.0,1063.0,0,0,2789065.75,69959929,1187.9668632767084,0.7297297297297297,0.2702702702702703,0.16216216216216217,48561675.675675675,-10.425844346549217,-21.95301027900147,2.0646842947446578,-6.412881856212343,64.81615545818252,40.367808764940236,6.0,0.55,1067991.3,12224.0,1.1940671740931164,0.1303139885077432,1.5199710852246324,0.3,0.0
2025-08-15,,,,1157.2,1117.1,1164.7,1065.9666666666667,1136.589250691377,61.285714285714285,48.25581395348837,17.778391672122098,13.153780949468597,4.6246107226535,1338.5106652895054,990.8893347104947,1164.7,347.62133057901065,-20.18348623853211,62.58827773847074,43.18535671045411,101.394119794504,31.68128429927141,25.75757575757576,28.088578088578092,15.553653795255045,54.5874277370166,1255.0,1362.0,1063.0,0,0,2756704.9,68075019,1193.4316870599148,0.24390243902439024,0.7560975609756098,0.21951219512195122,45973414.63414634,-11.086637298091073,-21.95301027900147,2.1070053745113833,-6.412881856212343,64.81615545818252,40.51986254295532,6.0,0.55,1047664.4,60058.0,5.797372851251792,0.09073778649807616,1.6498700638709198,0.0,0.0
2025-08-18,,,,1186.0,1129.7,1166.65,1069.5,1143.7712268160076,58.357142857142854,53.87096774193549,21.670907953926417,14.857206350360162,6.813701603566255,1341.723247828509,991.576752171491,1166.65,350.14649565701814,-19.724770642201836,68.73169133182,51.70080158424274,102.79347082697453,27.055570971674474,27.050183598531216,20.440636474908203,14.303597608498198,81.59840847392627,1037.0,1362.0,1063.0,0,0,2664951.55,70388076,1197.7159561806418,0.44680851063829785,0.5531914893617021,0.02127659574468085,49213978.72340425,-11.013215859030879,-21.95301027900147,0.8919964370401235,-6.412881856212343,64.81615545818252,40.99715492828185,5.0,0.55,1042033.95,19010.0,1.7344732256092454,0.08331798048463754,1.8612528252781104,0.3,0.0
2025-08-19,,,,1210.6,1141.6,1164.0,1072.45,1148.7453956906736,54.92857142857143,50.77399380804953,23.19728500714723,16.525222081717576,6.672062925429653,1335.3905972977066,992.6094027022934,1164.0,342.7811945954131,-26.38888888888889,70.3581645915837,57.91992258668973,95.23464860137163,24.603881842394973,25.097529258777634,21.716514954486346,12.903761812110677,85.64976040989633,1253.0,1362.0,1063.0,0,0,2586805.15,68260875,1196.5054521146803,0.06818181818181818,0.9318181818181818,0.36363636363636365,48345477.27272727,-12.187958883994177,-21.95301027900147,-0.3798098605201606,-6.412881856212343,64.81615545818252,41.201389159870445,4.0,0.55,1049647.45,81443.0,7.304173916162937,0.08902353230057389,1.8945671908643653,0.2,0.0
2025-08-20,,,,1200.2,1149.5,1161.55,1074.6333333333334,1150.0077389582286,53.0,57.95053003533569,21.416557228250213,17.503489111024102,3.9130681172261106,1331.5066198520617,991.5933801479381,1161.55,339.9132397041236,-42.129629629629626,66.19556651784592,60.6784705637418,77.22975842605416,2.4645445621300124,26.01078167115903,21.69811320754717,12.597062861343929,100.0,1253.0,1362.0,1063.0,0,0,2537535.45,65616123,1193.4998465275958,0.3333333333333333,0.6666666666666666,0.5964912280701754,46399157.89473684,-14.684287812041163,-21.95301027900147,-0.3466934791357004,-6.412881856212343,64.81615545818252,41.468550569889004,4.0,0.55,1057583.4,1640.0,0.13707068250334853,0.09369921616936663,1.9028058976828413,-0.2,0.0
2025-08-21,,,,1187.4,1157.5,1154.0,1077.0833333333333,1150.5784304860163,50.785714285714285,59.854014598540154,19.298704327652786,17.86253215434984,1.4361721733029462,1309.5567251416708,998.4432748583292,1154.0,311.11345028334154,-44.907407407407405,62.49457520942815,61.283838778970576,64.9160480703433,1.9481297995229585,27.144866385372715,18.424753867791843,13.416286847234582,100.0,1253.0,1362.0,1063.0,0,0,2378407.4,64152779,1184.029416764344,0.19230769230769232,0.8076923076923077,0.23076923076923078,56282461.538461536,-15.1248164464024,-21.95301027900147,-1.9311453665416924,-6.412881856212343,64.81615545818252,42.20999339643408,3.0,0.55,1069642.95,10621.0,0.886484717924918,0.095533709684919,1.798051092626017,-0.6,0.0
2025-08-22,,,,1179.8,1168.5,1144.55,1080.2166666666667,1152.7138180587767,48.642857142857146,65.81818181818181,18.775614968749778,18.04514871722983,0.7304662515199496,1266.162802303744,1022.9371976962559,1144.55,243.2256046074881,-37.03703703703704,62.65070446060642,61.73946067284919,64.47319203612088,13.127804973564519,28.340675477239355,16.88693098384728,14.647991650367958,100.0,1037.0,1223.0,1063.0,0,0,2225875.05,65410658,1167.7338163179165,0.9130434782608695,0.08695652173913043,0.7391304347826086,54690391.30434782,-4.088307440719607,-21.95301027900147,-2.5018582835765604,-6.412881856212343,65.57742946708464,42.76029055690073,3.0,0.55,1075657.1,-60014.0,-4.965070603380095,0.09591200276044973,1.6730997863035952,-0.5,0.0
2025-08-25,,,,1175.6,1180.8,1142.95,1083.7,1156.3601211007979,48.57142857142857,70.07042253521126,19.587717437201945,18.353662461224253,1.234054975977692,1261.007033495907,1024.892966504093,1142.95,236.11406699181407,-28.703703703703702,56.31259085252549,59.93050406607462,49.07676442542723,39.088178372414866,34.26470588235294,15.73529411764706,16.820442025866996,100.0,1037.0,1220.0,1063.0,0,0,2110346.9,67978571,1157.8379458530412,0.4,0.6,0.45,64197825.0,-2.377049180327895,-21.95301027900147,-0.33341351487179466,-3.0293877562229143,66.07796887796887,42.99003322259137,2.0,0.55,1088206.05,52711.0,4.588712555823493,0.09409735474360308,1.685688404967081,-0.5,0.0
2025-08-26,,,,1171.0,1190.8,1142.2,1087.35,1157.9448714721505,48.357142857142854,65.20270270270271,18.564860767901337,18.39590212255967,0.16895864534166805,1259.2381854014502,1025.1618145985499,1142.2,234.07637080290033,-37.03703703703704,47.642737336027096,55.83458182272545,31.259048362630395,27.997441572247368,34.416543574593796,16.248153618906944,19.136415753881238,87.1158880706748,1253.0,1220.0,1063.0,0,0,2015381.3,66392356,1156.3770018027524,0.045454545454545456,0.9545454545454546,0.8181818181818182,72100681.81818183,-3.8524590163934835,-21.95301027900147,-0.03350093825125132,-3.011332204465485,66.07796887796887,43.05441192834094,2.0,0.55,1103895.45,-4652.0,-0.38720814768511413,0.08415309030348887,1.5951897306510938,-0.2,0.0
2025-08-27,,,,1173.6,1186.9,1141.4,1090.4666666666667,1159.5691694271839,47.5,67.01030927835052,17.71145613220574,18.259012924488882,-0.5475567922831424,1257.2463592320769,1025.5536407679233,1141.4,231.6927184641536,-36.111111111111114,42.53623566509551,51.40179977018214,24.80510745492225,26.565004806273073,34.43609022556391,16.691729323308273,21.577879204410312,91.90034696440462,1037.0,1220.0,1063.0,0,0,1837707.05,67685613,1150.9193293258213,0.43478260869565216,0.5652173913043478,0.08695652173913043,56228565.217391305,-3.6885245901639774,-21.95301027900147,-0.05196713008846772,-3.011332204465485,67.03167084610384,44.066985645933016,2.0,0.55,1056045.6,-1194670.0,-99.82461109871663,0.248753102382107,124.37971219551696,-0.1,0.0
2025-08-28,,,,1177.2,1182.3,1144.25,1093.9833333333333,1160.9435342436425,47.357142857142854,69.89247311827957,16.761222230937392,17.959454785778583,-1.1982325548411907,1260.3731197795144,1028.1268802204856,1144.25,232.2462395590287,-36.574074074074076,39.23468342585315,47.346094322072474,23.011861633414497,17.69832842885934,34.539969834087486,16.591251885369534,22.876462626887538,99.52899503578772,1253.0,1220.0,1063.0,0,0,1779257.45,66017567,1153.0220064461912,0.8620689655172413,0.13793103448275862,0.034482758620689655,57518827.5862069,-3.7704918032787305,-21.95301027900147,1.457786861313676,-1.577908730192163,67.1743566771191,44.96119733924612,1.0,0.6,1061796.55,1214338.0,57853.16817532158,0.2495668148203911,124.41183292876349,-0.1,0.0
2025-08-29,,,,1179.0,1179.4,1148.25,1097.0666666666666,1162.9489119347243,46.57142857142857,70.2127659574468,16.46390253927757,17.66034433647838,-1.1964417972008121,1263.7550693804849,1032.7449306195151,1148.25,231.01013876096977,-32.870370370370374,39.986242851277986,44.89281049847431,30.17310755688534,23.37823428891658,36.04294478527607,16.564417177914113,23.222520739822844,100.0,1037.0,1220.0,1063.0,0,0,1723968.65,67527769,1157.7808955420003,0.7692307692307693,0.23076923076923078,0.3076923076923077,58084692.307692304,-3.1147540983606836,-21.95301027900147,1.9720166913700785,-1.577908730192163,67.43376304481276,44.96119733924612,1.0,0.65,1003451.35,-1214096.0,-99.80755271337522,0.35248446537950806,253.21478212343817,-0.1,0.0
2025-09-01,,,,1168.2,1171.9,1150.8,1099.25,1160.47758698856,46.714285714285715,59.93788819875776,12.453593350207939,16.61899413922429,-4.165400789016353,1262.714629117401,1038.8853708825989,1150.8,223.82925823480218,-90.625,31.10193967862977,40.29585355852613,12.714111918837034,-3.928535139364706,34.09785932721712,21.25382262996942,22.579737172608144,70.80309608315375,1253.0,1220.0,1063.0,0,0,1735548.65,65460334,1160.9220213926778,0.21428571428571427,0.7857142857142857,0.8035714285714286,36918482.14285714,-6.803278688524617,-21.95301027900147,1.3381485563229596,-2.8910242262703068,67.43376304481276,44.96119733924612,1.0,0.65,944216.7,-210.0,-8.970525416488684,0.43975614719126965,446.82155904790613,-0.2,-1.0
2025-09-02,,,,1160.4,1165.7,1153.65,1101.5666666666666,1157.9559120372685,35.357142857142854,28.26086956521739,8.930375685264835,15.0812704484324,-6.150894763167566,1260.4370975843315,1046.8629024156687,1153.65,213.57419516866275,-92.3076923076923,24.06795978575318,34.88655563426848,2.430768088722587,-14.781342535715389,12.525252525252528,28.080808080808083,24.45686091526955,0.0,1253.0,1220.0,1063.0,0,0,1694991.6,64175948,1165.382134037321,0.14285714285714285,0.8571428571428571,0.14285714285714285,61161238.09523809,-7.049180327868887,-21.95301027900147,1.4773263067427713,-2.8910242262703068,67.43376304481276,44.71000116699732,1.0,0.65,951428.7,1297848.0,60903.23791647114,0.44177123530296186,446.7540771836954,-0.5,0.0
2025-09-03,,,,1152.4,1163.0,1156.25,1103.85,1155.7696347003857,34.357142857142854,26.256983240223462,6.148021381559829,13.294620635057887,-7.146599253498058,1258.2177451579214,1054.2822548420786,1156.25,203.9354903158428,-91.45299145299145,19.74901022753916,29.840707165358708,-0.43438364809993857,-18.52797687950565,12.889812889812893,25.98752598752599,25.28041024358392,0.0,1125.0,1220.0,1063.0,0,0,1688168.6,65333251,1167.687038239743,0.2608695652173913,0.7391304347826086,0.043478260869565216,50317521.73913043,-6.967213114754134,-21.95301027900147,1.3644270492947839,-2.8910242262703068,67.43376304481276,44.71000116699732,1.0,0.65,895771.1,-1297953.0,-99.84415132859839,0.5229412220970469,437.7731783210302,-0.5,-1.0
2025-09-04,,,,1145.4,1161.3,1159.4,1106.4833333333333,1154.1725266336823,33.57142857142857,29.310344827586206,4.21713956091844,11.479124420229999,-7.261984859311559,1254.5970808926704,1064.2029191073298,1159.4,190.39416178534066,-82.5,20.382501663720262,26.68797199814589,7.771560994869006,-26.18179767232556,10.638297872340427,28.936170212765955,28.273807015782527,6.946438895208969,1118.0,1220.0,1063.0,0,0,1687115.25,66695156,1170.0300029888297,0.7,0.3,0.13333333333333333,45396833.333333336,-6.639344262295122,-21.95301027900147,1.6086462790277682,-2.8910242262703068,67.43376304481276,44.71000116699732,1.0,0.65,843201.9,106.0,5.231984205330709,0.6015079905735043,565.2573699857064,-0.1,-1.0
2025-09-05,,,,1146.8,1162.9,1165.7,1110.0333333333333,1157.4894288590458,34.92857142857143,44.84304932735426,6.644885831801503,10.512276702544302,-3.867390870742799,1250.1002993257443,1081.2997006742557,1165.7,168.8005986514886,-40.33613445378151,42.450123060366344,31.942022352219375,63.46632447666029,8.566042281873436,20.85889570552147,25.76687116564417,28.031577731230946,42.28355164711503,1118.0,1220.0,1068.0,0,0,1752876.55,69107205,1173.7268078481243,0.8333333333333334,0.16666666666666666,0.7575757575757576,36546196.96969697,-2.540983606557412,-21.58590308370044,2.874211640150132,-2.8910242262703068,67.43376304481276,44.48687965327097,1.0,0.7,792067.55,-36.0,-1.6885553470919357,0.6798770004426697,666.3927608850742,-0.1,0.0
2025-09-08,,,,1160.2,1164.2,1172.5,1113.7666666666667,1161.9190070629463,35.714285714285715,51.8018018018018,9.66782224537883,10.343385811111208,-0.6755635657323786,1244.8049099298212,1100.1950900701788,1172.5,144.60981985964236,-14.0,56.96674870691089,40.28359780378321,90.33305051316626,29.150610842819603,24.0,25.2,27.689920743232495,58.114807614537206,1118.0,1220.0,1073.0,0,0,1841778.35,71920500,1178.4447620149297,0.7454545454545455,0.2545454545454545,0.2727272727272727,51150818.18181819,-1.3114754098361048,-21.218795888399423,3.0571219632320616,-2.8910242262703068,67.43376304481276,47.57326102826155,1.0,0.75,741301.65,0.0,0.0,0.7600520328295688,740.8026840566488,-0.2,0.0
2025-09-09,,,,1171.8,1166.1,1178.45,1117.4,1164.7838635331418,33.57142857142857,57.49999999999999,10.96878015065613,10.468464679020192,0.5003154716359379,1233.900214749351,1122.999785250649,1178.45,110.90042949870212,-26.0,62.6444991379406,47.73723158183567,92.45903425015044,29.763118084740782,25.53191489361702,16.170212765957448,28.647737283892344,71.07828555976202,1218.0,1220.0,1134.0,0,0,1867719.1,69993706,1183.5555452726626,0.25925925925925924,0.7407407407407407,0.4444444444444444,71362740.74074075,-2.295081967213153,-15.1248164464024,2.69807307358993,-2.8910242262703068,67.43376304481276,49.10980940723903,1.0,0.8,761996.0,1285587.0,61335.25763358779,0.7559236351186536,740.9043482879583,-0.2,0.0
2025-09-10,,,,1181.0,1166.7,1176.8,1120.75,1166.3282574823663,33.92857142857143,56.09756097560975,10.985555943671898,10.571882931950533,0.4136730117213645,1229.7014973418736,1123.8985026581263,1176.8,105.80299468374733,-37.0,62.76299942529373,52.74582086298835,82.79735654990446,3.576894090373424,25.26315789473684,20.63157894736842,28.00173304461593,67.88771781714573,1218.0,1220.0,1134.0,0,0,1865673.65,67816958,1180.8262497302248,0.5806451612903226,0.41935483870967744,0.3548387096774194,70217677.41935483,-3.196721311475459,-15.1248164464024,-1.1530735699097276,-2.8910242262703068,67.43376304481276,49.56208979331839,0.0,0.8,774817.85,-7518.0,-0.5838393455532165,0.7549239943217415,626.9993078012328,0.0,0.0
2025-09-11,,,,1190.2,1167.8,1175.05,1123.8666666666666,1168.106518674522,34.214285714285715,53.125,11.192596169611079,10.696025579482644,0.4965705901284352,1224.1105426189404,1125.9894573810595,1175.05,98.12108523788083,-33.0,64.17533295019581,56.555658225390836,79.41468239980576,23.049222528593603,26.722338204592898,20.45929018789144,27.140994541652393,61.1251014061655,1118.0,1212.0,1134.0,0,0,1858934.9,69478965,1179.4977979863631,0.37037037037037035,0.6296296296296297,0.14814814814814814,61555814.81481482,-2.227722772277252,-15.1248164464024,-1.2273284831811648,-2.8910242262703068,67.43376304481276,49.56208979331839,0.0,0.8,723124.65,-1278077.0,-99.83689602512176,0.8379505313838783,658.4369378214323,-0.3,1.0
2025-09-12,,,,1188.4,1167.6,1173.5,1126.75,1169.2392311817102,32.785714285714285,46.92737430167598,10.828395820479727,10.722499627682062,0.10589619279766538,1219.650782623935,1127.349217376065,1173.5,92.3015652478698,-38.0,63.4502219667972,58.85384613919295,72.64297362200571,5.824053238275562,19.17211328976035,23.74727668845316,25.255357037919936,47.02541914548406,1218.0,1212.0,1134.0,0,0,1854706.45,67678624,1177.4039305878655,0.7272727272727273,0.2727272727272727,0.22727272727272727,81833681.81818183,-2.640264026402661,-15.1248164464024,-1.0830065229482404,-2.8910242262703068,67.43376304481276,49.10980940723903,0.0,0.8,668427.35,-24.0,-1.1494252873563204,0.9271446746790469,602.7312377800097,-0.1,0.0
2025-09-15,,,,1189.0,1174.6,1173.25,1130.0833333333333,1172.8354948786903,34.285714285714285,59.04255319148937,12.573499298277056,11.092699561801062,1.4807997364759942,1218.5693347835418,1127.9306652164582,1173.25,90.63866956708353,-11.0,71.96681464453147,63.22483564097246,89.45077265164949,57.55315128721633,24.16666666666667,22.083333333333332,23.01567462331041,74.58761492698758,1118.0,1207.0,1134.0,0,0,1842575.9,69749070,1176.2475325439782,0.8372093023255814,0.16279069767441862,0.627906976744186,48149906.97674418,0.0,-15.1248164464024,-0.05000822077867437,-2.8910242262703068,67.43376304481276,49.10980940723903,0.0,0.8,612756.6,-459.0,-22.23837209302325,1.0239969161019415,592.2865599483291,-0.2,0.0
2025-09-16,,,,1198.0,1184.9,1175.3,1133.7833333333333,1178.9464001283388,35.642857142857146,64.35185185185185,16.190620264662357,12.112283702373322,4.078336562289035,1228.052051593545,1122.547948406455,1175.3,105.5041031870901,-9.16030534351145,78.25777464851716,68.23581531015402,98.3016933252434,125.67355770557083,30.260521042084168,19.839679358717433,22.022397312386037,86.6663411653947,1118.0,1237.0,1134.0,1,0,1863271.35,72290180,1178.3578101135581,0.625,0.375,0.9375,79409687.5,0.0,-15.1248164464024,1.596315718499407,-2.8910242262703068,67.43376304481276,49.10980940723903,0.0,0.8,553013.7,0.0,0.0,1.1316903314104692,908.6365158626497,0.0,1.0
2025-09-17,,,,1208.6,1194.8,1178.9,1137.4,1184.1896001161163,35.214285714285715,63.76146788990825,18.600722215366886,13.409971404972037,5.190750810394849,1237.3497985225622,1120.450201477438,1178.9,116.89959704512421,-11.450381679389313,81.15735701205492,72.54299587745432,98.38607928125612,104.67666846250418,30.628803245436107,16.835699797160245,21.590724756819675,85.32320966949653,1249.0,1237.0,1134.0,0,0,1813646.6,70637923,1181.6688109929096,0.43478260869565216,0.5652173913043478,0.13043478260869565,71837260.86956522,-0.24252223120452276,-15.1248164464024,2.942626128171867,-1.6261235919139763,67.1743566771191,49.10980940723903,0.0,0.8,493160.55,-565.0,-35.20249221183801,1.2533294116632347,1226.0381735944204,0.0,1.0
2025-09-18,,,,1213.2,1201.7,1181.5,1140.6,1186.4572572479146,35.92857142857143,55.50847457627118,18.202930613037097,14.368563246585051,3.834367366452046,1240.285963236507,1122.714036763493,1181.5,117.57192647301417,-31.297709923664122,71.54676513981956,72.2109189649094,70.21845748963986,62.60751085378526,28.031809145129223,20.874751491053676,19.991289562134536,76.78590949941946,1249.0,1237.0,1134.0,0,0,1827311.85,68901274,1184.1144533247934,0.16666666666666666,0.8333333333333334,0.7222222222222222,48240250.0,-2.3443815683104274,-7.049180327868887,2.1040879498741507,-2.1919760754921898,67.1743566771191,49.10980940723903,0.0,0.8,432762.05,-286.0,-27.500000000000004,1.3941450309732732,1527.4917029195017,0.2,0.0
2025-09-19,-3.0,-0.25,30875554560.0,1220.4,1204.4,1183.65,1143.8833333333334,1189.2708517957324,33.42857142857143,69.84924623115577,18.322006359211173,15.159251869110275,3.162754490100898,1244.2445107811086,1123.0554892188916,1183.65,121.18902156221702,-25.19083969465649,68.2404790854611,70.8874390050933,62.9465592461967,52.451196116730344,30.128205128205124,14.743589743589745,20.78281059043536,100.0,1118.0,1237.0,1134.0,0,0,1828105.1,70175018,1185.7326474190863,0.6818181818181818,0.3181818181818182,0.36363636363636365,57897454.54545455,-1.6976556184316816,-7.049180327868887,1.7628540342634254,-2.1919760754921898,67.43376304481276,49.10980940723903,0.0,0.8,439943.1,1291577.0,171296.68435013265,1.3935415250897498,1353.237179125036,0.3,0.0
