﻿date,value,增减
2025-05-06,4369,0.0
2025-05-07,3946,-423.0
2025-05-08,3850,-96.0
2025-05-09,3800,-50.0
2025-05-12,4076,276.0
2025-05-13,4068,-8.0
2025-05-14,4356,288.0
2025-05-15,4164,-192.0
2025-05-16,6545,2381.0
2025-05-19,6325,-220.0
2025-05-20,6325,0.0
2025-05-21,6285,-40.0
2025-05-22,6260,-25.0
2025-05-23,5400,-860.0
2025-05-26,5256,-144.0
2025-05-27,4478,-778.0
2025-05-28,4438,-40.0
2025-05-29,4367,-71.0
2025-05-30,4234,-133.0
2025-06-03,4170,-64.0
2025-06-04,2874,-1296.0
2025-06-05,5034,2160.0
2025-06-06,4885,-149.0
2025-06-09,5085,200.0
2025-06-10,5090,5.0
2025-06-11,5060,-30.0
2025-06-12,7560,2500.0
2025-06-13,7560,0.0
2025-06-16,7560,0.0
2025-06-17,7560,0.0
2025-06-18,7560,0.0
2025-06-19,7516,-44.0
2025-06-20,7516,0.0
2025-06-23,7503,-13.0
2025-06-24,7564,61.0
2025-06-25,7500,-64.0
2025-06-26,7500,0.0
2025-06-27,7404,-96.0
2025-06-30,7404,0.0
2025-07-01,7404,0.0
2025-07-02,7392,-12.0
2025-07-03,7392,0.0
2025-07-04,7292,-100.0
2025-07-07,7232,-60.0
2025-07-08,7351,119.0
2025-07-09,7351,0.0
2025-07-10,8284,933.0
2025-07-11,10517,2233.0
2025-07-14,10517,0.0
2025-07-15,10317,-200.0
2025-07-16,10477,160.0
2025-07-17,10477,0.0
2025-07-18,10083,-394.0
2025-07-21,10073,-10.0
2025-07-22,12242,2169.0
2025-07-23,12642,400.0
2025-07-24,12635,-7.0
2025-07-25,12635,0.0
2025-07-28,12695,60.0
2025-07-29,12895,200.0
2025-07-30,12695,-200.0
2025-07-31,12625,-70.0
2025-08-01,12625,0.0
2025-08-04,12305,-320.0
2025-08-05,12305,0.0
2025-08-06,12585,280.0
2025-08-07,12565,-20.0
2025-08-08,12540,-25.0
2025-08-11,12540,0.0
2025-08-12,12540,0.0
2025-08-13,12740,200.0
2025-08-14,12860,120.0
2025-08-15,12860,0.0
2025-08-18,12860,0.0
2025-08-19,14040,1180.0
2025-08-20,13940,-100.0
2025-08-21,13940,0.0
2025-08-22,14055,115.0
2025-08-25,14055,0.0
2025-08-26,14055,0.0
2025-08-27,14055,0.0
2025-08-28,14055,0.0
2025-08-29,12925,-1130.0
2025-09-01,14130,1205.0
2025-09-02,14130,0.0
2025-09-03,13802,-328.0
2025-09-04,13795,-7.0
2025-09-05,13699,-96.0
2025-09-08,13723,24.0
2025-09-09,13813,90.0
2025-09-10,13749,-64.0
2025-09-11,13749,0.0
2025-09-12,13706,-43.0
2025-09-15,13706,0.0
2025-09-16,13706,0.0
2025-09-17,13706,0.0
2025-09-18,13676,-30.0
2025-09-19,13499,-177.0
