﻿date,value,增减
2025-05-06,40006,0.0
2025-05-07,39981,-25.0
2025-05-08,39931,-50.0
2025-05-09,38966,-965.0
2025-05-12,40961,1995.0
2025-05-13,47293,6332.0
2025-05-14,48250,957.0
2025-05-15,49419,1169.0
2025-05-16,49921,502.0
2025-05-19,50047,126.0
2025-05-20,44980,-5067.0
2025-05-21,41096,-3884.0
2025-05-22,39327,-1769.0
2025-05-23,32950,-6377.0
2025-05-26,35284,2334.0
2025-05-27,37299,2015.0
2025-05-28,37498,199.0
2025-05-29,37252,-246.0
2025-05-30,39419,2167.0
2025-06-03,40316,897.0
2025-06-04,41698,1382.0
2025-06-05,41698,0.0
2025-06-06,41799,101.0
2025-06-09,41799,0.0
2025-06-10,42198,399.0
2025-06-11,42597,399.0
2025-06-12,43731,1134.0
2025-06-13,44229,498.0
2025-06-16,45503,1274.0
2025-06-17,45503,0.0
2025-06-18,44387,-1116.0
2025-06-19,43761,-626.0
2025-06-20,43860,99.0
2025-06-23,43760,-100.0
2025-06-24,44240,480.0
2025-06-25,44667,427.0
2025-06-26,45278,611.0
2025-06-27,45885,607.0
2025-06-30,46288,403.0
2025-07-01,46389,101.0
2025-07-02,46439,50.0
2025-07-03,46439,0.0
2025-07-04,46439,0.0
2025-07-07,46814,375.0
2025-07-08,47713,899.0
2025-07-09,50608,2895.0
2025-07-10,50633,25.0
2025-07-11,52901,2268.0
2025-07-14,55130,2229.0
2025-07-15,58768,3638.0
2025-07-16,58086,-682.0
2025-07-17,60284,2198.0
2025-07-18,60084,-200.0
2025-07-21,60059,-25.0
2025-07-22,60059,0.0
2025-07-23,60259,200.0
2025-07-24,59959,-300.0
2025-07-25,59959,0.0
2025-07-28,60932,973.0
2025-07-29,60932,0.0
2025-07-30,61934,1002.0
2025-07-31,62360,426.0
2025-08-01,59948,-2412.0
2025-08-04,59007,-941.0
2025-08-05,58656,-351.0
2025-08-06,58656,0.0
2025-08-07,58656,0.0
2025-08-08,58482,-174.0
2025-08-11,58683,201.0
2025-08-12,59791,1108.0
2025-08-13,62535,2744.0
2025-08-14,61784,-751.0
2025-08-15,61784,0.0
2025-08-18,62225,441.0
2025-08-19,61353,-872.0
2025-08-20,60903,-450.0
2025-08-21,59422,-1481.0
2025-08-22,58946,-476.0
2025-08-25,58948,2.0
2025-08-26,58201,-747.0
2025-08-27,58275,74.0
2025-08-28,58151,-124.0
2025-08-29,57325,-826.0
2025-09-01,56801,-524.0
2025-09-02,56428,-373.0
2025-09-03,55874,-554.0
2025-09-04,55044,-830.0
2025-09-05,54090,-954.0
2025-09-08,53795,-295.0
2025-09-09,53820,25.0
2025-09-10,53689,-131.0
2025-09-11,59737,6048.0
2025-09-12,59485,-252.0
2025-09-15,59417,-68.0
2025-09-16,59417,0.0
2025-09-17,59218,-199.0
2025-09-18,49375,-9843.0
2025-09-19,47289,-2086.0
