﻿date,value,增减
2025-05-06,174610,0.0
2025-05-07,183401,8791.0
2025-05-08,197331,13930.0
2025-05-09,197605,274.0
2025-05-12,197605,0.0
2025-05-13,200368,2763.0
2025-05-14,201247,879.0
2025-05-15,201802,555.0
2025-05-16,201942,140.0
2025-05-19,212135,10193.0
2025-05-20,212135,0.0
2025-05-21,212035,-100.0
2025-05-22,211935,-100.0
2025-05-23,211835,-100.0
2025-05-26,211311,-524.0
2025-05-27,211261,-50.0
2025-05-28,217099,5838.0
2025-05-29,216419,-680.0
2025-05-30,216419,0.0
2025-06-03,216019,-400.0
2025-06-04,217020,1001.0
2025-06-05,216820,-200.0
2025-06-06,215120,-1700.0
2025-06-09,214710,-410.0
2025-06-10,216595,1885.0
2025-06-11,216495,-100.0
2025-06-12,216285,-210.0
2025-06-13,216285,0.0
2025-06-16,215285,-1000.0
2025-06-17,215285,0.0
2025-06-18,215285,0.0
2025-06-19,216521,1236.0
2025-06-20,216521,0.0
2025-06-23,216521,0.0
2025-06-24,220097,3576.0
2025-06-25,219477,-620.0
2025-06-26,217440,-2037.0
2025-06-27,212917,-4523.0
2025-06-30,212551,-366.0
2025-07-01,210251,-2300.0
2025-07-02,209951,-300.0
2025-07-03,209951,0.0
2025-07-04,204318,-5633.0
2025-07-07,203732,-586.0
2025-07-08,202202,-1530.0
2025-07-09,202489,287.0
2025-07-10,199829,-2660.0
2025-07-11,196479,-3350.0
2025-07-14,194126,-2353.0
2025-07-15,185811,-8315.0
2025-07-16,185421,-390.0
2025-07-17,184971,-450.0
2025-07-18,178283,-6688.0
2025-07-21,177343,-940.0
2025-07-22,175657,-1686.0
2025-07-23,175450,-207.0
2025-07-24,172203,-3247.0
2025-07-25,169871,-2332.0
2025-07-28,167879,-1992.0
2025-07-29,160521,-7358.0
2025-07-30,156591,-3930.0
2025-07-31,154091,-2500.0
2025-08-01,153041,-1050.0
2025-08-04,152541,-500.0
2025-08-05,151940,-601.0
2025-08-06,146425,-5515.0
2025-08-07,145795,-630.0
2025-08-08,144037,-1758.0
2025-08-11,143037,-1000.0
2025-08-12,135997,-7040.0
2025-08-13,132092,-3905.0
2025-08-14,133480,1388.0
2025-08-15,132529,-951.0
2025-08-18,130427,-2102.0
2025-08-19,113481,-16946.0
2025-08-20,110775,-2706.0
2025-08-21,105851,-4924.0
2025-08-22,103290,-2561.0
2025-08-25,94340,-8950.0
2025-08-26,90070,-4270.0
2025-08-27,84226,-5844.0
2025-08-28,80164,-4062.0
2025-08-29,69426,-10738.0
2025-09-01,67737,-1689.0
2025-09-02,66608,-1129.0
2025-09-03,65202,-1406.0
2025-09-04,64438,-764.0
2025-09-05,57753,-6685.0
2025-09-08,56802,-951.0
2025-09-09,56264,-538.0
2025-09-10,51959,-4305.0
2025-09-11,51874,-85.0
2025-09-12,47454,-4420.0
2025-09-15,43743,-3711.0
2025-09-16,43975,232.0
2025-09-17,43907,-68.0
2025-09-18,30898,-13009.0
2025-09-19,30658,-240.0
