﻿date,value,增减
2025-05-13,66494,0.0
2025-05-14,66531,37.0
2025-05-15,66433,-98.0
2025-05-16,66384,-49.0
2025-05-19,66097,-287.0
2025-05-20,66249,152.0
2025-05-21,65653,-596.0
2025-05-22,65298,-355.0
2025-05-23,65568,270.0
2025-05-26,64913,-655.0
2025-05-27,64626,-287.0
2025-05-28,64286,-340.0
2025-05-29,63868,-418.0
2025-05-30,63253,-615.0
2025-06-03,62690,-563.0
2025-06-04,61803,-887.0
2025-06-05,61309,-494.0
2025-06-06,60573,-736.0
2025-06-09,60179,-394.0
2025-06-10,59252,-927.0
2025-06-11,58674,-578.0
2025-06-12,58372,-302.0
2025-06-13,57920,-452.0
2025-06-16,56823,-1097.0
2025-06-17,56068,-755.0
2025-06-18,55620,-448.0
2025-06-19,55179,-441.0
2025-06-20,54623,-556.0
2025-06-23,54184,-439.0
2025-06-24,53570,-614.0
2025-06-25,53263,-307.0
2025-06-26,53234,-29.0
2025-06-27,52744,-490.0
2025-06-30,52473,-271.0
2025-07-01,52137,-336.0
2025-07-02,51916,-221.0
2025-07-03,51854,-62.0
2025-07-04,51701,-153.0
2025-07-07,51349,-352.0
2025-07-08,51077,-272.0
2025-07-09,50792,-285.0
2025-07-10,50544,-248.0
2025-07-11,50229,-315.0
2025-07-14,50090,-139.0
2025-07-15,50258,168.0
2025-07-16,50215,-43.0
2025-07-17,50357,142.0
2025-07-18,50393,36.0
2025-07-21,50141,-252.0
2025-07-22,50053,-88.0
2025-07-23,50106,53.0
2025-07-24,49776,-330.0
2025-07-25,49710,-66.0
2025-07-28,50113,403.0
2025-07-29,50082,-31.0
2025-07-30,49846,-236.0
2025-07-31,50644,798.0
2025-08-01,50516,-128.0
2025-08-04,50312,-204.0
2025-08-05,50806,494.0
2025-08-06,50580,-226.0
2025-08-07,50475,-105.0
2025-08-08,50340,-135.0
2025-08-11,50760,420.0
2025-08-12,50658,-102.0
2025-08-13,50701,43.0
2025-08-14,50693,-8.0
2025-08-15,50599,-94.0
2025-08-18,50710,111.0
2025-08-19,50625,-85.0
2025-08-20,50613,-12.0
2025-08-21,51166,553.0
2025-08-22,51049,-117.0
2025-08-25,50938,-111.0
2025-08-26,50822,-116.0
2025-08-27,50709,-113.0
2025-08-28,50656,-53.0
2025-08-29,50453,-203.0
2025-09-01,50400,-53.0
2025-09-02,50029,-371.0
2025-09-03,50348,319.0
2025-09-04,50072,-276.0
2025-09-05,49972,-100.0
2025-09-08,49922,-50.0
2025-09-09,49955,33.0
2025-09-10,50045,90.0
2025-09-11,50093,48.0
2025-09-12,49998,-95.0
2025-09-15,49905,-93.0
2025-09-16,49872,-33.0
2025-09-17,49896,24.0
2025-09-18,49871,-25.0
2025-09-19,49874,3.0
