﻿date,value,增减
2025-05-06,323489,0.0
2025-05-07,315247,-8242.0
2025-05-08,310876,-4371.0
2025-05-09,297005,-13871.0
2025-05-12,291446,-5559.0
2025-05-13,281489,-9957.0
2025-05-14,277071,-4418.0
2025-05-15,274741,-2330.0
2025-05-16,271818,-2923.0
2025-05-19,270939,-879.0
2025-05-20,243656,-27283.0
2025-05-21,224695,-18961.0
2025-05-22,208455,-16240.0
2025-05-23,200098,-8357.0
2025-05-26,180831,-19267.0
2025-05-27,167722,-13109.0
2025-05-28,153131,-14591.0
2025-05-29,148677,-4454.0
2025-05-30,137782,-10895.0
2025-06-03,136603,-1179.0
2025-06-04,136301,-302.0
2025-06-05,135401,-900.0
2025-06-06,131851,-3550.0
2025-06-09,124781,-7070.0
2025-06-10,122998,-1783.0
2025-06-11,120640,-2358.0
2025-06-12,113540,-7100.0
2025-06-13,109936,-3604.0
2025-06-16,101312,-8624.0
2025-06-17,99503,-1809.0
2025-06-18,94172,-5331.0
2025-06-19,77895,-16277.0
2025-06-20,77312,-583.0
2025-06-23,75537,-1775.0
2025-06-24,74357,-1180.0
2025-06-25,72293,-2064.0
2025-06-26,70514,-1779.0
2025-06-27,68735,-1779.0
2025-06-30,67543,-1192.0
2025-07-01,66957,-586.0
2025-07-02,66078,-879.0
2025-07-03,66078,0.0
2025-07-04,64587,-1491.0
2025-07-07,64587,0.0
2025-07-08,64587,0.0
2025-07-09,64587,0.0
2025-07-10,64587,0.0
2025-07-11,64587,0.0
2025-07-14,64587,0.0
2025-07-15,64587,0.0
2025-07-16,62501,-2086.0
2025-07-17,62501,0.0
2025-07-18,60747,-1754.0
2025-07-21,60454,-293.0
2025-07-22,59549,-905.0
2025-07-23,58951,-598.0
2025-07-24,58655,-296.0
2025-07-25,58362,-293.0
2025-07-28,58362,0.0
2025-07-29,57772,-590.0
2025-07-30,57772,0.0
2025-07-31,57772,0.0
2025-08-01,57174,-598.0
2025-08-04,55998,-1176.0
2025-08-05,55998,0.0
2025-08-06,70915,14917.0
2025-08-07,70915,0.0
2025-08-08,70915,0.0
2025-08-11,69461,-1454.0
2025-08-12,78386,8925.0
2025-08-13,78386,0.0
2025-08-14,78386,0.0
2025-08-15,78386,0.0
2025-08-18,78386,0.0
2025-08-19,79266,880.0
2025-08-20,39661,-39605.0
2025-08-21,33992,-5669.0
2025-08-22,32215,-1777.0
2025-08-25,26849,-5366.0
2025-08-26,25955,-894.0
2025-08-27,25356,-599.0
2025-08-28,24760,-596.0
2025-08-29,24760,0.0
2025-09-01,24760,0.0
2025-09-02,24760,0.0
2025-09-03,24760,0.0
2025-09-04,24459,-301.0
2025-09-05,24459,0.0
2025-09-08,24459,0.0
2025-09-09,24459,0.0
2025-09-10,24459,0.0
2025-09-11,58841,34382.0
2025-09-12,58841,0.0
2025-09-15,58841,0.0
2025-09-16,58841,0.0
2025-09-17,58841,0.0
2025-09-18,44949,-13892.0
2025-09-19,37228,-7721.0
