﻿date,value,增减
2025-05-13,36444,0.0
2025-05-14,36716,272.0
2025-05-15,36664,-52.0
2025-05-16,36624,-40.0
2025-05-19,36684,60.0
2025-05-20,36545,-139.0
2025-05-21,36393,-152.0
2025-05-22,35863,-530.0
2025-05-23,35773,-90.0
2025-05-26,34979,-794.0
2025-05-27,34154,-825.0
2025-05-28,33854,-300.0
2025-05-29,33884,30.0
2025-05-30,33457,-427.0
2025-06-03,33397,-60.0
2025-06-04,33461,64.0
2025-06-05,33321,-140.0
2025-06-06,33309,-12.0
2025-06-09,33119,-190.0
2025-06-10,32947,-172.0
2025-06-11,32837,-110.0
2025-06-12,32383,-454.0
2025-06-13,32118,-265.0
2025-06-16,32043,-75.0
2025-06-17,31713,-330.0
2025-06-18,29967,-1746.0
2025-06-19,29957,-10.0
2025-06-20,27793,-2164.0
2025-06-23,26779,-1014.0
2025-06-24,22375,-4404.0
2025-06-25,22370,-5.0
2025-06-26,22590,220.0
2025-06-27,21998,-592.0
2025-06-30,22628,630.0
2025-07-01,22940,312.0
2025-07-02,23180,240.0
2025-07-03,22880,-300.0
2025-07-04,21036,-1844.0
2025-07-07,15555,-5481.0
2025-07-08,12655,-2900.0
2025-07-09,13281,626.0
2025-07-10,13191,-90.0
2025-07-11,11603,-1588.0
2025-07-14,11204,-399.0
2025-07-15,11203,-1.0
2025-07-16,10655,-548.0
2025-07-17,10239,-416.0
2025-07-18,10239,0.0
2025-07-21,9969,-270.0
2025-07-22,10089,120.0
2025-07-23,10754,665.0
2025-07-24,11654,900.0
2025-07-25,11996,342.0
2025-07-28,12276,280.0
2025-07-29,12276,0.0
2025-07-30,13131,855.0
2025-07-31,5545,-7586.0
2025-08-01,6605,1060.0
2025-08-04,12603,5998.0
2025-08-05,14443,1840.0
2025-08-06,15023,580.0
2025-08-07,16443,1420.0
2025-08-08,18829,2386.0
2025-08-11,19389,560.0
2025-08-12,20829,1440.0
2025-08-13,21679,850.0
2025-08-14,21939,260.0
2025-08-15,23485,1546.0
2025-08-18,23555,70.0
2025-08-19,23615,60.0
2025-08-20,24045,430.0
2025-08-21,24320,275.0
2025-08-22,24990,670.0
2025-08-25,25630,640.0
2025-08-26,26690,1060.0
2025-08-27,27477,787.0
2025-08-28,28957,1480.0
2025-08-29,29887,930.0
2025-09-01,31197,1310.0
2025-09-02,32007,810.0
2025-09-03,34118,2111.0
2025-09-04,34948,830.0
2025-09-05,36631,1683.0
2025-09-08,37451,820.0
2025-09-09,38101,650.0
2025-09-10,38101,0.0
2025-09-11,38391,290.0
2025-09-12,38625,234.0
2025-09-15,38963,338.0
2025-09-16,38824,-139.0
2025-09-17,39234,410.0
2025-09-18,39354,120.0
2025-09-19,39484,130.0
