﻿date,value,增减
2025-05-06,11116,0.0
2025-05-07,11172,56.0
2025-05-08,11269,97.0
2025-05-09,11282,13.0
2025-05-12,11406,124.0
2025-05-13,11365,-41.0
2025-05-14,11486,121.0
2025-05-15,11546,60.0
2025-05-16,11548,2.0
2025-05-19,11555,7.0
2025-05-20,11501,-54.0
2025-05-21,11455,-46.0
2025-05-22,11409,-46.0
2025-05-23,11359,-50.0
2025-05-26,11343,-16.0
2025-05-27,11260,-83.0
2025-05-28,11209,-51.0
2025-05-29,11157,-52.0
2025-05-30,11102,-55.0
2025-06-03,11062,-40.0
2025-06-04,10977,-85.0
2025-06-05,10939,-38.0
2025-06-06,10870,-69.0
2025-06-09,10835,-35.0
2025-06-10,10815,-20.0
2025-06-11,10794,-21.0
2025-06-12,10769,-25.0
2025-06-13,10753,-16.0
2025-06-16,10725,-28.0
2025-06-17,10682,-43.0
2025-06-18,10651,-31.0
2025-06-19,10607,-44.0
2025-06-20,10532,-75.0
2025-06-23,10493,-39.0
2025-06-24,10419,-74.0
2025-06-25,10379,-40.0
2025-06-26,10334,-45.0
2025-06-27,10302,-32.0
2025-06-30,10273,-29.0
2025-07-01,10211,-62.0
2025-07-02,10190,-21.0
2025-07-03,10140,-50.0
2025-07-04,10067,-73.0
2025-07-07,10039,-28.0
2025-07-08,9971,-68.0
2025-07-09,9932,-39.0
2025-07-10,9882,-50.0
2025-07-11,9850,-32.0
2025-07-14,9807,-43.0
2025-07-15,9716,-91.0
2025-07-16,9643,-73.0
2025-07-17,9585,-58.0
2025-07-18,9532,-53.0
2025-07-21,9501,-31.0
2025-07-22,9436,-65.0
2025-07-23,9382,-54.0
2025-07-24,9337,-45.0
2025-07-25,9265,-72.0
2025-07-28,9226,-39.0
2025-07-29,9156,-70.0
2025-07-30,9055,-101.0
2025-07-31,8940,-115.0
2025-08-01,8807,-133.0
2025-08-04,8684,-123.0
2025-08-05,8563,-121.0
2025-08-06,8464,-99.0
2025-08-07,8329,-135.0
2025-08-08,8252,-77.0
2025-08-11,8172,-80.0
2025-08-12,8087,-85.0
2025-08-13,8006,-81.0
2025-08-14,7922,-84.0
2025-08-15,7829,-93.0
2025-08-18,7762,-67.0
2025-08-19,7596,-166.0
2025-08-20,7455,-141.0
2025-08-21,7335,-120.0
2025-08-22,7198,-137.0
2025-08-25,7104,-94.0
2025-08-26,6977,-127.0
2025-08-27,6859,-118.0
2025-08-28,6720,-139.0
2025-08-29,6514,-206.0
2025-09-01,6320,-194.0
2025-09-02,6131,-189.0
2025-09-03,5996,-135.0
2025-09-04,5829,-167.0
2025-09-05,5710,-119.0
2025-09-08,5571,-139.0
2025-09-09,5459,-112.0
2025-09-10,5322,-137.0
2025-09-11,5159,-163.0
2025-09-12,5017,-142.0
2025-09-15,4899,-118.0
2025-09-16,4759,-140.0
2025-09-17,4615,-144.0
2025-09-18,4438,-177.0
2025-09-19,4232,-206.0
